{
    "animation": [
        {
            "name": "Root",
            "time": [0.0, 0.1667, 0.2667, 0.3667, 0.4667, 0.5167, 0.5667, 0.6667, 0.8667],
            "transform": [
                [-0.838195, -0.021541, -0.544944, -5e-06, -0.522207, 0.319813, 0.790581, 0.000946, 0.157251, 0.947236, -0.279315, 0.487991, 0.0, 0.0, 0.0, 1.0],
                [-0.77041, 0.0873, 0.631543, -5e-06, 0.624309, -0.097523, 0.775066, 0.500947, 0.129253, 0.991397, 0.020631, 0.556283, 0.0, 0.0, 0.0, 1.0],
                [-0.497823, 0.112535, 0.859946, -5e-06, 0.852223, -0.120478, 0.509118, 0.570947, 0.160898, 0.986317, -0.035929, 0.472383, 0.0, 0.0, 0.0, 1.0],
                [0.370815, 0.063004, 0.926567, -5e-06, 0.924972, -0.114437, -0.362396, 0.540504, 0.083201, 0.991431, -0.100712, 0.458035, 0.0, 0.0, 0.0, 1.0],
                [0.969826, 0.111935, 0.216581, -5e-06, 0.219334, -0.012751, -0.975566, 0.609066, -0.106438, 0.993634, -0.036917, 0.41845, 0.0, 0.0, 0.0, 1.0],
                [0.971578, 0.054257, -0.230417, -5e-06, -0.230355, -0.007479, -0.973078, 0.631919, -0.05452, 0.998499, 0.005232, 0.451848, 0.0, 0.0, 0.0, 1.0],
                [0.780273, 0.005415, -0.625415, -5e-06, -0.625368, 0.021772, -0.780026, 0.639537, 0.009393, 0.999748, 0.020375, 0.454774, 0.0, 0.0, 0.0, 1.0],
                [-0.105303, -0.078384, -0.991346, -5e-06, -0.966432, 0.242995, 0.083443, 1.287062, 0.234351, 0.966856, -0.101341, 0.569747, 0.0, 0.0, 0.0, 1.0],
                [-0.507625, -0.109837, -0.854548, -5e-06, -0.844766, 0.258431, 0.468597, 1.424185, 0.169372, 0.959765, -0.223973, 0.521654, 0.0, 0.0, 0.0, 1.0]
            ]
        },
        {
            "name": "Thigh_R",
            "time": [0.0, 0.1667, 0.2667, 0.3667, 0.4667, 0.5167, 0.5667, 0.6667, 0.8667],
            "transform": [
                [0.840123, 0.480883, 0.250885, 0.124994, 0.265316, -0.767782, 0.583195, -0.002831, 0.473074, -0.423392, -0.772617, -1.2e-05, 0.0, 0.0, 0.0, 1.0],
                [0.856709, 0.252086, 0.449999, 0.124994, 0.361471, -0.915783, -0.175154, -0.002831, 0.367948, 0.312718, -0.875682, -1.2e-05, 0.0, 0.0, 0.0, 1.0],
                [0.808737, 0.363557, 0.46235, 0.124994, 0.465547, -0.876086, -0.12544, -0.00283, 0.359455, 0.316694, -0.877777, -1.2e-05, 0.0, 0.0, 0.0, 1.0],
                [0.778805, 0.625825, -0.042438, 0.124994, 0.546911, -0.644356, 0.534499, -0.00283, 0.307159, -0.439482, -0.8441, -1.2e-05, 0.0, 0.0, 0.0, 1.0],
                [0.881209, 0.346155, -0.321935, 0.124994, 0.411301, -0.22574, 0.883101, -0.00283, 0.233017, -0.910612, -0.341299, -1.2e-05, 0.0, 0.0, 0.0, 1.0],
                [0.930808, -0.008805, -0.365395, 0.124994, 0.351233, -0.25505, 0.900877, -0.002831, -0.101127, -0.966886, -0.234311, -1.2e-05, 0.0, 0.0, 0.0, 1.0],
                [0.856617, -0.362128, -0.367513, 0.124994, 0.285682, -0.260241, 0.922311, -0.002831, -0.429637, -0.895061, -0.119474, -1.2e-05, 0.0, 0.0, 0.0, 1.0],
                [0.985628, 0.04113, -0.163831, 0.124994, 0.121385, -0.84694, 0.517644, -0.002831, -0.117464, -0.530093, -0.839762, -1.2e-05, 0.0, 0.0, 0.0, 1.0],
                [0.988862, 0.103484, -0.106947, 0.124994, 0.144192, -0.844023, 0.516558, -0.002831, -0.03681, -0.526227, -0.849545, -1.2e-05, 0.0, 0.0, 0.0, 1.0]
            ]
        },
        {
            "name": "Leg_R",
            "time": [0.0, 0.1667, 0.2667, 0.3667, 0.4667, 0.5167, 0.5667, 0.6667, 0.8667],
            "transform": [
                [0.975795, -0.145202, -0.16353, 0.0, 0.214173, 0.785723, 0.58032, 0.37472, 0.044225, -0.601297, 0.797802, 0.0, 0.0, 0.0, 0.0, 1.0],
                [0.98136, -0.178405, -0.071444, -0.0, 0.178255, 0.706091, 0.685319, 0.37472, -0.071818, -0.68528, 0.724731, -0.0, 0.0, 0.0, 0.0, 1.0],
                [0.975542, -0.192408, -0.106294, 0.0, 0.194716, 0.532012, 0.824046, 0.37472, -0.102003, -0.824588, 0.556465, 0.0, 0.0, 0.0, 0.0, 1.0],
                [0.99521, -0.068033, -0.070228, 0.0, 0.086175, 0.270928, 0.958736, 0.37472, -0.046199, -0.960194, 0.275492, 0.0, 0.0, 0.0, 0.0, 1.0],
                [0.990282, -0.138442, -0.013559, 0.0, 0.029485, 0.113648, 0.993084, 0.37472, -0.135944, -0.983828, 0.116625, -0.0, 0.0, 0.0, 0.0, 1.0],
                [0.979382, -0.188624, -0.072368, -0.0, 0.123936, 0.278053, 0.952538, 0.37472, -0.159549, -0.941864, 0.295697, -0.0, 0.0, 0.0, 0.0, 1.0],
                [0.961391, -0.247399, -0.120508, 0.0, 0.220067, 0.428263, 0.876449, 0.37472, -0.165223, -0.869129, 0.466173, -0.0, 0.0, 0.0, 0.0, 1.0],
                [0.994326, -0.094723, 0.048417, 0.0, 0.071157, 0.930552, 0.359185, 0.37472, -0.079078, -0.353703, 0.932009, -0.0, 0.0, 0.0, 0.0, 1.0],
                [0.993733, -0.0859, 0.071539, -0.0, 0.055182, 0.933485, 0.354347, 0.37472, -0.097219, -0.348179, 0.932373, 0.0, 0.0, 0.0, 0.0, 1.0]
            ]
        },
        {
            "name": "Knee_R",
            "time": [0.0, 0.1667, 0.2667, 0.3667, 0.4667, 0.5167, 0.5667, 0.6667, 0.8667],
            "transform": [
                [0.993772, -0.086368, -0.070414, 0.0, -0.039717, 0.315858, -0.947975, 0.37472, 0.104116, 0.944867, 0.31046, 0.0, 0.0, 0.0, 0.0, 1.0],
                [0.995155, -0.096558, -0.018523, -0.0, 0.018715, 0.370988, -0.928449, 0.37472, 0.096521, 0.923604, 0.370998, -0.0, 0.0, 0.0, 0.0, 1.0],
                [0.993479, -0.110269, -0.029, 0.0, 0.026538, 0.470995, -0.881736, 0.37472, 0.110887, 0.875217, 0.47085, 0.0, 0.0, 0.0, 0.0, 1.0],
                [0.998667, -0.045836, -0.023737, 0.0, 0.008654, 0.602033, -0.798424, 0.37472, 0.050887, 0.797155, 0.601627, 0.0, 0.0, 0.0, 0.0, 1.0],
                [0.997215, -0.07195, 0.019642, 0.0, 0.062476, 0.662002, -0.746894, 0.37472, 0.040736, 0.746041, 0.664653, -0.0, 0.0, 0.0, 0.0, 1.0],
                [0.994269, -0.106792, -0.004954, -0.0, 0.059505, 0.591315, -0.804242, 0.37472, 0.088816, 0.799338, 0.594281, -0.0, 0.0, 0.0, 0.0, 1.0],
                [0.989537, -0.142011, -0.025493, 0.0, 0.051942, 0.515478, -0.855327, 0.37472, 0.134606, 0.845054, 0.517461, -0.0, 0.0, 0.0, 0.0, 1.0],
                [0.998568, -0.045204, 0.028587, 0.0, 0.036322, 0.180808, -0.982847, 0.37472, 0.03926, 0.982479, 0.182191, -0.0, 0.0, 0.0, 0.0, 1.0],
                [0.998419, -0.03978, 0.039706, -0.0, 0.046183, 0.178022, -0.982942, 0.37472, 0.032032, 0.983222, 0.179577, 0.0, 0.0, 0.0, 0.0, 1.0]
            ]
        },
        {
            "name": "Thigh_L",
            "time": [0.0, 0.1667, 0.2667, 0.3667, 0.4667, 0.5167, 0.5667, 0.6667, 0.8667],
            "transform": [
                [0.860489, -0.365591, 0.354825, -0.125006, -0.487404, -0.79348, 0.364453, -0.002831, 0.148306, -0.486551, -0.860972, -1.2e-05, 0.0, 0.0, 0.0, 1.0],
                [0.919793, 0.038167, 0.39054, -0.125006, -0.318981, -0.506925, 0.800797, -0.002831, 0.228539, -0.861144, -0.454092, -1.2e-05, 0.0, 0.0, 0.0, 1.0],
                [0.918758, 0.114109, 0.377967, -0.125006, -0.325854, -0.321397, 0.889112, -0.00283, 0.222934, -0.940042, -0.258103, -1.2e-05, 0.0, 0.0, 0.0, 1.0],
                [0.781749, -0.438157, 0.443714, -0.125006, -0.601679, -0.716946, 0.352091, -0.00283, 0.163848, -0.542222, -0.824104, -1.2e-05, 0.0, 0.0, 0.0, 1.0],
                [0.968111, -0.20064, -0.150002, -0.125006, -0.243248, -0.896049, -0.371382, -0.002831, -0.059895, 0.396028, -0.916282, -1.2e-05, 0.0, 0.0, 0.0, 1.0],
                [0.977865, -0.024245, -0.207821, -0.125006, -0.111424, -0.901044, -0.41917, -0.002831, -0.177093, 0.433049, -0.883801, -1.2e-05, 0.0, 0.0, 0.0, 1.0],
                [0.954805, 0.154322, -0.254029, -0.125006, 0.016451, -0.88078, -0.473238, -0.002831, -0.296775, 0.447671, -0.843512, -1.2e-05, 0.0, 0.0, 0.0, 1.0],
                [0.970515, -0.207152, -0.123233, -0.125006, -0.202004, -0.977949, 0.053033, -0.002831, -0.131501, -0.026576, -0.990958, -1.2e-05, 0.0, 0.0, 0.0, 1.0],
                [0.924001, -0.323593, -0.203734, -0.125006, -0.33988, -0.939149, -0.049811, -0.002831, -0.175219, 0.11527, -0.977757, -1.2e-05, 0.0, 0.0, 0.0, 1.0]
            ]
        },
        {
            "name": "Leg_L",
            "time": [0.0, 0.1667, 0.2667, 0.3667, 0.4667, 0.5167, 0.5667, 0.6667, 0.8667],
            "transform": [
                [0.999169, -0.010182, 0.039442, -0.0, -0.039219, 0.02117, 0.999005, 0.37472, -0.011007, -0.999723, 0.020753, 0.0, 0.0, 0.0, 0.0, 1.0],
                [0.998822, 0.042201, 0.023897, -0.0, -0.039303, 0.415685, 0.908659, 0.37472, 0.028413, -0.908529, 0.416855, -0.0, 0.0, 0.0, 0.0, 1.0],
                [0.998737, 0.026826, 0.042476, 0.0, -0.048568, 0.299452, 0.952876, 0.37472, 0.012842, -0.953736, 0.300377, 0.0, 0.0, 0.0, 0.0, 1.0],
                [0.984707, -0.157248, 0.075006, 0.0, -0.014095, 0.357212, 0.933918, 0.37472, -0.173649, -0.920693, 0.349533, 0.0, 0.0, 0.0, 0.0, 1.0],
                [0.984769, -0.131543, 0.113685, -0.0, 0.008592, 0.689905, 0.723849, 0.37472, -0.173649, -0.711849, 0.680528, 0.0, 0.0, 0.0, 0.0, 1.0],
                [0.997847, -0.028313, 0.059132, 0.0, -0.0174, 0.755229, 0.65523, 0.37472, -0.063209, -0.654851, 0.753111, 0.0, 0.0, 0.0, 0.0, 1.0],
                [0.996119, 0.086051, -0.018395, -0.0, -0.059244, 0.810405, 0.582867, 0.37472, 0.065063, -0.579518, 0.812358, -0.0, 0.0, 0.0, 0.0, 1.0],
                [0.999498, -0.007047, 0.030848, -0.0, -0.026791, 0.330277, 0.9435, 0.37472, -0.016838, -0.943857, 0.329924, -0.0, 0.0, 0.0, 0.0, 1.0],
                [0.997881, -0.037197, 0.053361, -0.0, -0.035284, 0.379629, 0.924464, 0.37472, -0.054644, -0.92439, 0.377513, -0.0, 0.0, 0.0, 0.0, 1.0]
            ]
        },
        {
            "name": "Knee_L",
            "time": [0.0, 0.1667, 0.2667, 0.3667, 0.4667, 0.5167, 0.5667, 0.6667, 0.8667],
            "transform": [
                [0.999758, 0.00296, 0.021801, -0.0, 0.013507, 0.699614, -0.714393, 0.37472, -0.017367, 0.714515, 0.699404, 0.0, 0.0, 0.0, 0.0, 1.0],
                [0.99968, 0.024613, 0.005758, -0.0, -0.008446, 0.539956, -0.84165, 0.37472, -0.023825, 0.841333, 0.539992, -0.0, 0.0, 0.0, 0.0, 1.0],
                [0.999651, 0.020377, 0.016847, 0.0, 0.001532, 0.591498, -0.806305, 0.37472, -0.026395, 0.806049, 0.59126, 0.0, 0.0, 0.0, 0.0, 1.0],
                [0.995799, -0.06716, 0.062234, 0.0, 0.089329, 0.56342, -0.821327, 0.37472, 0.020097, 0.823436, 0.567053, 0.0, 0.0, 0.0, 0.0, 1.0],
                [0.996026, -0.054296, 0.070606, -0.0, 0.086256, 0.390334, -0.916624, 0.37472, 0.022209, 0.919071, 0.393466, 0.0, 0.0, 0.0, 0.0, 1.0],
                [0.999444, -0.008816, 0.03214, 0.0, 0.033193, 0.349777, -0.936245, 0.37472, -0.002988, 0.936792, 0.349875, 0.0, 0.0, 0.0, 0.0, 1.0],
                [0.999006, 0.041624, -0.015958, -0.0, -0.027917, 0.305087, -0.951915, 0.37472, -0.034754, 0.951414, 0.305945, -0.0, 0.0, 0.0, 0.0, 1.0],
                [0.999862, 0.001395, 0.016548, -0.0, 0.012688, 0.578689, -0.815448, 0.37472, -0.010713, 0.815547, 0.578593, -0.0, 0.0, 0.0, 0.0, 1.0],
                [0.999421, -0.010477, 0.032358, -0.0, 0.032708, 0.556933, -0.829913, 0.37472, -0.009326, 0.830491, 0.556954, -0.0, 0.0, 0.0, 0.0, 1.0]
            ]
        },
        {
            "name": "Torso",
            "time": [0.0, 0.1667, 0.2667, 0.3667, 0.4667, 0.5167, 0.5667, 0.6667, 0.8667],
            "transform": [
                [0.98488, -0.157641, -0.071832, 0.0, 0.145334, 0.97754, -0.15262, 0.05, 0.094278, 0.139873, 0.985671, 0.0, 0.0, 0.0, 0.0, 1.0],
                [0.9976, 0.030989, 0.061922, 0.0, -0.028919, 0.999001, -0.034051, 0.05, -0.062915, 0.032178, 0.9975, 0.0, 0.0, 0.0, 0.0, 1.0],
                [0.996737, -0.008266, 0.080296, 0.0, 0.01365, 0.997677, -0.066742, 0.05, -0.079558, 0.06762, 0.994534, 0.0, 0.0, 0.0, 0.0, 1.0],
                [0.989314, 0.143443, 0.026132, -0.0, -0.145657, 0.980345, 0.133068, 0.05, -0.006531, -0.135453, 0.990763, 0.0, 0.0, 0.0, 0.0, 1.0],
                [0.955759, 0.293122, -0.024578, 0.0, -0.231887, 0.802224, 0.55015, 0.05, 0.180978, -0.520111, 0.834704, 0.0, 0.0, 0.0, 0.0, 1.0],
                [0.996252, 0.086291, -0.006009, 0.0, -0.082692, 0.970481, 0.226559, 0.05, 0.025382, -0.225213, 0.973979, 0.0, 0.0, 0.0, 0.0, 1.0],
                [0.990771, -0.10611, 0.084347, 0.0, 0.115524, 0.986517, -0.115919, 0.05, -0.07091, 0.124593, 0.989671, 0.0, 0.0, 0.0, 0.0, 1.0],
                [0.99774, 0.061882, -0.02618, -0.0, -0.064261, 0.992634, -0.102707, 0.05, 0.019631, 0.104157, 0.994367, -0.0, 0.0, 0.0, 0.0, 1.0],
                [0.981528, 0.181011, -0.061954, -0.0, -0.177905, 0.982647, 0.052477, 0.05, 0.070378, -0.040485, 0.996698, -0.0, 0.0, 0.0, 0.0, 1.0]
            ]
        },
        {
            "name": "Chest",
            "time": [0.0, 0.1667, 0.2667, 0.3667, 0.4667, 0.5167, 0.5667, 0.6667, 0.8667],
            "transform": [
                [0.667074, -0.11173, -0.736566, -0.0, 0.554913, 0.734195, 0.391189, 0.3, 0.497076, -0.669682, 0.551763, -0.0, 0.0, 0.0, 0.0, 1.0],
                [0.951642, -0.251302, 0.176702, 0.0, 0.17976, 0.92195, 0.343068, 0.3, -0.249124, -0.294714, 0.92254, -0.0, 0.0, 0.0, 0.0, 1.0],
                [0.82835, -0.088899, 0.553112, -0.0, -0.141323, 0.922236, 0.359873, 0.3, -0.542092, -0.376268, 0.751371, -0.0, 0.0, 0.0, 0.0, 1.0],
                [0.644062, -0.087028, 0.760006, -0.0, -0.16609, 0.9539, 0.249982, 0.3, -0.746725, -0.287233, 0.599916, 0.0, 0.0, 0.0, 0.0, 1.0],
                [0.737439, -0.143598, 0.659971, -0.0, -0.056308, 0.960666, 0.271941, 0.3, -0.673062, -0.237702, 0.700347, 0.0, 0.0, 0.0, 0.0, 1.0],
                [0.981615, -0.165312, -0.095415, -0.0, 0.183207, 0.956263, 0.228027, 0.3, 0.053547, -0.241316, 0.968968, 0.0, 0.0, 0.0, 0.0, 1.0],
                [0.527368, -0.176813, -0.831035, 0.0, 0.315718, 0.948853, -0.001528, 0.3, 0.7888, -0.261567, 0.556218, -0.0, 0.0, 0.0, 0.0, 1.0],
                [0.580093, 0.112858, -0.806694, -0.0, 0.05536, 0.982603, 0.177278, 0.3, 0.812667, -0.147496, 0.563753, -0.0, 0.0, 0.0, 0.0, 1.0],
                [0.395062, 0.007801, -0.918621, 0.0, 0.171739, 0.981708, 0.082194, 0.3, 0.902459, -0.190235, 0.386496, 0.0, 0.0, 0.0, 0.0, 1.0]
            ]
        },
        {
            "name": "Head",
            "time": [0.0, 0.1667, 0.2667, 0.65, 0.6667, 0.8667],
            "transform": [
                [0.3084, -0.101569, 0.945819, 0.0, -0.030662, 0.992705, 0.116602, 0.400001, -0.950762, -0.06496, 0.303037, -0.0, 0.0, 0.0, 0.0, 1.0],
                [-0.111707, 0.423838, -0.898823, -0.0, -0.31479, 0.842812, 0.436549, 0.400001, 0.942565, 0.331706, 0.039272, 0.0, 0.0, 0.0, 0.0, 1.0],
                [-0.77568, 0.042018, -0.629726, 0.0, -0.198348, 0.930995, 0.30644, 0.4, 0.599148, 0.362604, -0.71382, 0.0, 0.0, 0.0, 0.0, 1.0],
                [0.406072, -0.09615, 0.908769, -0.0, -0.075416, 0.987531, 0.138182, 0.4, -0.910724, -0.124647, 0.393758, 0.0, 0.0, 0.0, 0.0, 1.0],
                [0.188353, -0.165764, 0.968011, 0.0, -0.049812, 0.982771, 0.177984, 0.400001, -0.980838, -0.081742, 0.17685, 0.0, 0.0, 0.0, 0.0, 1.0],
                [-0.455891, -0.112195, 0.882936, 0.0, 0.046902, 0.987616, 0.149714, 0.400001, -0.888799, 0.109665, -0.444984, -0.0, 0.0, 0.0, 0.0, 1.0]
            ]
        },
        {
            "name": "Shoulder_R",
            "time": [0.0, 0.1667, 0.2667, 0.3667, 0.4667, 0.5167, 0.5667, 0.6667, 0.8667],
            "transform": [
                [0.090598, 0.936544, 0.33864, 0.0, -0.202978, -0.315536, 0.92695, 0.400001, 0.974983, -0.152716, 0.161511, -0.0, 0.0, 0.0, 0.0, 1.0],
                [0.475804, 0.860084, 0.184029, -0.0, -0.155437, -0.123713, 0.980068, 0.400001, 0.865708, -0.494925, 0.074826, 0.0, 0.0, 0.0, 0.0, 1.0],
                [-0.04291, 0.960226, 0.275904, 0.0, -0.03449, -0.277417, 0.960129, 0.4, 0.998484, 0.031683, 0.045022, 0.0, 0.0, 0.0, 0.0, 1.0],
                [0.4604, 0.83964, 0.28816, -0.0, -0.207292, -0.213948, 0.954597, 0.4, 0.86317, -0.49923, 0.075549, -0.0, 0.0, 0.0, 0.0, 1.0],
                [0.457826, 0.851302, 0.256279, 0.0, -0.215484, -0.173413, 0.960985, 0.400001, 0.862533, -0.495188, 0.104049, 0.0, 0.0, 0.0, 0.0, 1.0],
                [0.483737, 0.868513, 0.108085, -0.0, -0.12651, -0.05281, 0.990557, 0.4, 0.866022, -0.492843, 0.084329, -0.0, 0.0, 0.0, 0.0, 1.0],
                [0.208599, 0.974013, 0.088232, -0.0, -0.042623, -0.081077, 0.995795, 0.4, 0.977072, -0.211483, 0.024603, -0.0, 0.0, 0.0, 0.0, 1.0],
                [-0.032313, 0.995741, 0.086343, 0.0, -0.017494, -0.086939, 0.996059, 0.400001, 0.999325, 0.030675, 0.020229, 0.0, 0.0, 0.0, 0.0, 1.0],
                [-0.009442, 0.996169, 0.086934, 0.0, -0.007317, -0.087004, 0.99618, 0.400001, 0.999928, 0.00877, 0.008111, -0.0, 0.0, 0.0, 0.0, 1.0]
            ]
        },
        {
            "name": "Arm_R",
            "time": [0.0, 0.1667, 0.2667, 0.3667, 0.4667, 0.5167, 0.5667, 0.6667, 0.8667],
            "transform": [
                [-0.036987, -0.506107, -0.861676, -0.0, -0.317418, 0.823561, -0.470096, 0.388213, 0.947563, 0.256124, -0.191108, 0.0, 0.0, 0.0, 0.0, 1.0],
                [0.004963, -0.709202, -0.704986, -0.0, 0.212491, 0.689642, -0.692271, 0.388213, 0.97715, -0.146367, 0.154122, 1e-06, 0.0, 0.0, 0.0, 1.0],
                [0.099211, -0.17152, -0.980172, -0.0, 0.066315, 0.98398, -0.165475, 0.388213, 0.992853, -0.048583, 0.108996, 1e-06, 0.0, 0.0, 0.0, 1.0],
                [-0.409635, -0.514439, -0.753359, -0.0, -0.05689, 0.838623, -0.54173, 0.388213, 0.910473, -0.179053, -0.372797, 1e-06, 0.0, 0.0, 0.0, 1.0],
                [-0.332541, -0.818059, -0.469247, -0.0, -0.791609, 0.512571, -0.3326, 0.388213, 0.51261, 0.260857, -0.818036, 1e-06, 0.0, 0.0, 0.0, 1.0],
                [0.097426, -0.852324, -0.513856, 0.0, -0.710343, 0.302079, -0.635735, 0.388213, 0.697079, 0.42695, -0.576014, 1e-06, 0.0, 0.0, 0.0, 1.0],
                [0.121231, -0.366739, -0.922391, 0.0, -0.172965, 0.907222, -0.383442, 0.388213, 0.977437, 0.206026, 0.046551, 0.0, 0.0, 0.0, 0.0, 1.0],
                [0.448747, -0.448336, -0.773059, -0.0, 0.045149, 0.875317, -0.481434, 0.388213, 0.892516, 0.181139, 0.413039, 0.0, 0.0, 0.0, 0.0, 1.0],
                [0.391727, -0.866513, -0.309358, 0.0, 0.644856, 0.498393, -0.579451, 0.388213, 0.656284, 0.027496, 0.754012, 1e-06, 0.0, 0.0, 0.0, 1.0]
            ]
        },
        {
            "name": "Hand_R",
            "time": [0.0, 0.1667, 0.2667, 0.3667, 0.4667, 0.5167, 0.5667, 0.6667, 0.8667],
            "transform": [
                [0.981811, -0.189837, 0.003104, 0.0, 0.176106, 0.904445, -0.388546, 0.329779, 0.070953, 0.382025, 0.921425, -0.0, 0.0, 0.0, 0.0, 1.0],
                [0.979364, -0.170712, 0.10819, 0.0, 0.191126, 0.608217, -0.770419, 0.329779, 0.065717, 0.775197, 0.628293, 0.0, 0.0, 0.0, 0.0, 1.0],
                [0.999956, 0.001323, -0.009417, -0.0, -0.008735, 0.519098, -0.854672, 0.329779, 0.003758, 0.854714, 0.519085, 0.0, 0.0, 0.0, 0.0, 1.0],
                [0.987588, 0.130891, -0.086834, -0.0, -0.154389, 0.910692, -0.383155, 0.329779, 0.028927, 0.391804, 0.919594, -0.0, 0.0, 0.0, 0.0, 1.0],
                [0.975937, -0.211233, 0.054147, -0.0, 0.19431, 0.72969, -0.655592, 0.329779, 0.098972, 0.650336, 0.753173, 0.0, 0.0, 0.0, 0.0, 1.0],
                [0.990163, -0.117564, 0.075893, -0.0, 0.131423, 0.595069, -0.792859, 0.329779, 0.04805, 0.795031, 0.604664, -0.0, 0.0, 0.0, 0.0, 1.0],
                [0.99803, -0.040295, 0.048125, -0.0, 0.062763, 0.649479, -0.757788, 0.329779, -0.000721, 0.759312, 0.650726, 0.0, 0.0, 0.0, 0.0, 1.0],
                [0.992732, -0.116639, -0.029707, 0.0, 0.09601, 0.91623, -0.388986, 0.329779, 0.072589, 0.383305, 0.920765, 0.0, 0.0, 0.0, 0.0, 1.0],
                [0.99284, 0.11831, -0.016547, -0.0, -0.119458, 0.982299, -0.144295, 0.329779, -0.000818, 0.145238, 0.989397, 0.0, 0.0, 0.0, 0.0, 1.0]
            ]
        },
        {
            "name": "Tool_R",
            "time": [0.0, 0.1667, 0.2667, 0.3667, 0.4667, 0.5167, 0.5667, 0.6667, 0.8667],
            "transform": [
                [0.987625, 0.081241, -0.134154, -0.02, 0.109854, -0.968834, 0.222024, 0.456776, -0.111935, -0.234013, -0.965769, 0.384875, 0.0, 0.0, 0.0, 1.0],
                [0.994174, -0.105075, 0.024043, -0.02, -0.090854, -0.936883, -0.337634, 0.309635, 0.058003, 0.333482, -0.940971, 0.319446, 0.0, 0.0, 0.0, 1.0],
                [0.995981, -0.087427, 0.019463, -0.02, -0.084841, -0.990538, -0.107877, 0.279596, 0.02871, 0.105792, -0.993974, 0.470881, 0.0, 0.0, 0.0, 1.0],
                [0.99182, -0.119843, -0.043951, -0.02, -0.126947, -0.890033, -0.437867, 0.337942, 0.013357, 0.439865, -0.897966, 0.380651, 0.0, 0.0, 0.0, 1.0],
                [0.97515, -0.175106, -0.135722, 0.020717, -0.188636, -0.977524, -0.094149, 0.388069, -0.116186, 0.117412, -0.986265, 0.729925, 0.0, 0.0, 0.0, 1.0],
                [0.960686, -0.056955, -0.271733, -0.02, -0.156483, -0.919542, -0.360495, 0.352619, -0.229338, 0.388844, -0.892304, 0.514134, 0.0, 0.0, 0.0, 1.0],
                [0.927873, 0.005756, -0.372853, 0.05457, -0.028834, -0.99578, -0.087128, 0.313068, -0.371781, 0.091594, -0.923792, 0.690548, 0.0, 0.0, 0.0, 1.0],
                [0.999663, 0.000768, -0.025991, -0.02, 0.005747, -0.981367, 0.192057, 0.156899, -0.02536, -0.192142, -0.98104, 0.363523, 0.0, 0.0, 0.0, 1.0],
                [0.999133, -0.002956, -0.041537, -0.02, -0.024952, -0.841082, -0.540332, 0.277721, -0.033338, 0.5409, -0.840426, 0.128789, 0.0, 0.0, 0.0, 1.0]
            ]
        },
        {
            "name": "Elbow_R",
            "time": [0.0, 0.1667, 0.2667, 0.3667, 0.4667, 0.5167, 0.5667, 0.6667, 0.8667],
            "transform": [
                [-1.0, 0.0, -1e-06, 0.0, 1e-06, 0.354144, -0.935192, 0.329779, -0.0, -0.935192, -0.354143, -0.0, 0.0, 0.0, 0.0, 1.0],
                [-1.000001, 0.0, -0.0, 0.0, 1e-06, 0.430318, -0.902679, 0.329779, 0.0, -0.902678, -0.430318, 0.0, 0.0, 0.0, 0.0, 1.0],
                [-1.000001, -0.0, -0.0, -0.0, 0.0, 0.490364, -0.87152, 0.329779, 0.0, -0.871519, -0.490363, 0.0, 0.0, 0.0, 0.0, 1.0],
                [-1.000001, 0.0, -1e-06, -0.0, 1e-06, 0.200027, -0.979792, 0.329779, 0.0, -0.979792, -0.200027, -0.0, 0.0, 0.0, 0.0, 1.0],
                [-1.000001, -0.0, -1e-06, -0.0, 0.0, 0.348649, -0.937256, 0.329779, 0.0, -0.937255, -0.348649, 0.0, 0.0, 0.0, 0.0, 1.0],
                [-1.000002, -0.0, -0.0, -0.0, 1e-06, 0.444207, -0.895927, 0.329779, -0.0, -0.895926, -0.444206, -0.0, 0.0, 0.0, 0.0, 1.0],
                [-1.000002, -0.0, -0.0, -0.0, 0.0, 0.417897, -0.908497, 0.329779, 0.0, -0.908495, -0.417896, 0.0, 0.0, 0.0, 0.0, 1.0],
                [-1.000002, -0.0, -1e-06, 0.0, 0.0, 0.195959, -0.980615, 0.329779, 0.0, -0.980613, -0.195959, 0.0, 0.0, 0.0, 0.0, 1.0],
                [-1.000001, -0.0, -0.0, -0.0, 0.0, 0.072812, -0.997347, 0.329779, 0.0, -0.997346, -0.072812, 0.0, 0.0, 0.0, 0.0, 1.0]
            ]
        },
        {
            "name": "Shoulder_L",
            "time": [0.0, 0.1667, 0.2667, 0.3667, 0.4667, 0.5167, 0.5667, 0.6667, 0.8667],
            "transform": [
                [0.221801, -0.872864, -0.43464, 0.0, 0.138652, -0.412981, 0.900123, 0.400001, -0.965184, -0.259912, 0.029425, -0.0, 0.0, 0.0, 0.0, 1.0],
                [0.155461, -0.877786, -0.453125, -0.0, 0.292995, -0.397088, 0.869756, 0.400001, -0.94339, -0.267977, 0.195455, 0.0, 0.0, 0.0, 0.0, 1.0],
                [0.408423, -0.854406, -0.321217, 0.0, 0.353328, -0.176491, 0.9187, 0.4, -0.841635, -0.488713, 0.229802, 0.0, 0.0, 0.0, 0.0, 1.0],
                [0.446884, -0.854991, -0.263221, -0.0, -0.238873, -0.397597, 0.885921, 0.4, -0.86211, -0.333027, -0.381914, -0.0, 0.0, 0.0, 0.0, 1.0],
                [0.359692, -0.927829, -0.098769, 0.0, -0.753191, -0.351199, 0.556204, 0.400001, -0.550749, -0.12567, -0.825156, 0.0, 0.0, 0.0, 0.0, 1.0],
                [0.081015, -0.908596, -0.409744, -0.0, -0.32666, -0.412594, 0.850329, 0.4, -0.941663, 0.064958, -0.330229, -0.0, 0.0, 0.0, 0.0, 1.0],
                [0.249417, -0.73913, -0.625682, -0.0, 0.656838, -0.345639, 0.670147, 0.4, -0.711586, -0.578118, 0.399281, -0.0, 0.0, 0.0, 0.0, 1.0],
                [0.545847, -0.835326, 0.065431, 0.0, -0.419518, -0.204867, 0.884327, 0.400001, -0.725297, -0.510157, -0.462261, 0.0, 0.0, 0.0, 0.0, 1.0],
                [0.547885, -0.834975, 0.051369, 0.0, -0.346178, -0.170394, 0.922565, 0.400001, -0.761566, -0.523242, -0.382406, -0.0, 0.0, 0.0, 0.0, 1.0]
            ]
        },
        {
            "name": "Arm_L",
            "time": [0.0, 0.1667, 0.2667, 0.3667, 0.4667, 0.5167, 0.5667, 0.6667, 0.8667],
            "transform": [
                [0.427895, 0.903826, -0.001982, 0.0, -0.798707, 0.377101, -0.468894, 0.388212, -0.423051, 0.20222, 0.883253, 1e-06, 0.0, 0.0, 0.0, 1.0],
                [0.939647, 0.151068, -0.306988, -0.0, -0.342131, 0.42297, -0.839072, 0.388212, 0.00309, 0.893462, 0.449128, 1e-06, 0.0, 0.0, 0.0, 1.0],
                [0.464052, 0.878162, 0.11613, 0.0, -0.634231, 0.420912, -0.648524, 0.388212, -0.61839, 0.227296, 0.752283, 1e-06, 0.0, 0.0, 0.0, 1.0],
                [0.571307, 0.814024, 0.104751, -0.0, -0.756114, 0.57166, -0.318585, 0.388212, -0.319218, 0.102806, 0.942088, 1e-06, 0.0, 0.0, 0.0, 1.0],
                [0.750471, 0.470801, 0.463831, 0.0, -0.463077, 0.875315, -0.139219, 0.388212, -0.471544, -0.110309, 0.874916, 1e-06, 0.0, 0.0, 0.0, 1.0],
                [0.838307, 0.280792, 0.467331, -0.0, -0.454037, 0.834078, 0.31331, 0.388212, -0.301816, -0.474835, 0.826703, 1e-06, 0.0, 0.0, 0.0, 1.0],
                [0.91067, 0.406977, 0.071063, -0.0, -0.333075, 0.825017, -0.456517, 0.388212, -0.244421, 0.392066, 0.886872, 1e-06, 0.0, 0.0, 0.0, 1.0],
                [0.484881, 0.840034, -0.243374, -0.0, -0.7134, 0.218925, -0.665682, 0.388212, -0.505916, 0.496399, 0.705433, 1e-06, 0.0, 0.0, 0.0, 1.0],
                [0.202442, 0.972581, 0.114461, 0.0, 0.194427, 0.074637, -0.978073, 0.388212, -0.959799, 0.220257, -0.173986, 1e-06, 0.0, 0.0, 0.0, 1.0]
            ]
        },
        {
            "name": "Hand_L",
            "time": [0.0, 0.1667, 0.2667, 0.3667, 0.4667, 0.5167, 0.5667, 0.6667, 0.8667],
            "transform": [
                [0.99721, 0.073828, 0.01115, -0.0, -0.071995, 0.990343, -0.118487, 0.329779, -0.01979, 0.117353, 0.992893, -0.0, 0.0, 0.0, 0.0, 1.0],
                [0.918079, 0.394712, -0.036526, -0.0, -0.349025, 0.761239, -0.546532, 0.329779, -0.187918, 0.514508, 0.836642, 0.0, 0.0, 0.0, 0.0, 1.0],
                [0.989943, 0.141106, 0.010153, -0.0, -0.126672, 0.916064, -0.380502, 0.329779, -0.062992, 0.375389, 0.924725, 0.0, 0.0, 0.0, 0.0, 1.0],
                [0.997065, 0.072865, -0.023489, 0.0, -0.072382, 0.797273, -0.599265, 0.329779, -0.024938, 0.599206, 0.800206, 0.0, 0.0, 0.0, 0.0, 1.0],
                [0.999945, 0.010423, 0.000217, 0.0, -0.009683, 0.93618, -0.351389, 0.329779, -0.003866, 0.351368, 0.93623, -0.0, 0.0, 0.0, 0.0, 1.0],
                [0.986494, 0.148408, -0.069307, 0.0, -0.163485, 0.918115, -0.361022, 0.329779, 0.010053, 0.367477, 0.929979, -0.0, 0.0, 0.0, 0.0, 1.0],
                [0.949329, 0.281689, -0.139372, 0.0, -0.313571, 0.878783, -0.359741, 0.329779, 0.021142, 0.385216, 0.922585, -0.0, 0.0, 0.0, 0.0, 1.0],
                [0.996462, -0.033292, -0.077169, 0.0, -0.001785, 0.909605, -0.415471, 0.329779, 0.084025, 0.414137, 0.906328, 0.0, 0.0, 0.0, 0.0, 1.0],
                [0.996521, -0.024058, -0.079794, 0.0, 0.000199, 0.958114, -0.286387, 0.329779, 0.083342, 0.285375, 0.954787, -0.0, 0.0, 0.0, 0.0, 1.0]
            ]
        },
        {
            "name": "Tool_L",
            "time": [0.0, 0.1667, 0.2667, 0.3667, 0.4667, 0.5167, 0.5667, 0.6667, 0.8667],
            "transform": [
                [1.0, 0.0, 0.0, 0.02, 0.0, -1.0, -0.0, 0.291426, 0.0, -0.0, -1.0, -0.0, 0.0, 0.0, 0.0, 1.0],
                [1.0, 0.0, 0.0, 0.02, 0.0, -1.0, -0.0, 0.291426, 0.0, 0.0, -1.0, -0.0, 0.0, 0.0, 0.0, 1.0],
                [1.0, 0.0, 0.0, 0.02, 0.0, -1.0, 0.0, 0.291426, 0.0, 0.0, -1.0, -0.0, 0.0, 0.0, 0.0, 1.0],
                [1.0, 0.0, 0.0, 0.02, 0.0, -1.0, -0.0, 0.291426, 0.0, -0.0, -1.0, -0.0, 0.0, 0.0, 0.0, 1.0],
                [1.0, 0.0, 0.0, 0.02, 0.0, -0.999999, 0.0, 0.291426, 0.0, 0.0, -1.000001, -0.0, 0.0, 0.0, 0.0, 1.0],
                [1.0, 0.0, 0.0, 0.02, 0.0, -1.0, -0.0, 0.291426, 1e-06, -0.0, -1.0, 0.0, 0.0, 0.0, 0.0, 1.0],
                [1.0, 0.0, 0.0, 0.02, 0.0, -1.0, 0.0, 0.291426, 0.0, -0.0, -1.0, 0.0, 0.0, 0.0, 0.0, 1.0],
                [1.0, 0.0, 0.0, 0.02, 0.0, -1.000001, -0.0, 0.291426, 0.0, -0.0, -1.0, -0.0, 0.0, 0.0, 0.0, 1.0],
                [1.0, 0.0, 0.0, 0.02, 0.0, -1.000001, 0.0, 0.291426, 0.0, -0.0, -1.0, -0.0, 0.0, 0.0, 0.0, 1.0]
            ]
        },
        {
            "name": "Elbow_L",
            "time": [0.0, 0.1667, 0.2667, 0.3667, 0.4667, 0.5167, 0.5667, 0.6667, 0.8667],
            "transform": [
                [-1.0, -0.0, -0.0, -0.0, 0.0, 0.058789, -0.99827, 0.329779, 0.0, -0.99827, -0.05879, -0.0, 0.0, 0.0, 0.0, 1.0],
                [-1.0, 0.0, -0.0, -0.0, 0.0, 0.272198, -0.962242, 0.329779, 0.0, -0.962242, -0.272198, 0.0, 0.0, 0.0, 0.0, 1.0],
                [-1.0, -0.0, -0.0, -0.0, 0.0, 0.191619, -0.98147, 0.329779, 0.0, -0.98147, -0.191619, 0.0, 0.0, 0.0, 0.0, 1.0],
                [-1.0, -0.0, -0.0, 0.0, 0.0, 0.315868, -0.948804, 0.329779, 0.0, -0.948804, -0.315868, 0.0, 0.0, 0.0, 0.0, 1.0],
                [-1.0, -0.0, -0.0, 0.0, 0.0, 0.178554, -0.98393, 0.329779, 0.0, -0.98393, -0.178554, -0.0, 0.0, 0.0, 0.0, 1.0],
                [-1.0, -0.0, -0.0, 0.0, 0.0, 0.187049, -0.982351, 0.329779, 0.0, -0.982351, -0.187049, -0.0, 0.0, 0.0, 0.0, 1.0],
                [-1.0, 0.0, -0.0, 0.0, 0.0, 0.19648, -0.980508, 0.329779, -0.0, -0.980508, -0.19648, -0.0, 0.0, 0.0, 0.0, 1.0],
                [-1.0, 0.0, -0.0, 0.0, 0.0, 0.212669, -0.977125, 0.329779, 0.0, -0.977125, -0.212669, 0.0, 0.0, 0.0, 0.0, 1.0],
                [-1.0, 0.0, -0.0, 0.0, 0.0, 0.144708, -0.989474, 0.329779, 0.0, -0.989475, -0.144708, -0.0, 0.0, 0.0, 0.0, 1.0]
            ]
        }
    ]
}