{
    "animation": [
        {
            "name": "Root",
            "time": [0.0, 0.1, 0.2, 0.4, 0.5, 0.55, 0.6, 0.8],
            "transform": [
                [-0.939104, 0.151842, 0.308266, -5e-06, 0.342272, 0.333563, 0.878399, 0.000946, 0.030551, 0.930419, -0.365222, 0.442643, 0.0, 0.0, 0.0, 1.0],
                [-0.921196, 0.143169, -0.361803, -5e-06, -0.30548, 0.309812, 0.900388, 0.730946, 0.240998, 0.939957, -0.241662, 0.407602, 0.0, 0.0, 0.0, 1.0],
                [-0.406127, -0.161756, -0.899386, -5e-06, -0.897908, 0.253488, 0.359869, 0.660946, 0.169773, 0.953718, -0.248191, 0.465443, 0.0, 0.0, 0.0, 1.0],
                [0.305882, -0.204767, -0.929788, -5e-06, -0.94385, 0.062828, -0.324345, 1.200946, 0.124832, 0.976792, -0.174051, 0.462576, 0.0, 0.0, 0.0, 1.0],
                [0.96539, -0.174586, -0.193755, -5e-06, -0.215613, -0.11627, -0.969532, 1.240947, 0.146739, 0.977753, -0.149889, 0.524696, 0.0, 0.0, 0.0, 1.0],
                [0.95959, -0.030465, 0.279749, -5e-06, 0.281395, 0.096679, -0.954709, 1.300946, 0.002039, 0.994849, 0.101344, 0.502699, 0.0, 0.0, 0.0, 1.0],
                [-0.142981, -0.087649, 0.985837, -5e-06, 0.989718, -0.008928, 0.14275, 1.450946, -0.003711, 0.996111, 0.088024, 0.3886, 0.0, 0.0, 0.0, 1.0],
                [0.359503, -0.073248, 0.930265, -5e-06, 0.92074, 0.189852, -0.340873, 1.450946, -0.151644, 0.979077, 0.135695, 0.448954, 0.0, 0.0, 0.0, 1.0]
            ]
        },
        {
            "name": "Thigh_R",
            "time": [0.0, 0.1, 0.2, 0.4, 0.5, 0.55, 0.6, 0.8],
            "transform": [
                [0.820732, 0.565464, -0.081528, 0.124994, 0.565464, -0.783654, 0.257165, -0.00283, 0.081528, -0.257165, -0.96292, -1.2e-05, 0.0, 0.0, 0.0, 1.0],
                [0.925253, 0.370009, 0.083643, 0.124994, 0.220809, -0.704606, 0.674367, -0.00283, 0.308457, -0.605492, -0.733641, -1.2e-05, 0.0, 0.0, 0.0, 1.0],
                [0.986899, 0.120932, -0.106802, 0.124994, 0.160871, -0.686999, 0.708627, -0.00283, 0.012323, -0.716524, -0.697453, -1.2e-05, 0.0, 0.0, 0.0, 1.0],
                [0.969687, -0.243571, -0.019515, 0.124994, -0.146993, -0.645265, 0.749684, -0.00283, -0.195194, -0.724091, -0.661508, -1.2e-05, 0.0, 0.0, 0.0, 1.0],
                [0.997521, -0.016314, -0.068466, 0.124994, 0.041333, -0.651566, 0.757465, -0.002831, -0.056967, -0.758417, -0.649276, -1.2e-05, 0.0, 0.0, 0.0, 1.0],
                [0.930298, 0.315853, -0.1865, 0.124994, 0.289641, -0.32058, 0.901852, -0.002831, 0.225064, -0.893009, -0.389719, -1.2e-05, 0.0, 0.0, 0.0, 1.0],
                [0.743677, 0.583829, 0.325716, 0.124994, 0.499379, -0.809038, 0.30997, -0.002831, 0.444485, -0.067862, -0.893213, -1.2e-05, 0.0, 0.0, 0.0, 1.0],
                [0.629267, 0.776756, 0.025942, 0.124994, 0.556643, -0.47374, 0.682437, -0.002831, 0.542377, -0.414994, -0.730484, -1.2e-05, 0.0, 0.0, 0.0, 1.0]
            ]
        },
        {
            "name": "Leg_R",
            "time": [0.0, 0.1, 0.2, 0.4, 0.5, 0.55, 0.6, 0.8],
            "transform": [
                [0.999964, -0.001481, -0.008596, -0.0, 0.008722, 0.169551, 0.985485, 0.37472, -2e-06, -0.985523, 0.169557, -0.0, 0.0, 0.0, 0.0, 1.0],
                [0.992208, 0.030505, -0.120816, 0.0, 0.048306, 0.799587, 0.598608, 0.37472, 0.114863, -0.599779, 0.791882, -0.0, 0.0, 0.0, 0.0, 1.0],
                [0.994556, -0.060058, -0.085155, 0.0, 0.102464, 0.712337, 0.694319, 0.37472, 0.01896, -0.699265, 0.714612, 0.0, 0.0, 0.0, 0.0, 1.0],
                [0.973963, -0.205177, -0.096418, 0.0, 0.198581, 0.566977, 0.799438, 0.37472, -0.10936, -0.79777, 0.59296, 0.0, 0.0, 0.0, 0.0, 1.0],
                [0.994556, -0.10196, -0.021508, -0.0, 0.093361, 0.780211, 0.61851, 0.37472, -0.046283, -0.617151, 0.785482, 0.0, 0.0, 0.0, 0.0, 1.0],
                [0.998744, -0.038235, -0.032376, 0.0, 0.048132, 0.552898, 0.831857, 0.37472, -0.013905, -0.832371, 0.554044, 0.0, 0.0, 0.0, 0.0, 1.0],
                [0.998937, -0.016069, -0.043152, 0.0, 0.04379, 0.041726, 0.998168, 0.37472, -0.014239, -0.998998, 0.042385, -0.0, 0.0, 0.0, 0.0, 1.0],
                [0.997839, 0.06234, -0.020722, -0.0, 0.019701, 0.016959, 0.999662, 0.37472, 0.06267, -0.997909, 0.015694, 0.0, 0.0, 0.0, 0.0, 1.0]
            ]
        },
        {
            "name": "Knee_R",
            "time": [0.0, 0.1, 0.2, 0.4, 0.5, 0.55, 0.6, 0.8],
            "transform": [
                [0.999989, -0.002306, -0.004032, -0.0, -0.001598, 0.644377, -0.764706, 0.37472, 0.004361, 0.764704, 0.644367, -0.0, 0.0, 0.0, 0.0, 1.0],
                [0.997998, 0.005422, -0.063019, 0.0, -0.06149, 0.316674, -0.946539, 0.37472, 0.014825, 0.948519, 0.316373, -0.0, 0.0, 0.0, 0.0, 1.0],
                [0.998586, -0.038421, -0.036746, 0.0, -0.019552, 0.377343, -0.925867, 0.37472, 0.049439, 0.925277, 0.376058, 0.0, 0.0, 0.0, 0.0, 1.0],
                [0.993095, -0.11491, -0.023639, 0.0, 0.030939, 0.450898, -0.892039, 0.37472, 0.113163, 0.885148, 0.45134, 0.0, 0.0, 0.0, 0.0, 1.0],
                [0.998599, -0.052863, -0.002161, -0.0, 0.01528, 0.327265, -0.944809, 0.37472, 0.050652, 0.943453, 0.327614, 0.0, 0.0, 0.0, 0.0, 1.0],
                [0.999666, -0.023186, -0.011396, 0.0, 0.000904, 0.472246, -0.881467, 0.37472, 0.025819, 0.881162, 0.472109, 0.0, 0.0, 0.0, 0.0, 1.0],
                [0.999692, -0.016707, -0.018355, 0.0, -0.001689, 0.692008, -0.721887, 0.37472, 0.024762, 0.721696, 0.691767, -0.0, 0.0, 0.0, 0.0, 1.0],
                [0.999369, 0.026943, -0.023142, -0.0, -0.035392, 0.700671, -0.712606, 0.37472, -0.002985, 0.712976, 0.701182, 0.0, 0.0, 0.0, 0.0, 1.0]
            ]
        },
        {
            "name": "Thigh_L",
            "time": [0.0, 0.1, 0.2, 0.4, 0.5, 0.55, 0.6, 0.8],
            "transform": [
                [0.993639, -0.105202, 0.040154, -0.125006, -0.098013, -0.632458, 0.768367, -0.002831, -0.055437, -0.767416, -0.638747, -1.2e-05, 0.0, 0.0, 0.0, 1.0],
                [0.987195, -0.159358, -0.007012, -0.125006, -0.058908, -0.40507, 0.912385, -0.00283, -0.148237, -0.90029, -0.40927, -1.2e-05, 0.0, 0.0, 0.0, 1.0],
                [0.758802, -0.463054, -0.458041, -0.125006, -0.590742, -0.785466, -0.184575, -0.00283, -0.274307, 0.41064, -0.869558, -1.2e-05, 0.0, 0.0, 0.0, 1.0],
                [0.946033, 0.117787, -0.301907, -0.125006, 0.032725, -0.96157, -0.272607, -0.00283, -0.322414, 0.248015, -0.913531, -1.2e-05, 0.0, 0.0, 0.0, 1.0],
                [0.917142, -0.314172, -0.24525, -0.125006, -0.324448, -0.945903, -0.001585, -0.002831, -0.231485, 0.081024, -0.96946, -1.2e-05, 0.0, 0.0, 0.0, 1.0],
                [0.852682, -0.476419, -0.214381, -0.125006, -0.402717, -0.860803, 0.31119, -0.002831, -0.332796, -0.179011, -0.925852, -1.2e-05, 0.0, 0.0, 0.0, 1.0],
                [0.916944, -0.274376, 0.289716, -0.125006, -0.360175, -0.256647, 0.896889, -0.002831, -0.171729, -0.926744, -0.334154, -1.2e-05, 0.0, 0.0, 0.0, 1.0],
                [0.827747, -0.554718, 0.084407, -0.125006, -0.41963, -0.512135, 0.749419, -0.002831, -0.372488, -0.655749, -0.656694, -1.2e-05, 0.0, 0.0, 0.0, 1.0]
            ]
        },
        {
            "name": "Leg_L",
            "time": [0.0, 0.1, 0.2, 0.4, 0.5, 0.55, 0.6, 0.8],
            "transform": [
                [0.999962, 0.002587, -0.008524, -0.0, 0.007011, 0.361705, 0.932268, 0.37472, 0.005495, -0.93229, 0.361673, 0.0, 0.0, 0.0, 0.0, 1.0],
                [0.998679, 0.05123, 0.004304, 0.0, 0.008714, -0.25119, 0.9679, 0.37472, 0.050666, -0.966582, -0.251305, 0.0, 0.0, 0.0, 0.0, 1.0],
                [0.990964, -0.036395, 0.129106, 0.0, -0.102775, 0.412495, 0.905143, 0.37472, -0.086198, -0.910232, 0.405027, -0.0, 0.0, 0.0, 0.0, 1.0],
                [0.996799, 0.06453, 0.047175, -0.0, -0.071855, 0.464782, 0.882502, 0.37472, 0.035022, -0.883068, 0.467932, -0.0, 0.0, 0.0, 0.0, 1.0],
                [0.998619, 0.032145, 0.041545, -0.0, -0.049561, 0.314474, 0.947969, 0.37472, 0.017408, -0.94872, 0.315633, -0.0, 0.0, 0.0, 0.0, 1.0],
                [0.9982, 0.055633, 0.022394, 0.0, -0.042908, 0.401641, 0.91479, 0.37472, 0.041898, -0.914105, 0.403305, 0.0, 0.0, 0.0, 0.0, 1.0],
                [0.984804, -0.11732, 0.128025, -0.0, 0.000754, 0.740138, 0.672449, 0.37472, -0.173649, -0.662136, 0.728982, 0.0, 0.0, 0.0, 0.0, 1.0],
                [0.999772, -0.003186, 0.021036, -0.0, -0.010504, 0.785916, 0.618241, 0.37472, -0.018502, -0.618323, 0.785705, -0.0, 0.0, 0.0, 0.0, 1.0]
            ]
        },
        {
            "name": "Knee_L",
            "time": [0.0, 0.1, 0.2, 0.4, 0.5, 0.55, 0.6, 0.8],
            "transform": [
                [0.999989, -2.5e-05, -0.004664, -0.0, -0.003835, 0.564934, -0.825127, 0.37472, 0.002655, 0.825136, 0.564928, 0.0, 0.0, 0.0, 0.0, 1.0],
                [0.99959, 0.02668, -0.010425, 0.0, -0.027481, 0.790551, -0.611779, 0.37472, -0.00808, 0.611814, 0.79096, 0.0, 0.0, 0.0, 0.0, 1.0],
                [0.997541, 0.000876, 0.070071, 0.0, 0.058398, 0.54232, -0.83814, 0.37472, -0.038735, 0.840171, 0.540936, -0.0, 0.0, 0.0, 0.0, 1.0],
                [0.999138, 0.038856, 0.014622, -0.0, -0.007525, 0.515849, -0.856646, 0.37472, -0.040828, 0.855798, 0.515697, -0.0, 0.0, 0.0, 0.0, 1.0],
                [0.999619, 0.022794, 0.015582, -0.0, -0.000698, 0.585022, -0.811017, 0.37472, -0.027602, 0.810697, 0.584815, -0.0, 0.0, 0.0, 0.0, 1.0],
                [0.99951, 0.031161, 0.002923, 0.0, -0.014576, 0.546088, -0.8376, 0.37472, -0.027697, 0.837148, 0.546275, 0.0, 0.0, 0.0, 0.0, 1.0],
                [0.996063, -0.046871, 0.075248, -0.0, 0.087072, 0.35772, -0.92976, 0.37472, 0.016661, 0.932652, 0.360392, 0.0, 0.0, 0.0, 0.0, 1.0],
                [0.999942, 0.000177, 0.010785, -0.0, 0.010133, 0.327178, -0.944908, 0.37472, -0.003696, 0.944963, 0.327157, -0.0, 0.0, 0.0, 0.0, 1.0]
            ]
        },
        {
            "name": "Torso",
            "time": [0.0, 0.1, 0.2, 0.4, 0.5, 0.55, 0.6, 0.8],
            "transform": [
                [0.996078, 0.040598, -0.078608, -0.0, -0.052737, 0.985854, -0.159092, 0.05, 0.071037, 0.162614, 0.984129, -0.0, 0.0, 0.0, 0.0, 1.0],
                [0.974538, 0.031902, -0.221941, -0.0, -0.070442, 0.983272, -0.16797, 0.05, 0.212869, 0.179327, 0.960484, 0.0, 0.0, 0.0, 0.0, 1.0],
                [0.992724, 0.045898, -0.111318, 0.0, -0.068988, 0.974521, -0.213425, 0.05, 0.098686, 0.219551, 0.970597, -0.0, 0.0, 0.0, 0.0, 1.0],
                [0.978259, -0.196695, 0.065726, -0.0, 0.194116, 0.980009, 0.043613, 0.05, -0.07299, -0.029906, 0.996884, -0.0, 0.0, 0.0, 0.0, 1.0],
                [0.995978, -0.089488, 0.004404, -0.0, 0.087793, 0.984557, 0.151459, 0.05, -0.01789, -0.150463, 0.988454, 0.0, 0.0, 0.0, 0.0, 1.0],
                [0.991993, -0.124779, -0.019495, -0.0, 0.125697, 0.960503, 0.248263, 0.05, -0.012253, -0.248726, 0.968496, 0.0, 0.0, 0.0, 0.0, 1.0],
                [0.941018, 0.337435, 0.024966, -0.0, -0.317838, 0.856238, 0.407228, 0.05, 0.116036, -0.391144, 0.912985, 0.0, 0.0, 0.0, 0.0, 1.0],
                [0.993505, 0.099691, 0.054854, -0.0, -0.104606, 0.989915, 0.095532, 0.05, -0.044777, -0.10065, 0.993914, 0.0, 0.0, 0.0, 0.0, 1.0]
            ]
        },
        {
            "name": "Chest",
            "time": [0.0, 0.1, 0.2, 0.4, 0.5, 0.55, 0.6, 0.8],
            "transform": [
                [0.780936, 0.157019, 0.604552, 0.0, -0.367637, 0.898023, 0.241657, 0.3, -0.504957, -0.410975, 0.759025, 0.0, 0.0, 0.0, 0.0, 1.0],
                [0.930376, 0.078741, 0.358049, -0.0, -0.189945, 0.938883, 0.287087, 0.3, -0.313561, -0.335108, 0.888471, 0.0, 0.0, 0.0, 0.0, 1.0],
                [0.778861, -0.03019, -0.626469, 0.0, 0.244284, 0.934567, 0.258669, 0.3, 0.577669, -0.354503, 0.735273, 0.0, 0.0, 0.0, 0.0, 1.0],
                [0.757823, -0.034715, -0.651536, 0.0, 0.213922, 0.956605, 0.19785, 0.3, 0.616394, -0.289314, 0.732364, -0.0, 0.0, 0.0, 0.0, 1.0],
                [0.432781, 0.043608, -0.900444, 0.0, 0.336479, 0.918833, 0.206221, 0.3, 0.836351, -0.392229, 0.38298, 0.0, 0.0, 0.0, 0.0, 1.0],
                [0.734474, -0.277801, -0.619172, 0.0, 0.501114, 0.83727, 0.218777, 0.3, 0.457638, -0.470962, 0.754163, 0.0, 0.0, 0.0, 0.0, 1.0],
                [0.887772, 0.436626, 0.145667, -0.0, -0.435541, 0.899236, -0.040972, 0.3, -0.148879, -0.02707, 0.988485, 0.0, 0.0, 0.0, 0.0, 1.0],
                [0.890625, 0.390463, 0.23308, -0.0, -0.412221, 0.909639, 0.051286, 0.3, -0.191993, -0.141757, 0.971104, 0.0, 0.0, 0.0, 0.0, 1.0]
            ]
        },
        {
            "name": "Head",
            "time": [0.0, 0.1, 0.4, 0.8],
            "transform": [
                [0.85931, 0.026342, -0.510776, 0.0, 0.09688, 0.972209, 0.213126, 0.400001, 0.502196, -0.232625, 0.832878, -0.0, 0.0, 0.0, 0.0, 1.0],
                [0.953842, 0.035195, -0.298239, -0.0, 0.016245, 0.985607, 0.168266, 0.4, 0.299869, -0.165345, 0.939543, 0.0, 0.0, 0.0, 0.0, 1.0],
                [-0.141103, 0.110573, 0.983801, 0.0, 0.065807, 0.992593, -0.102122, 0.4, -0.987805, 0.050331, -0.147335, 0.0, 0.0, 0.0, 0.0, 1.0],
                [0.161582, -0.448491, -0.879061, 0.0, -0.125211, 0.87425, -0.469052, 0.4, 0.978884, 0.185858, 0.085107, 0.0, 0.0, 0.0, 0.0, 1.0]
            ]
        },
        {
            "name": "Shoulder_R",
            "time": [0.0, 0.1, 0.2, 0.4, 0.5, 0.55, 0.6, 0.8],
            "transform": [
                [0.24609, 0.858707, 0.449513, 0.0, -0.201989, -0.408157, 0.890285, 0.400001, 0.947966, -0.309887, 0.073006, -0.0, 0.0, 0.0, 0.0, 1.0],
                [0.142667, 0.889667, 0.43375, -0.0, -0.131692, -0.417274, 0.899188, 0.4, 0.980971, -0.185406, 0.057631, 0.0, 0.0, 0.0, 0.0, 1.0],
                [0.010399, 0.907485, 0.419956, -0.0, -0.120329, -0.415791, 0.901465, 0.4, 0.99268, -0.059907, 0.104872, -0.0, 0.0, 0.0, 0.0, 1.0],
                [0.403456, 0.771205, 0.492409, 0.0, -0.365556, -0.357483, 0.859404, 0.4, 0.838804, -0.526735, 0.13769, 0.0, 0.0, 0.0, 0.0, 1.0],
                [0.011713, 0.904597, 0.426108, -0.0, -0.140568, -0.420416, 0.896377, 0.4, 0.990002, -0.070396, 0.122233, 0.0, 0.0, 0.0, 0.0, 1.0],
                [-0.033034, 0.963598, 0.265308, 0.0, -0.083171, -0.267182, 0.96005, 0.400001, 0.995987, 0.009648, 0.08897, -0.0, 0.0, 0.0, 0.0, 1.0],
                [-0.232887, 0.871261, 0.432049, -0.0, 0.128828, -0.41271, 0.901706, 0.4, 0.963933, 0.265655, -0.016128, -0.0, 0.0, 0.0, 0.0, 1.0],
                [-0.17686, 0.924636, 0.337294, 0.0, 0.038283, -0.335974, 0.941093, 0.4, 0.983491, 0.179355, 0.024023, 0.0, 0.0, 0.0, 0.0, 1.0]
            ]
        },
        {
            "name": "Arm_R",
            "time": [0.0, 0.1, 0.2, 0.4, 0.5, 0.55, 0.6, 0.8],
            "transform": [
                [0.813102, -0.244244, -0.528404, -0.0, 0.452091, 0.836781, 0.308886, 0.388213, 0.366715, -0.490042, 0.790808, 0.0, 0.0, 0.0, 0.0, 1.0],
                [0.88093, -0.087784, -0.465034, 0.0, 0.240378, 0.929447, 0.279905, 0.388213, 0.407654, -0.358361, 0.839878, 1e-06, 0.0, 0.0, 0.0, 1.0],
                [0.928394, -0.265983, -0.259492, -0.0, 0.294591, 0.95246, 0.077681, 0.388213, 0.226494, -0.148563, 0.962615, 1e-06, 0.0, 0.0, 0.0, 1.0],
                [0.999606, -0.007042, 0.027136, -0.0, -0.007507, 0.865358, 0.501095, 0.388213, -0.027011, -0.501101, 0.864966, 1e-06, 0.0, 0.0, 0.0, 1.0],
                [0.977946, 0.092709, 0.187149, -0.0, -0.082532, 0.99469, -0.061472, 0.388213, -0.191854, 0.044671, 0.980405, 1e-06, 0.0, 0.0, 0.0, 1.0],
                [-0.402512, 0.115411, 0.90811, -0.0, 0.789784, 0.545359, 0.280756, 0.388213, -0.462844, 0.830218, -0.310663, 0.0, 0.0, 0.0, 0.0, 1.0],
                [-0.265232, -0.401349, 0.876682, -0.0, 0.433574, 0.762482, 0.480243, 0.388213, -0.861199, 0.507483, -0.02822, 1e-06, 0.0, 0.0, 0.0, 1.0],
                [0.80112, -0.55973, -0.211915, -0.0, 0.463611, 0.804287, -0.371734, 0.388213, 0.378511, 0.199557, 0.903828, 0.0, 0.0, 0.0, 0.0, 1.0]
            ]
        },
        {
            "name": "Hand_R",
            "time": [0.0, 0.1, 0.2, 0.4, 0.5, 0.55, 0.6, 0.8],
            "transform": [
                [0.019866, 0.061299, 0.997922, 0.0, 0.342505, 0.937307, -0.064394, 0.329779, -0.939307, 0.343072, -0.002374, -0.0, 0.0, 0.0, 0.0, 1.0],
                [-0.052797, 0.094136, 0.994159, -0.0, 0.205734, 0.975215, -0.081416, 0.329779, -0.977184, 0.200233, -0.070856, 0.0, 0.0, 0.0, 0.0, 1.0],
                [0.011458, 0.085298, 0.99629, -0.0, 0.219869, 0.971756, -0.085726, 0.329779, -0.975463, 0.220036, -0.00762, -0.0, 0.0, 0.0, 0.0, 1.0],
                [-0.498958, 0.123681, 0.857755, -0.0, 0.70832, 0.628475, 0.321411, 0.329779, -0.499324, 0.767934, -0.401188, 0.0, 0.0, 0.0, 0.0, 1.0],
                [-0.64515, 0.024383, 0.763668, 0.0, 0.512558, 0.755039, 0.408904, 0.329779, -0.566628, 0.655227, -0.499611, 0.0, 0.0, 0.0, 0.0, 1.0],
                [0.996404, -0.078174, 0.032692, -0.0, 0.083458, 0.972121, -0.219126, 0.329779, -0.014651, 0.221066, 0.975149, -0.0, 0.0, 0.0, 0.0, 1.0],
                [0.992714, 0.028685, 0.117041, -0.0, -0.00908, 0.9863, -0.164716, 0.329779, -0.120162, 0.162453, 0.979372, 0.0, 0.0, 0.0, 0.0, 1.0],
                [0.490649, 0.039123, 0.870479, -0.0, -0.001277, 0.999024, -0.04418, 0.329779, -0.871357, 0.020565, 0.490219, -0.0, 0.0, 0.0, 0.0, 1.0]
            ]
        },
        {
            "name": "Tool_R",
            "time": [0.0, 0.1, 0.2, 0.4, 0.5, 0.55, 0.6, 0.8],
            "transform": [
                [0.999754, 0.017991, -0.013043, -0.02, -2.9e-05, -0.585913, -0.810375, -0.149111, -0.022222, 0.810175, -0.585767, -0.471601, 0.0, 0.0, 0.0, 1.0],
                [0.99923, 0.010576, -0.037797, -0.02, -0.030061, -0.41293, -0.910267, -0.209924, -0.025235, 0.910702, -0.412294, -0.395114, 0.0, 0.0, 0.0, 1.0],
                [0.999538, 0.003502, -0.030212, -0.02, -0.024093, -0.515037, -0.85683, -0.291793, -0.018561, 0.857161, -0.514714, -0.388693, 0.0, 0.0, 0.0, 1.0],
                [0.997189, -0.040517, -0.06303, -0.02, -0.074755, -0.480617, -0.87374, -0.216128, 0.005108, 0.875995, -0.482294, -0.391859, 0.0, 0.0, 0.0, 1.0],
                [0.992878, 0.02508, 0.116473, -0.02, 0.115718, -0.435678, -0.892634, -0.221628, 0.028357, 0.899754, -0.435476, -0.438618, 0.0, 0.0, 0.0, 1.0],
                [0.990416, -0.077157, 0.114559, -0.011971, 0.071244, -0.425182, -0.9023, 0.097718, 0.118328, 0.901814, -0.41561, -0.05, 0.0, 0.0, 0.0, 1.0],
                [0.13429, -0.987291, 0.084993, -0.02, -0.003366, -0.086224, -0.996271, -0.247112, 0.990937, 0.133503, -0.014903, -0.0, 0.0, 0.0, 0.0, 1.0],
                [0.762301, -0.637762, 0.110258, -0.02, -0.161753, -0.352678, -0.921659, -0.196219, 0.626684, 0.684747, -0.372007, -0.377817, 0.0, 0.0, 0.0, 1.0]
            ]
        },
        {
            "name": "Elbow_R",
            "time": [0.0, 0.1, 0.2, 0.4, 0.5, 0.55, 0.6, 0.8],
            "transform": [
                [-1.0, -0.0, -0.0, 0.0, 0.0, 0.70955, -0.704656, 0.329779, 0.0, -0.704657, -0.70955, -0.0, 0.0, 0.0, 0.0, 1.0],
                [-1.000001, -0.0, -0.0, -0.0, 1e-06, -0.577238, -0.816576, 0.329779, 0.0, -0.816577, 0.577239, 0.0, 0.0, 0.0, 0.0, 1.0],
                [-1.0, -0.0, -0.0, -0.0, 1e-06, 0.71924, -0.694763, 0.329779, 0.0, -0.694764, -0.71924, -0.0, 0.0, 0.0, 0.0, 1.0],
                [-1.0, -0.0, -0.0, -0.0, 1e-06, -0.51815, -0.855292, 0.329779, 0.0, -0.855291, 0.518149, 0.0, 0.0, 0.0, 0.0, 1.0],
                [-1.0, -0.0, -0.0, 0.0, 0.0, -0.443654, -0.896199, 0.329779, 0.0, -0.896199, 0.443654, 0.0, 0.0, 0.0, 0.0, 1.0],
                [-1.0, 2e-06, 0.0, -0.0, -0.0, 0.111234, -0.993795, 0.329779, -2e-06, -0.993795, -0.111235, -0.0, 0.0, 0.0, 0.0, 1.0],
                [-1.000002, 0.0, -0.0, -0.0, 1e-06, 0.082096, -0.996625, 0.329779, -0.0, -0.996625, -0.082097, 0.0, 0.0, 0.0, 0.0, 1.0],
                [-1.000002, -0.0, -1e-06, -0.0, 1e-06, 0.020961, -0.999781, 0.329779, 0.0, -0.999781, -0.020961, -0.0, 0.0, 0.0, 0.0, 1.0]
            ]
        },
        {
            "name": "Shoulder_L",
            "time": [0.0, 0.1, 0.2, 0.4, 0.5, 0.55, 0.6, 0.8],
            "transform": [
                [0.041615, -0.934986, -0.352234, 0.0, -0.136595, -0.354553, 0.925004, 0.400001, -0.989752, 0.00962, -0.142469, -0.0, 0.0, 0.0, 0.0, 1.0],
                [0.203996, -0.914607, -0.349111, -0.0, -0.114908, -0.376515, 0.919256, 0.4, -0.972204, -0.147409, -0.181903, 0.0, 0.0, 0.0, 0.0, 1.0],
                [0.471567, -0.786124, -0.399542, -0.0, 0.170224, -0.363411, 0.915945, 0.4, -0.865244, -0.499941, -0.037555, -0.0, 0.0, 0.0, 0.0, 1.0],
                [0.440902, -0.837594, -0.322554, 0.0, 0.266504, -0.220994, 0.938156, 0.4, -0.857077, -0.499597, 0.125785, 0.0, 0.0, 0.0, 0.0, 1.0],
                [0.450156, -0.826388, -0.338293, -0.0, 0.239186, -0.253413, 0.937322, 0.4, -0.860319, -0.502856, 0.083585, 0.0, 0.0, 0.0, 0.0, 1.0],
                [0.468689, -0.816758, -0.336506, 0.0, 0.180031, -0.284625, 0.941582, 0.400001, -0.864823, -0.501891, 0.013642, -0.0, 0.0, 0.0, 0.0, 1.0],
                [0.193356, -0.875356, -0.443132, -0.0, 0.178114, -0.412833, 0.893222, 0.4, -0.964826, -0.251638, 0.076089, -0.0, 0.0, 0.0, 0.0, 1.0],
                [0.426366, -0.794989, -0.431515, 0.0, 0.181272, -0.392277, 0.901809, 0.4, -0.886201, -0.462722, -0.023144, 0.0, 0.0, 0.0, 0.0, 1.0]
            ]
        },
        {
            "name": "Arm_L",
            "time": [0.0, 0.1, 0.2, 0.4, 0.5, 0.55, 0.6, 0.8],
            "transform": [
                [-0.27944, 0.832026, 0.47921, -0.0, 0.650303, 0.531197, -0.543078, 0.388212, -0.706412, 0.159874, -0.689507, 1e-06, 0.0, 0.0, 0.0, 1.0],
                [-0.206536, 0.858249, 0.46984, 0.0, 0.683274, 0.470224, -0.55859, 0.388212, -0.700341, 0.205661, -0.683537, 1e-06, 0.0, 0.0, 0.0, 1.0],
                [-0.274123, 0.738177, 0.6164, 0.0, 0.419111, 0.668582, -0.614282, 0.388212, -0.865565, 0.089951, -0.492651, 1e-06, 0.0, 0.0, 0.0, 1.0],
                [0.012618, 0.588472, 0.808417, -0.0, 0.400509, 0.737821, -0.543334, 0.388212, -0.916206, 0.330635, -0.226379, 1e-06, 0.0, 0.0, 0.0, 1.0],
                [0.190441, 0.907967, 0.373265, -0.0, 0.354283, 0.291034, -0.888696, 0.388212, -0.915541, 0.301486, -0.266252, 1e-06, 0.0, 0.0, 0.0, 1.0],
                [0.08329, 0.977776, 0.192393, -0.0, 0.348088, 0.152356, -0.924998, 0.388212, -0.933754, 0.144013, -0.327662, 1e-06, 0.0, 0.0, 0.0, 1.0],
                [-0.507145, 0.846327, 0.162889, 0.0, 0.043834, 0.21408, -0.97583, 0.388212, -0.860745, -0.487747, -0.145668, 1e-06, 0.0, 0.0, 0.0, 1.0],
                [-0.653674, 0.575574, 0.491349, -0.0, -0.158643, 0.53062, -0.83263, 0.388212, -0.739961, -0.622218, -0.255542, 1e-06, 0.0, 0.0, 0.0, 1.0]
            ]
        },
        {
            "name": "Hand_L",
            "time": [0.0, 0.1, 0.2, 0.4, 0.5, 0.55, 0.6, 0.8],
            "transform": [
                [0.988954, 0.065723, -0.132865, 0.0, -0.148154, 0.467158, -0.871676, 0.329779, 0.004779, 0.88173, 0.471735, 0.0, 0.0, 0.0, 0.0, 1.0],
                [0.988983, 0.049345, -0.139577, -0.0, -0.148023, 0.314021, -0.93781, 0.329779, -0.002446, 0.948135, 0.317866, -0.0, 0.0, 0.0, 0.0, 1.0],
                [0.9912, 0.035734, -0.127464, 0.0, -0.132342, 0.244899, -0.960477, 0.329779, -0.003106, 0.968892, 0.247473, -0.0, 0.0, 0.0, 0.0, 1.0],
                [0.930945, -0.277119, 0.237796, 0.0, 0.345546, 0.457986, -0.819054, 0.329779, 0.118068, 0.844664, 0.522117, -0.0, 0.0, 0.0, 0.0, 1.0],
                [0.996769, 0.049547, -0.063234, -0.0, -0.079456, 0.492045, -0.866938, 0.329779, -0.01184, 0.86916, 0.494392, 0.0, 0.0, 0.0, 0.0, 1.0],
                [0.999028, 0.036985, -0.024008, 0.0, -0.039794, 0.52172, -0.85219, 0.329779, -0.018993, 0.852316, 0.522684, -0.0, 0.0, 0.0, 0.0, 1.0],
                [0.979134, 0.184337, 0.085531, -0.0, -0.000912, 0.424877, -0.905251, 0.329779, -0.203212, 0.886285, 0.41618, 0.0, 0.0, 0.0, 0.0, 1.0],
                [0.962164, 0.272457, 0.00309, -0.0, -0.113236, 0.41015, -0.904962, 0.329779, -0.247831, 0.870371, 0.425483, -0.0, 0.0, 0.0, 0.0, 1.0]
            ]
        },
        {
            "name": "Tool_L",
            "time": [0.0, 0.1, 0.2, 0.4, 0.5, 0.55, 0.6, 0.8],
            "transform": [
                [1.0, 0.0, 0.0, 0.02, 0.0, -1.000001, 0.0, 0.291426, 0.0, -0.0, -0.999999, -0.0, 0.0, 0.0, 0.0, 1.0],
                [1.0, 0.0, 0.0, 0.02, 0.0, -1.000001, -0.0, 0.291426, 0.0, 0.0, -0.999999, -0.0, 0.0, 0.0, 0.0, 1.0],
                [1.0, 0.0, 0.0, 0.02, 0.0, -1.0, -0.0, 0.291426, 0.0, -0.0, -0.999999, -0.0, 0.0, 0.0, 0.0, 1.0],
                [1.0, 0.0, 0.0, 0.02, 0.0, -1.0, 0.0, 0.291426, 0.0, 0.0, -1.0, -0.0, 0.0, 0.0, 0.0, 1.0],
                [1.0, 0.0, 1e-06, 0.02, 0.0, -1.0, 0.0, 0.291426, 0.0, 0.0, -1.0, 0.0, 0.0, 0.0, 0.0, 1.0],
                [1.0, 0.0, 0.0, 0.02, 0.0, -1.0, 0.0, 0.291426, 0.0, -0.0, -1.0, -0.0, 0.0, 0.0, 0.0, 1.0],
                [0.976873, -0.213779, 0.004245, 0.02, -0.134081, -0.62791, -0.766649, 0.592469, 0.166559, 0.748351, -0.642052, 0.344362, 0.0, 0.0, 0.0, 1.0],
                [0.995782, -0.088288, 0.024979, 0.02, -0.073751, -0.932133, -0.354526, 0.41686, 0.054584, 0.351188, -0.934713, 0.143484, 0.0, 0.0, 0.0, 1.0]
            ]
        },
        {
            "name": "Elbow_L",
            "time": [0.0, 0.1, 0.2, 0.4, 0.5, 0.55, 0.6, 0.8],
            "transform": [
                [-1.0, 0.0, 0.0, 0.0, -0.0, 0.513937, -0.857829, 0.329779, 0.0, -0.857829, -0.513937, 0.0, 0.0, 0.0, 0.0, 1.0],
                [-1.0, -0.0, -0.0, -0.0, 0.0, 0.58401, -0.811747, 0.329779, 0.0, -0.811747, -0.58401, -0.0, 0.0, 0.0, 0.0, 1.0],
                [-1.0, 0.0, -0.0, 0.0, 0.0, 0.613403, -0.78977, 0.329779, 0.0, -0.78977, -0.613403, -0.0, 0.0, 0.0, 0.0, 1.0],
                [-1.0, 0.0, -0.0, 0.0, 0.0, 0.486932, -0.87344, 0.329779, -0.0, -0.87344, -0.486932, -0.0, 0.0, 0.0, 0.0, 1.0],
                [-1.0, 0.0, -0.0, -0.0, 0.0, 0.502779, -0.864415, 0.329779, 0.0, -0.864415, -0.502779, 0.0, 0.0, 0.0, 0.0, 1.0],
                [-1.0, 0.0, -0.0, 0.0, 0.0, 0.488478, -0.872576, 0.329779, 0.0, -0.872576, -0.488478, -0.0, 0.0, 0.0, 0.0, 1.0],
                [-1.0, 0.0, -0.0, -0.0, 0.0, 0.536168, -0.844111, 0.329779, 0.0, -0.844112, -0.536168, 0.0, 0.0, 0.0, 0.0, 1.0],
                [-1.0, -0.0, -0.0, -0.0, 0.0, 0.529536, -0.848288, 0.329779, -0.0, -0.848288, -0.529535, -0.0, 0.0, 0.0, 0.0, 1.0]
            ]
        }
    ]
}