{
    "animation": [
        {
            "name": "Root",
            "time": [0.0, 0.1, 0.3, 0.35, 0.4, 0.5],
            "transform": [
                [-0.528832, -0.152109, -0.834985, -5e-06, -0.848555, 0.114514, 0.516566, 0.000946, 0.017044, 0.981707, -0.189631, 0.449243, 0.0, 0.0, 0.0, 1.0],
                [-0.54165, -0.193094, -0.818126, -5e-06, -0.831989, -0.015839, 0.554566, -0.02914, -0.120042, 0.981052, -0.152073, 0.376833, 0.0, 0.0, 0.0, 1.0],
                [0.682058, -0.129236, -0.719789, -5e-06, -0.670661, 0.281884, -0.686116, 0.100946, 0.291567, 0.950705, 0.105588, 0.375508, 0.0, 0.0, 0.0, 1.0],
                [0.996238, 0.079216, 0.035151, -5e-06, 0.019639, 0.18869, -0.98184, 0.150643, -0.08441, 0.978836, 0.186424, 0.457601, 0.0, 0.0, 0.0, 1.0],
                [-0.142981, -0.087647, 0.985837, -5e-06, 0.989718, -0.008929, 0.14275, 0.991663, -0.003709, 0.996112, 0.088023, 0.361176, 0.0, 0.0, 0.0, 1.0],
                [-0.418328, 0.179296, 0.890424, -5e-06, 0.874126, 0.345828, 0.341036, 1.068809, -0.246787, 0.921008, -0.301397, 0.477683, 0.0, 0.0, 0.0, 1.0]
            ]
        },
        {
            "name": "Thigh_R",
            "time": [0.0, 0.1, 0.3, 0.35, 0.4, 0.5],
            "transform": [
                [0.973924, 0.16615, -0.154473, 0.124994, 0.222795, -0.572078, 0.789359, -0.00283, 0.042781, -0.803193, -0.594179, -1.2e-05, 0.0, 0.0, 0.0, 1.0],
                [0.95341, 0.204769, -0.221532, 0.124994, 0.264111, -0.211716, 0.940967, -0.002831, 0.145779, -0.955638, -0.255934, -1.2e-05, 0.0, 0.0, 0.0, 1.0],
                [0.791239, 0.608594, 0.059604, 0.124994, 0.524551, -0.725593, 0.445377, -0.00283, 0.314302, -0.321134, -0.893357, -1.2e-05, 0.0, 0.0, 0.0, 1.0],
                [0.778234, 0.567106, 0.269705, 0.124994, 0.545883, -0.823235, 0.155863, -0.002831, 0.310422, 0.02593, -0.950244, -1.2e-05, 0.0, 0.0, 0.0, 1.0],
                [0.745119, 0.585393, 0.319555, 0.124994, 0.563023, -0.808957, 0.169105, -0.002831, 0.357499, 0.053913, -0.932357, -1.2e-05, 0.0, 0.0, 0.0, 1.0],
                [0.767663, 0.5284, 0.362607, 0.124994, 0.595687, -0.797003, -0.099697, -0.002831, 0.236319, 0.292535, -0.926592, -1.2e-05, 0.0, 0.0, 0.0, 1.0]
            ]
        },
        {
            "name": "Leg_R",
            "time": [0.0, 0.1, 0.3, 0.35, 0.4, 0.5],
            "transform": [
                [0.989359, -0.144614, 0.016008, 0.0, 0.090874, 0.700109, 0.70823, 0.37472, -0.113627, -0.69924, 0.7058, 0.0, 0.0, 0.0, 0.0, 1.0],
                [0.98284, -0.174846, -0.058782, -0.0, 0.116293, 0.339964, 0.933221, 0.37472, -0.143186, -0.924043, 0.354463, -0.0, 0.0, 0.0, 0.0, 1.0],
                [0.998105, -0.056672, -0.024031, -0.0, 0.044996, 0.405273, 0.913089, 0.37472, -0.042008, -0.912438, 0.407054, -0.0, 0.0, 0.0, 0.0, 1.0],
                [0.997026, 0.053373, -0.055616, 0.0, 0.025019, 0.458379, 0.888407, 0.37472, 0.07291, -0.887155, 0.455679, -0.0, 0.0, 0.0, 0.0, 1.0],
                [0.992816, 0.090781, -0.077907, -0.0, 0.047807, 0.295891, 0.954021, 0.37472, 0.10966, -0.950897, 0.289426, -0.0, 0.0, 0.0, 0.0, 1.0],
                [0.998351, 0.04911, -0.029789, 0.0, 0.016177, 0.257227, 0.966218, 0.37472, 0.055113, -0.965105, 0.256008, 0.0, 0.0, 0.0, 0.0, 1.0]
            ]
        },
        {
            "name": "Knee_R",
            "time": [0.0, 0.1, 0.3, 0.35, 0.4, 0.5],
            "transform": [
                [0.997231, -0.07089, 0.022469, 0.0, 0.047873, 0.380751, -0.923437, 0.37472, 0.056907, 0.921956, 0.383091, 0.0, 0.0, 0.0, 0.0, 1.0],
                [0.995281, -0.097014, -0.001984, -0.0, 0.053558, 0.566282, -0.82247, 0.37472, 0.080915, 0.818483, 0.568805, -0.0, 0.0, 0.0, 0.0, 1.0],
                [0.999484, -0.031907, -0.003625, -0.0, 0.014337, 0.54438, -0.838716, 0.37472, 0.028735, 0.838232, 0.544557, -0.0, 0.0, 0.0, 0.0, 1.0],
                [0.999197, 0.018888, -0.035336, 0.0, -0.040004, 0.520161, -0.853131, 0.37472, 0.002267, 0.853859, 0.520499, -0.0, 0.0, 0.0, 0.0, 1.0],
                [0.998008, 0.032604, -0.05401, -0.0, -0.062817, 0.592758, -0.802927, 0.37472, 0.005836, 0.804721, 0.593626, -0.0, 0.0, 0.0, 0.0, 1.0],
                [0.999539, 0.0195, -0.023259, 0.0, -0.030325, 0.609173, -0.792458, 0.37472, -0.001284, 0.792798, 0.609483, 0.0, 0.0, 0.0, 0.0, 1.0]
            ]
        },
        {
            "name": "Thigh_L",
            "time": [0.0, 0.1, 0.3, 0.35, 0.4, 0.5],
            "transform": [
                [0.94986, -0.282782, -0.133409, -0.125006, -0.303575, -0.936236, -0.17693, -0.002831, -0.074869, 0.208559, -0.975139, -1.2e-05, 0.0, 0.0, 0.0, 1.0],
                [0.966905, -0.248666, -0.057084, -0.125006, -0.254208, -0.919928, -0.298515, -0.002831, 0.021717, 0.303147, -0.952696, -1.2e-05, 0.0, 0.0, 0.0, 1.0],
                [0.719805, -0.436901, 0.539443, -0.125006, -0.57079, 0.069753, 0.818127, -0.002831, -0.395068, -0.896801, -0.19917, -1.2e-05, 0.0, 0.0, 0.0, 1.0],
                [0.974741, -0.055846, 0.216237, -0.125006, -0.223275, -0.221817, 0.94918, -0.00283, -0.005043, -0.973486, -0.228683, -1.2e-05, 0.0, 0.0, 0.0, 1.0],
                [0.827172, -0.223385, 0.515643, -0.125006, -0.560483, -0.261667, 0.785743, -0.00283, -0.040596, -0.938953, -0.341646, -1.2e-05, 0.0, 0.0, 0.0, 1.0],
                [0.992851, -0.065067, 0.100052, -0.125006, -0.110674, -0.815706, 0.567778, -0.002831, 0.04467, -0.574793, -0.817077, -1.2e-05, 0.0, 0.0, 0.0, 1.0]
            ]
        },
        {
            "name": "Leg_L",
            "time": [0.0, 0.1, 0.3, 0.35, 0.4, 0.5],
            "transform": [
                [0.996224, -0.027922, 0.082208, -0.0, -0.066656, 0.360726, 0.930285, 0.37472, -0.05563, -0.932253, 0.357503, -0.0, 0.0, 0.0, 0.0, 1.0],
                [0.993616, -0.019242, 0.111169, -0.0, -0.097977, 0.341387, 0.934801, 0.37472, -0.055939, -0.939725, 0.337322, 0.0, 0.0, 0.0, 0.0, 1.0],
                [0.982579, -0.182137, 0.036883, -0.0, -0.066184, -0.157523, 0.985293, 0.37472, -0.173649, -0.970571, -0.166833, -0.0, 0.0, 0.0, 0.0, 1.0],
                [0.984274, -0.141616, 0.105596, -0.0, -0.032428, 0.44276, 0.896054, 0.37472, -0.173649, -0.885386, 0.431205, 0.0, 0.0, 0.0, 0.0, 1.0],
                [0.985216, -0.107037, 0.133741, -0.0, -0.020735, 0.700482, 0.713364, 0.37472, -0.17004, -0.705593, 0.687909, -0.0, 0.0, 0.0, 0.0, 1.0],
                [0.989171, 0.008716, 0.146527, 0.0, -0.087668, 0.83572, 0.542117, 0.37472, -0.11773, -0.549091, 0.827431, 0.0, 0.0, 0.0, 0.0, 1.0]
            ]
        },
        {
            "name": "Knee_L",
            "time": [0.0, 0.1, 0.3, 0.35, 0.4, 0.5],
            "transform": [
                [0.998965, -0.001208, 0.045472, -0.0, 0.038186, 0.565513, -0.823855, 0.37472, -0.024719, 0.824739, 0.564974, -0.0, 0.0, 0.0, 0.0, 1.0],
                [0.998244, 0.007958, 0.058708, -0.0, 0.043513, 0.574025, -0.817681, 0.37472, -0.040207, 0.818799, 0.572671, 0.0, 0.0, 0.0, 0.0, 1.0],
                [0.994702, -0.082786, 0.060945, -0.0, 0.102543, 0.757192, -0.645092, 0.37472, 0.007258, 0.647924, 0.76167, -0.0, 0.0, 0.0, 0.0, 1.0],
                [0.995739, -0.05587, 0.073365, -0.0, 0.091804, 0.525412, -0.845881, 0.37472, 0.008713, 0.849011, 0.528302, 0.0, 0.0, 0.0, 0.0, 1.0],
                [0.996148, -0.040144, 0.077964, -0.0, 0.087425, 0.38526, -0.918657, 0.37472, 0.006842, 0.921935, 0.387286, -0.0, 0.0, 0.0, 0.0, 1.0],
                [0.99723, 0.015124, 0.072817, 0.0, 0.065454, 0.286384, -0.955876, 0.37472, -0.03531, 0.957995, 0.284601, 0.0, 0.0, 0.0, 0.0, 1.0]
            ]
        },
        {
            "name": "Torso",
            "time": [0.0, 0.1, 0.3, 0.35, 0.4, 0.5],
            "transform": [
                [0.976461, 0.185028, -0.110851, 0.0, -0.180571, 0.982337, 0.049066, 0.05, 0.117972, -0.027895, 0.992625, 0.0, 0.0, 0.0, 0.0, 1.0],
                [0.969107, 0.188399, -0.159179, 0.0, -0.183376, 0.981975, 0.045812, 0.05, 0.164941, -0.015207, 0.986186, 0.0, 0.0, 0.0, 0.0, 1.0],
                [0.949013, -0.314901, 0.014562, 0.0, 0.313719, 0.947963, 0.054286, 0.05, -0.030899, -0.04695, 0.998419, 0.0, 0.0, 0.0, 0.0, 1.0],
                [0.886482, -0.448222, -0.115096, -0.0, 0.46275, 0.860504, 0.213064, 0.05, 0.00354, -0.242138, 0.970235, -0.0, 0.0, 0.0, 0.0, 1.0],
                [0.965123, 0.259426, 0.035137, -0.0, -0.225947, 0.893222, -0.388719, 0.05, -0.132229, 0.367223, 0.920686, 0.0, 0.0, 0.0, 0.0, 1.0],
                [0.996576, 0.046811, 0.06816, -0.0, -0.036334, 0.988385, -0.147565, 0.05, -0.074276, 0.144583, 0.986701, -0.0, 0.0, 0.0, 0.0, 1.0]
            ]
        },
        {
            "name": "Chest",
            "time": [0.0, 0.1, 0.3, 0.35, 0.4, 0.5],
            "transform": [
                [0.655161, 0.182363, -0.73315, 0.0, 0.123467, 0.931538, 0.342043, 0.3, 0.745332, -0.314613, 0.587791, 0.0, 0.0, 0.0, 0.0, 1.0],
                [0.826723, 0.28974, -0.482266, 0.0, 0.017114, 0.843847, 0.536311, 0.3, 0.562349, -0.451634, 0.692669, -0.0, 0.0, 0.0, 0.0, 1.0],
                [0.699641, 0.187514, -0.68945, -0.0, -0.175042, 0.980526, 0.08905, 0.3, 0.692721, 0.05838, 0.718839, 0.0, 0.0, 0.0, 0.0, 1.0],
                [0.738058, -0.146514, -0.658639, 0.0, 0.030422, 0.982373, -0.184439, 0.3, 0.674052, 0.116089, 0.729505, 0.0, 0.0, 0.0, 0.0, 1.0],
                [0.883547, 0.143525, 0.445809, 0.0, -0.406059, 0.70907, 0.576486, 0.3, -0.23337, -0.690377, 0.684776, 0.0, 0.0, 0.0, 0.0, 1.0],
                [0.549366, 0.208173, 0.809234, -0.0, -0.526723, 0.838096, 0.14198, 0.3, -0.64866, -0.504241, 0.570071, 0.0, 0.0, 0.0, 0.0, 1.0]
            ]
        },
        {
            "name": "Head",
            "time": [0.0, 0.1, 0.4, 0.5],
            "transform": [
                [-0.231882, -0.216561, 0.948331, -0.0, 0.370656, 0.881683, 0.291973, 0.4, -0.899358, 0.419208, -0.124177, -0.0, 0.0, 0.0, 0.0, 1.0],
                [-0.064821, -0.390258, 0.918421, 0.0, 0.623265, 0.70293, 0.34268, 0.4, -0.779319, 0.594633, 0.197669, 0.0, 0.0, 0.0, 0.0, 1.0],
                [0.013103, 0.133469, -0.990966, 0.0, -0.351249, 0.928507, 0.120413, 0.4, 0.936191, 0.346498, 0.059047, 0.0, 0.0, 0.0, 0.0, 1.0],
                [0.430531, 0.090675, -0.898009, -0.0, 0.184306, 0.965144, 0.185815, 0.4, 0.883558, -0.245508, 0.398813, 0.0, 0.0, 0.0, 0.0, 1.0]
            ]
        },
        {
            "name": "Shoulder_R",
            "time": [0.0, 0.1, 0.3, 0.35, 0.4, 0.5],
            "transform": [
                [0.015068, 0.993282, 0.114734, -0.0, -0.001929, -0.114718, 0.993396, 0.4, 0.999884, -0.015189, 0.000188, -0.0, 0.0, 0.0, 0.0, 1.0],
                [0.039001, 0.952138, 0.303169, 0.0, -0.001486, -0.303344, 0.95288, 0.4, 0.999238, -0.037613, -0.010416, 0.0, 0.0, 0.0, 0.0, 1.0],
                [0.422512, 0.775394, 0.469305, -0.0, -0.317222, -0.358532, 0.877966, 0.4, 0.849031, -0.519825, 0.094488, -0.0, 0.0, 0.0, 0.0, 1.0],
                [0.16085, 0.88009, 0.446731, -0.0, -0.20375, -0.413265, 0.887523, 0.4, 0.965719, -0.233779, 0.112845, 0.0, 0.0, 0.0, 0.0, 1.0],
                [0.077533, 0.902933, 0.422729, 0.0, -0.031785, -0.421551, 0.906247, 0.4, 0.996483, -0.083701, -0.003984, 0.0, 0.0, 0.0, 0.0, 1.0],
                [0.344271, 0.811424, 0.472302, -0.0, -0.274131, -0.394257, 0.877162, 0.4, 0.897959, -0.431454, 0.086705, 0.0, 0.0, 0.0, 0.0, 1.0]
            ]
        },
        {
            "name": "Arm_R",
            "time": [0.0, 0.1, 0.3, 0.35, 0.4, 0.5],
            "transform": [
                [0.717148, -0.678838, 0.157722, 0.0, 0.693053, 0.670858, -0.263867, 0.388213, 0.073314, 0.298542, 0.951576, 1e-06, 0.0, 0.0, 0.0, 1.0],
                [0.670646, -0.38783, 0.632315, 0.0, 0.523703, 0.851248, -0.033337, 0.388213, -0.525328, 0.353503, 0.773994, 0.0, 0.0, 0.0, 0.0, 1.0],
                [0.911734, -0.293083, 0.287827, 0.031478, 0.372307, 0.885649, -0.277512, 0.367651, -0.17358, 0.360177, 0.916593, 0.00959, 0.0, 0.0, 0.0, 1.0],
                [0.725599, -0.687741, 0.022777, -0.0, 0.685187, 0.71906, -0.116067, 0.388213, 0.063447, 0.099825, 0.99298, 0.0, 0.0, 0.0, 0.0, 1.0],
                [0.057835, -0.956585, 0.285656, 0.0, 0.509216, 0.27438, 0.81573, 0.388213, -0.858692, 0.098283, 0.502978, 0.0, 0.0, 0.0, 0.0, 1.0],
                [0.707552, -0.380081, -0.595742, -0.0, 0.642555, 0.696892, 0.318536, 0.388213, 0.294099, -0.608177, 0.737309, 1e-06, 0.0, 0.0, 0.0, 1.0]
            ]
        },
        {
            "name": "Hand_R",
            "time": [0.0, 0.1, 0.3, 0.35, 0.4, 0.5],
            "transform": [
                [0.588042, 0.080284, 0.804837, -0.0, 0.017912, 0.993526, -0.112193, 0.329779, -0.808632, 0.080391, 0.582797, 0.0, 0.0, 0.0, 0.0, 1.0],
                [-0.120677, 0.020455, 0.992481, 0.0, 0.071101, 0.997398, -0.011911, 0.329779, -0.990142, 0.069129, -0.121817, -0.0, 0.0, 0.0, 0.0, 1.0],
                [0.00793, 0.126165, 0.991978, 0.0, 0.111185, 0.985747, -0.126262, 0.329779, -0.993768, 0.111295, -0.00621, 0.0, 0.0, 0.0, 0.0, 1.0],
                [0.008824, 0.183233, 0.98303, 0.0, 0.090628, 0.978876, -0.183272, 0.329779, -0.995845, 0.090708, -0.007968, -0.0, 0.0, 0.0, 0.0, 1.0],
                [0.992714, 0.028685, 0.117041, -0.0, -0.009079, 0.9863, -0.164716, 0.329779, -0.120162, 0.162453, 0.979372, -0.0, 0.0, 0.0, 0.0, 1.0],
                [0.083231, 0.020898, 0.996311, 0.0, 0.465536, 0.883165, -0.057416, 0.329779, -0.881108, 0.468597, 0.063778, 0.0, 0.0, 0.0, 0.0, 1.0]
            ]
        },
        {
            "name": "Tool_R",
            "time": [0.0, 0.1, 0.3, 0.35, 0.4, 0.5],
            "transform": [
                [0.998374, -0.009361, -0.056237, -0.02, -0.046648, -0.701212, -0.711426, 0.034387, -0.032774, 0.712892, -0.700509, -0.182809, 0.0, 0.0, 0.0, 1.0],
                [0.997367, -0.012324, -0.071473, -0.02, -0.067039, -0.532707, -0.84364, -0.208946, -0.027677, 0.84621, -0.532131, -0.494406, 0.0, 0.0, 0.0, 1.0],
                [0.961621, -0.127019, 0.243211, -0.02, 0.13409, -0.555787, -0.82044, -0.075836, 0.239385, 0.821564, -0.517425, -0.3193, 0.0, 0.0, 0.0, 1.0],
                [0.991076, -0.055846, 0.121038, -0.056311, 0.071511, -0.543543, -0.83633, 0.099966, 0.112495, 0.837522, -0.534699, -0.245434, 0.0, 0.0, 0.0, 1.0],
                [0.991076, -0.022616, 0.131368, -0.02, 0.071511, -0.741481, -0.667153, -0.150933, 0.112495, 0.670594, -0.733247, -0.405844, 0.0, 0.0, 0.0, 1.0],
                [0.999498, 0.030164, 0.009719, -0.02, 0.028768, -0.734967, -0.677494, -0.088298, -0.013293, 0.677432, -0.735465, -0.548089, 0.0, 0.0, 0.0, 1.0]
            ]
        },
        {
            "name": "Elbow_R",
            "time": [0.0, 0.1, 0.3, 0.35, 0.4, 0.5],
            "transform": [
                [-1.000001, -0.0, -1e-06, -0.0, 0.0, 0.068484, -0.997653, 0.329779, 0.0, -0.997653, -0.068484, 0.0, 0.0, 0.0, 0.0, 1.0],
                [-1.0, -0.0, -0.0, 0.0, 0.0, -0.255227, -0.966881, 0.329779, 0.0, -0.966881, 0.255227, -0.0, 0.0, 0.0, 0.0, 1.0],
                [-1.0, 1e-06, -1e-06, 0.0, 1e-06, 0.726537, -0.687129, 0.329779, 1e-06, -0.687128, -0.726537, 0.0, 0.0, 0.0, 0.0, 1.0],
                [-1.0, 1e-06, -0.0, 0.0, 0.0, 0.737395, -0.675462, 0.329779, 0.0, -0.675462, -0.737395, -0.0, 0.0, 0.0, 0.0, 1.0],
                [-1.000002, -1e-06, 0.0, -0.0, -0.0, 0.082097, -0.996625, 0.329779, 1e-06, -0.996625, -0.082097, -0.0, 0.0, 0.0, 0.0, 1.0],
                [-1.0, 0.0, -0.0, 0.0, 1e-06, 0.657701, -0.753281, 0.329779, 0.0, -0.75328, -0.657701, 0.0, 0.0, 0.0, 0.0, 1.0]
            ]
        },
        {
            "name": "Shoulder_L",
            "time": [0.0, 0.1, 0.3, 0.35, 0.4, 0.5],
            "transform": [
                [0.54623, -0.837136, 0.028902, -0.0, -0.270001, -0.143302, 0.952137, 0.4, -0.792926, -0.527889, -0.304304, -0.0, 0.0, 0.0, 0.0, 1.0],
                [0.541123, -0.840943, 0.001269, 0.0, -0.19482, -0.123892, 0.972983, 0.4, -0.818066, -0.526751, -0.230873, 0.0, 0.0, 0.0, 0.0, 1.0],
                [0.336623, -0.925992, -0.170948, -0.0, 0.013878, -0.176644, 0.984177, 0.4, -0.941537, -0.333669, -0.046612, -0.0, 0.0, 0.0, 0.0, 1.0],
                [0.219836, -0.945762, -0.239178, -0.0, -0.00489, -0.246241, 0.969196, 0.4, -0.975524, -0.211895, -0.058757, 0.0, 0.0, 0.0, 0.0, 1.0],
                [0.033114, -0.995429, -0.089587, 0.0, -0.308233, -0.095438, 0.946512, 0.4, -0.950735, -0.003729, -0.309984, 0.0, 0.0, 0.0, 0.0, 1.0],
                [-0.124613, -0.928912, -0.348702, -0.0, -0.154515, -0.328986, 0.931608, 0.4, -0.9801, 0.16997, -0.102535, 0.0, 0.0, 0.0, 0.0, 1.0]
            ]
        },
        {
            "name": "Arm_L",
            "time": [0.0, 0.1, 0.3, 0.35, 0.4, 0.5],
            "transform": [
                [0.531308, 0.739065, 0.414119, -0.0, 0.386842, 0.223238, -0.894717, 0.388212, -0.753701, 0.635569, -0.167293, 1e-06, 0.0, 0.0, 0.0, 1.0],
                [0.682998, 0.340893, 0.645992, -0.0, 0.594726, 0.253904, -0.76278, 0.388212, -0.424047, 0.905165, -0.029322, 1e-06, 0.0, 0.0, 0.0, 1.0],
                [0.219503, 0.75708, 0.615343, 0.032777, 0.354081, 0.5259, -0.77334, 0.404899, -0.90909, 0.387632, -0.152631, -0.012362, 0.0, 0.0, 0.0, 1.0],
                [0.109122, 0.797928, 0.592791, 0.016389, 0.45499, 0.490119, -0.743483, 0.396555, -0.883785, 0.350845, -0.309566, -0.006181, 0.0, 0.0, 0.0, 1.0],
                [-0.166402, 0.581953, 0.796015, 0.0, 0.059903, 0.811744, -0.580931, 0.388212, -0.984237, -0.048985, -0.169937, 1e-06, 0.0, 0.0, 0.0, 1.0],
                [-0.350671, 0.799711, 0.487329, -0.0, 0.612112, 0.589558, -0.527009, 0.388212, -0.708765, 0.113493, -0.696254, 1e-06, 0.0, 0.0, 0.0, 1.0]
            ]
        },
        {
            "name": "Hand_L",
            "time": [0.0, 0.1, 0.3, 0.35, 0.4, 0.5],
            "transform": [
                [0.996634, -0.046884, -0.067241, -0.0, 0.001886, 0.833185, -0.55299, 0.329779, 0.081951, 0.551002, 0.830471, -0.0, 0.0, 0.0, 0.0, 1.0],
                [0.996697, -0.064988, -0.048692, -0.0, 0.003896, 0.637193, -0.770695, 0.329779, 0.081112, 0.76796, 0.635342, -0.0, 0.0, 0.0, 0.0, 1.0],
                [0.999352, -0.03084, -0.018543, 0.0, -0.005384, 0.381354, -0.924414, 0.329779, 0.035581, 0.923915, 0.380941, -0.0, 0.0, 0.0, 0.0, 1.0],
                [0.995639, -0.061207, -0.070409, 0.0, -0.047684, 0.314809, -0.947957, 0.329779, 0.080187, 0.94718, 0.310517, 0.0, 0.0, 0.0, 0.0, 1.0],
                [0.999999, 0.00092, -0.000889, 0.0, -0.000861, -0.030266, -0.999542, 0.329779, -0.000947, 0.999542, -0.030265, 0.0, 0.0, 0.0, 0.0, 1.0],
                [0.989054, 0.080753, -0.12351, -0.0, -0.147083, 0.607114, -0.780886, 0.329779, 0.011926, 0.790503, 0.612346, 0.0, 0.0, 0.0, 0.0, 1.0]
            ]
        },
        {
            "name": "Tool_L",
            "time": [0.0, 0.1, 0.3, 0.35, 0.4, 0.5],
            "transform": [
                [1.0, 0.0, 0.0, 0.02, 0.0, -1.000001, 0.0, 0.291426, 0.0, -0.0, -1.0, -0.0, 0.0, 0.0, 0.0, 1.0],
                [1.0, 0.0, 0.0, 0.02, 0.0, -1.0, -0.0, 0.291426, 0.0, -0.0, -1.0, 0.0, 0.0, 0.0, 0.0, 1.0],
                [1.0, 0.0, 0.0, 0.02, 0.0, -1.0, 0.0, 0.291426, 0.0, 0.0, -1.0, -0.0, 0.0, 0.0, 0.0, 1.0],
                [1.0, 0.0, 0.0, 0.02, 0.0, -1.0, -0.0, 0.291426, 0.0, 0.0, -1.0, -0.0, 0.0, 0.0, 0.0, 1.0],
                [0.976874, -0.213779, 0.004245, 0.02, -0.093909, -0.446786, -0.889699, 0.652121, 0.192095, 0.868724, -0.456528, 0.294215, 0.0, 0.0, 0.0, 1.0],
                [1.0, 0.0, 0.0, 0.02, 0.0, -1.000001, -0.0, 0.291426, 0.0, -0.0, -0.999999, 0.0, 0.0, 0.0, 0.0, 1.0]
            ]
        },
        {
            "name": "Elbow_L",
            "time": [0.0, 0.1, 0.3, 0.35, 0.4, 0.5],
            "transform": [
                [-1.0, -0.0, -0.0, -0.0, 0.0, 0.288727, -0.957411, 0.329779, 0.0, -0.957411, -0.288727, -0.0, 0.0, 0.0, 0.0, 1.0],
                [-1.0, 0.0, 0.0, -0.0, 0.0, 0.425769, -0.904832, 0.329779, 0.0, -0.904832, -0.425769, -0.0, 0.0, 0.0, 0.0, 1.0],
                [-1.0, 0.0, -0.0, 0.0, 0.0, 0.556245, -0.831018, 0.329779, 0.0, -0.831018, -0.556245, -0.0, 0.0, 0.0, 0.0, 1.0],
                [-1.0, 0.0, -0.0, 0.0, 0.0, 0.586719, -0.809791, 0.329779, -0.0, -0.809791, -0.58672, 0.0, 0.0, 0.0, 0.0, 1.0],
                [-1.0, 0.0, -0.0, 0.0, 0.0, 0.717728, -0.696325, 0.329779, -0.0, -0.696325, -0.717727, 0.0, 0.0, 0.0, 0.0, 1.0],
                [-1.0, 0.0, -0.0, -0.0, 0.0, 0.440234, -0.897883, 0.329779, 0.0, -0.897883, -0.440234, 0.0, 0.0, 0.0, 0.0, 1.0]
            ]
        }
    ]
}