{
    "animation": [
        {
            "name": "Root",
            "time": [0.0, 0.1333, 0.2333, 0.2833, 0.3333, 0.4333],
            "transform": [
                [-0.041241, 0.090702, 0.995024, -5e-06, 0.971837, 0.234898, 0.018867, 0.000946, -0.232017, 0.967779, -0.097835, 0.553393, 0.0, 0.0, 0.0, 1.0],
                [0.498117, 0.090702, 0.862353, -5e-06, 0.841079, 0.191311, -0.505951, 0.04559, -0.210869, 0.97733, 0.019008, 0.505438, 0.0, 0.0, 0.0, 1.0],
                [0.993139, -0.073229, 0.09117, -5e-06, 0.095111, 0.052263, -0.994094, -0.011507, 0.068032, 0.995945, 0.058869, 0.47633, 0.0, 0.0, 0.0, 1.0],
                [0.726279, -0.135193, -0.673975, -5e-06, -0.672451, 0.063636, -0.737401, 0.500946, 0.142581, 0.988774, -0.044693, 0.46773, 0.0, 0.0, 0.0, 1.0],
                [0.121874, -0.16534, -0.978678, -5e-06, -0.984357, 0.10626, -0.140533, 0.850947, 0.12723, 0.980496, -0.149803, 0.45913, 0.0, 0.0, 0.0, 1.0],
                [-0.220203, -0.16534, -0.961339, -5e-06, -0.973058, 0.10626, 0.204612, 0.860947, 0.068321, 0.980496, -0.184284, 0.45913, 0.0, 0.0, 0.0, 1.0]
            ]
        },
        {
            "name": "Thigh_R",
            "time": [0.0, 0.1333, 0.2333, 0.2833, 0.3333, 0.4333],
            "transform": [
                [0.790665, 0.610479, 0.046494, 0.124994, 0.315868, -0.471792, 0.823187, -0.002831, 0.524474, -0.63618, -0.565861, -1.2e-05, 0.0, 0.0, 0.0, 1.0],
                [0.696984, 0.717084, -0.001015, 0.124994, 0.448082, -0.434416, 0.781346, -0.002831, 0.559851, -0.545042, -0.624094, -1.2e-05, 0.0, 0.0, 0.0, 1.0],
                [0.95741, 0.283554, -0.0544, 0.124994, 0.156676, -0.351971, 0.922803, -0.002831, 0.242518, -0.892026, -0.381407, -1.2e-05, 0.0, 0.0, 0.0, 1.0],
                [0.924977, 0.369057, -0.090611, 0.124994, 0.291692, -0.536679, 0.791762, -0.002831, 0.243577, -0.758794, -0.604068, -1.2e-05, 0.0, 0.0, 0.0, 1.0],
                [0.788337, 0.59897, 0.140559, 0.124994, 0.291885, -0.565228, 0.771568, -0.002831, 0.541595, -0.567229, -0.620421, -1.2e-05, 0.0, 0.0, 0.0, 1.0],
                [0.859852, 0.488376, 0.148796, 0.124994, 0.166527, -0.543797, 0.822527, -0.00283, 0.482617, -0.682475, -0.548913, -1.2e-05, 0.0, 0.0, 0.0, 1.0]
            ]
        },
        {
            "name": "Leg_R",
            "time": [0.0, 0.1333, 0.2333, 0.2833, 0.3333, 0.4333],
            "transform": [
                [0.985722, -0.055462, -0.158998, -0.0, 0.166319, 0.172903, 0.970796, 0.37472, -0.026351, -0.983376, 0.179658, -0.0, 0.0, 0.0, 0.0, 1.0],
                [0.964686, 0.059389, -0.256629, 0.0, 0.25764, -0.009904, 0.966191, 0.37472, 0.05484, -0.998187, -0.024855, -0.0, 0.0, 0.0, 0.0, 1.0],
                [0.964956, -0.064617, -0.25434, 0.0, 0.258555, 0.399825, 0.879371, 0.37472, 0.044869, -0.914313, 0.40252, 0.0, 0.0, 0.0, 0.0, 1.0],
                [0.965633, -0.0624, -0.252317, -0.0, 0.258737, 0.32325, 0.910257, 0.37472, 0.024761, -0.944257, 0.328284, -0.0, 0.0, 0.0, 0.0, 1.0],
                [0.96339, -0.063794, -0.260411, -0.0, 0.23565, 0.664733, 0.708944, 0.37472, 0.127877, -0.744354, 0.65543, -0.0, 0.0, 0.0, 0.0, 1.0],
                [0.962422, -0.128981, -0.238982, -0.0, 0.257876, 0.709944, 0.655349, 0.37472, 0.085136, -0.692348, 0.716525, -0.0, 0.0, 0.0, 0.0, 1.0]
            ]
        },
        {
            "name": "Knee_R",
            "time": [0.0, 0.1333, 0.2333, 0.2833, 0.3333, 0.4333],
            "transform": [
                [0.995954, -0.056808, -0.069637, -0.0, -0.017119, 0.64076, -0.767551, 0.37472, 0.088223, 0.765637, 0.637195, -0.0, 0.0, 0.0, 0.0, 1.0],
                [0.989579, -0.024578, -0.141875, 0.0, -0.082339, 0.71173, -0.697611, 0.37472, 0.118123, 0.702023, 0.702289, -0.0, 0.0, 0.0, 0.0, 1.0],
                [0.990434, -0.070663, -0.118526, 0.0, -0.06135, 0.543893, -0.836909, 0.37472, 0.123603, 0.836174, 0.534354, 0.0, 0.0, 0.0, 0.0, 1.0],
                [0.990499, -0.072114, -0.11709, -0.0, -0.054192, 0.577871, -0.814327, 0.37472, 0.126388, 0.812936, 0.568473, -0.0, 0.0, 0.0, 0.0, 1.0],
                [0.990395, -0.060082, -0.124529, -0.0, -0.089762, 0.405654, -0.909609, 0.37472, 0.105167, 0.91205, 0.396364, -0.0, 0.0, 0.0, 0.0, 1.0],
                [0.990215, -0.088291, -0.108065, -0.0, -0.068011, 0.370862, -0.926194, 0.37472, 0.121852, 0.924481, 0.361229, -0.0, 0.0, 0.0, 0.0, 1.0]
            ]
        },
        {
            "name": "Thigh_L",
            "time": [0.0, 0.1333, 0.2333, 0.2833, 0.3333, 0.4333],
            "transform": [
                [0.970101, -0.203747, 0.131878, -0.125006, -0.187667, -0.974279, -0.124745, -0.00283, 0.153903, 0.096266, -0.983386, -1.2e-05, 0.0, 0.0, 0.0, 1.0],
                [0.896112, -0.302768, 0.324523, -0.125006, -0.389838, -0.886459, 0.249433, -0.002831, 0.212156, -0.350031, -0.912396, -1.2e-05, 0.0, 0.0, 0.0, 1.0],
                [0.883415, -0.450453, -0.129113, -0.125006, -0.454011, -0.890994, 0.002093, -0.002831, -0.115982, 0.05677, -0.991628, -1.2e-05, 0.0, 0.0, 0.0, 1.0],
                [0.789769, -0.5604, -0.249429, -0.125006, -0.458122, -0.80928, 0.367681, -0.002831, -0.407907, -0.176114, -0.895877, -1.2e-05, 0.0, 0.0, 0.0, 1.0],
                [0.784755, -0.530695, 0.320191, -0.125006, -0.584261, -0.805825, 0.096363, -0.002831, 0.206878, -0.262697, -0.942439, -1.2e-05, 0.0, 0.0, 0.0, 1.0],
                [0.848239, -0.525091, 0.069067, -0.125006, -0.514631, -0.848004, -0.126668, -0.00283, 0.125081, 0.0719, -0.989538, -1.2e-05, 0.0, 0.0, 0.0, 1.0]
            ]
        },
        {
            "name": "Leg_L",
            "time": [0.0, 0.1333, 0.2333, 0.2833, 0.3333, 0.4333],
            "transform": [
                [0.998391, 0.05665, -0.002017, 0.0, -0.040848, 0.74366, 0.667306, 0.37472, 0.039303, -0.66615, 0.744779, 0.0, 0.0, 0.0, 0.0, 1.0],
                [0.99786, -0.003877, 0.065269, -0.0, -0.048234, 0.6303, 0.77485, 0.37472, -0.044143, -0.776341, 0.628764, -0.0, 0.0, 0.0, 0.0, 1.0],
                [0.99862, -0.004537, 0.05232, 0.0, -0.044286, 0.462695, 0.885409, 0.37472, -0.028225, -0.886504, 0.461856, 0.0, 0.0, 0.0, 0.0, 1.0],
                [0.997351, -0.065376, 0.031867, 0.0, -0.026712, 0.078268, 0.996573, 0.37472, -0.067646, -0.994785, 0.076315, 0.0, 0.0, 0.0, 0.0, 1.0],
                [0.996868, -0.069959, 0.036849, 0.0, -0.019085, 0.239361, 0.970742, 0.37472, -0.076733, -0.968405, 0.237277, 0.0, 0.0, 0.0, 0.0, 1.0],
                [0.998791, 0.020068, 0.044857, -0.0, -0.049003, 0.338311, 0.939755, 0.37472, 0.003683, -0.940819, 0.338886, -0.0, 0.0, 0.0, 0.0, 1.0]
            ]
        },
        {
            "name": "Knee_L",
            "time": [0.0, 0.1333, 0.2833, 0.3333, 0.4333],
            "transform": [
                [0.999584, 0.02815, -0.006245, 0.0, -0.015887, 0.356906, -0.934005, 0.37472, -0.024064, 0.933716, 0.357204, 0.0, 0.0, 0.0, 0.0, 1.0],
                [0.999438, 0.005442, 0.033088, -0.0, 0.027535, 0.429963, -0.902427, 0.37472, -0.019137, 0.90283, 0.429572, -0.0, 0.0, 0.0, 0.0, 1.0],
                [0.999236, -0.026458, 0.028757, 0.0, 0.039076, 0.678486, -0.733573, 0.37472, -0.000102, 0.734136, 0.679002, 0.0, 0.0, 0.0, 0.0, 1.0],
                [0.999124, -0.028634, 0.030526, 0.0, 0.041689, 0.616162, -0.786515, 0.37472, 0.003712, 0.787099, 0.616816, 0.0, 0.0, 0.0, 0.0, 1.0],
                [0.999668, 0.017134, 0.019259, -0.0, 0.005908, 0.57495, -0.818167, 0.37472, -0.025091, 0.818009, 0.574658, -0.0, 0.0, 0.0, 0.0, 1.0]
            ]
        },
        {
            "name": "Torso",
            "time": [0.0, 0.1333, 0.2333, 0.2833, 0.3333, 0.4333],
            "transform": [
                [0.97609, 0.212818, -0.044238, 0.0, -0.217054, 0.943364, -0.250904, 0.05, -0.011664, 0.254507, 0.967001, -0.0, 0.0, 0.0, 0.0, 1.0],
                [0.994082, 0.080725, -0.072689, -0.0, -0.08438, 0.995243, -0.048691, 0.05, 0.068413, 0.054536, 0.996165, 0.0, 0.0, 0.0, 0.0, 1.0],
                [0.983154, 0.177653, -0.042974, -0.0, -0.150535, 0.920378, 0.360892, 0.05, 0.103666, -0.348344, 0.931617, -0.0, 0.0, 0.0, 0.0, 1.0],
                [0.991572, 0.06156, -0.113994, 0.0, -0.039101, 0.981066, 0.189684, 0.05, 0.123513, -0.183628, 0.975205, -0.0, 0.0, 0.0, 0.0, 1.0],
                [0.967633, -0.183024, -0.173746, 0.0, 0.171925, 0.982093, -0.077042, 0.05, 0.184735, 0.044677, 0.981772, -0.0, 0.0, 0.0, 0.0, 1.0],
                [0.967634, -0.183024, -0.173746, -0.0, 0.171925, 0.982093, -0.077042, 0.05, 0.184735, 0.044677, 0.981772, -0.0, 0.0, 0.0, 0.0, 1.0]
            ]
        },
        {
            "name": "Chest",
            "time": [0.0, 0.1333, 0.2333, 0.2833, 0.3333, 0.4333],
            "transform": [
                [0.80453, -0.485844, 0.341595, -0.0, 0.4601, 0.873551, 0.158799, 0.3, -0.375552, 0.02941, 0.926334, -0.0, 0.0, 0.0, 0.0, 1.0],
                [0.846121, -0.022689, 0.532507, 0.0, 0.200108, 0.939528, -0.277929, 0.3, -0.493999, 0.34172, 0.799495, -0.0, 0.0, 0.0, 0.0, 1.0],
                [0.64474, 0.013336, 0.764286, 0.0, 0.144866, 0.979597, -0.1393, 0.3, -0.750549, 0.200531, 0.629653, 0.0, 0.0, 0.0, 0.0, 1.0],
                [0.732157, -0.016025, 0.680948, -0.0, -0.312186, 0.880641, 0.356386, 0.3, -0.605382, -0.473513, 0.639764, -0.0, 0.0, 0.0, 0.0, 1.0],
                [0.709055, 0.011842, -0.705054, 0.0, 0.429465, 0.785777, 0.4451, 0.3, 0.559286, -0.618396, 0.552073, -0.0, 0.0, 0.0, 0.0, 1.0],
                [0.512089, -0.034495, -0.85824, 0.0, 0.62699, 0.697946, 0.346056, 0.3, 0.587068, -0.715319, 0.379039, -0.0, 0.0, 0.0, 0.0, 1.0]
            ]
        },
        {
            "name": "Head",
            "time": [0.0, 0.1333, 0.4333],
            "transform": [
                [0.11796, 0.194909, -0.973702, 0.0, 0.197165, 0.956429, 0.215337, 0.400001, 0.973248, -0.217381, 0.074391, -0.0, 0.0, 0.0, 0.0, 1.0],
                [0.140171, 0.071657, -0.987531, 0.0, 0.238421, 0.965587, 0.103907, 0.4, 0.960993, -0.250013, 0.118263, -0.0, 0.0, 0.0, 0.0, 1.0],
                [-0.365471, -0.130803, 0.921586, 0.0, -0.032354, 0.991264, 0.127862, 0.4, -0.93026, 0.016913, -0.36651, 0.0, 0.0, 0.0, 0.0, 1.0]
            ]
        },
        {
            "name": "Shoulder_R",
            "time": [0.0, 0.1333, 0.2333, 0.2833, 0.3333, 0.4333],
            "transform": [
                [0.511788, 0.857806, 0.047355, 0.0, -0.006284, -0.051382, 0.99866, 0.400001, 0.859089, -0.5114, -0.020906, -0.0, 0.0, 0.0, 0.0, 1.0],
                [0.088651, 0.846776, 0.524511, 0.0, -0.845223, -0.214661, 0.489408, 0.4, 0.527011, -0.486715, 0.696684, -0.0, 0.0, 0.0, 0.0, 1.0],
                [0.147309, 0.849397, 0.50678, 0.0, -0.469316, -0.390994, 0.791749, 0.400001, 0.870657, -0.354472, 0.341039, 0.0, 0.0, 0.0, 0.0, 1.0],
                [0.037655, 0.902697, 0.428626, -0.0, -0.316157, -0.396136, 0.862045, 0.400001, 0.94796, -0.167973, 0.270477, 0.0, 0.0, 0.0, 0.0, 1.0],
                [-0.081768, 0.931875, 0.353446, 0.0, -0.16745, -0.362437, 0.916843, 0.400001, 0.982484, 0.015784, 0.185678, 0.0, 0.0, 0.0, 0.0, 1.0],
                [-0.081768, 0.931875, 0.353446, 0.0, -0.16745, -0.362437, 0.916843, 0.4, 0.982484, 0.015784, 0.185678, 0.0, 0.0, 0.0, 0.0, 1.0]
            ]
        },
        {
            "name": "Arm_R",
            "time": [0.0, 0.1333, 0.2333, 0.2833, 0.3333, 0.4333],
            "transform": [
                [0.102637, -0.958735, -0.265126, 0.0, -0.609077, 0.150154, -0.778768, 0.388213, 0.786442, 0.241412, -0.568532, 1e-06, 0.0, 0.0, 0.0, 1.0],
                [0.068352, -0.865235, -0.496683, -0.0, 0.023961, 0.499127, -0.866196, 0.388213, 0.997373, 0.047305, 0.054848, 0.0, 0.0, 0.0, 0.0, 1.0],
                [0.557011, -0.448581, -0.698937, 0.012358, -0.381275, 0.609532, -0.695053, 0.380772, 0.737813, 0.653639, 0.168484, 0.011537, 0.0, 0.0, 0.0, 1.0],
                [0.563913, -0.669609, -0.483346, 0.006179, -0.239444, 0.427568, -0.871694, 0.384493, 0.790358, 0.607294, 0.080777, 0.005769, 0.0, 0.0, 0.0, 1.0],
                [-0.060908, -0.938249, -0.340554, -0.0, -0.413046, 0.334296, -0.847135, 0.388213, 0.908671, 0.089067, -0.407901, 0.0, 0.0, 0.0, 0.0, 1.0],
                [-0.060908, -0.465471, -0.882964, -0.0, -0.413046, 0.817065, -0.402239, 0.388213, 0.90867, 0.340205, -0.242027, 1e-06, 0.0, 0.0, 0.0, 1.0]
            ]
        },
        {
            "name": "Hand_R",
            "time": [0.0, 0.1333, 0.2333, 0.2833, 0.3333, 0.4333],
            "transform": [
                [0.99173, 0.09806, 0.082806, 0.0, -0.0, 0.645181, -0.76403, 0.329779, -0.128345, 0.757711, 0.639846, -0.0, 0.0, 0.0, 0.0, 1.0],
                [0.954722, -0.243404, -0.171058, 0.0, 0.031258, 0.653873, -0.755958, 0.329779, 0.295853, 0.716383, 0.631876, -0.0, 0.0, 0.0, 0.0, 1.0],
                [0.979697, -0.190717, 0.061814, 0.0, 0.079618, 0.087142, -0.99301, 0.329779, 0.183997, 0.977769, 0.100557, -0.0, 0.0, 0.0, 0.0, 1.0],
                [0.982102, -0.174792, 0.070176, 0.0, 0.131851, 0.371926, -0.918852, 0.329779, 0.134508, 0.911657, 0.388315, -0.0, 0.0, 0.0, 0.0, 1.0],
                [0.983317, -0.16196, 0.082806, 0.0, 0.166985, 0.623197, -0.76403, 0.329779, 0.072138, 0.765111, 0.639846, 0.0, 0.0, 0.0, 0.0, 1.0],
                [0.983317, -0.11354, 0.142115, -0.0, 0.166985, 0.253605, -0.952787, 0.329779, 0.072138, 0.960621, 0.268334, -0.0, 0.0, 0.0, 0.0, 1.0]
            ]
        },
        {
            "name": "Tool_R",
            "time": [0.0, 0.1333, 0.2333, 0.2833, 0.3333, 0.4333],
            "transform": [
                [0.976873, 0.213779, -0.004244, -0.02, 0.160284, -0.745278, -0.647203, 0.469132, -0.141521, 0.631554, -0.762307, 0.348618, 0.0, 0.0, 0.0, 1.0],
                [0.958621, 0.179499, -0.220967, 0.090476, 0.167357, -0.983216, -0.072655, 0.362656, -0.2303, 0.032668, -0.972572, 0.786513, 0.0, 0.0, 0.0, 1.0],
                [0.971748, 0.234275, -0.028667, -0.014267, 0.118581, -0.589621, -0.798928, 0.686935, -0.204072, 0.772957, -0.600743, 0.471891, 0.0, 0.0, 0.0, 1.0],
                [0.97458, 0.223392, -0.017042, -0.02, 0.141169, -0.671376, -0.727548, 0.508312, -0.17397, 0.706648, -0.685846, 0.375578, 0.0, 0.0, 0.0, 1.0],
                [0.976873, 0.213779, -0.004244, -0.02, 0.160284, -0.745278, -0.647203, 0.489474, -0.141521, 0.631554, -0.762307, 0.399415, 0.0, 0.0, 0.0, 1.0],
                [0.976873, 0.213779, -0.004244, -0.02, 0.143717, -0.671163, -0.727245, 0.489474, -0.158318, 0.709816, -0.686365, 0.399415, 0.0, 0.0, 0.0, 1.0]
            ]
        },
        {
            "name": "Elbow_R",
            "time": [0.0, 0.1333, 0.2333, 0.2833, 0.3333, 0.4333],
            "transform": [
                [-1.0, 0.0, -0.0, 0.0, 1e-06, 0.787685, -0.61608, 0.329779, 0.0, -0.616079, -0.787685, -0.0, 0.0, 0.0, 0.0, 1.0],
                [-1.0, -1e-06, 1e-06, 0.0, -1e-06, 0.714645, -0.699489, 0.329779, 0.0, -0.699488, -0.714644, -0.0, 0.0, 0.0, 0.0, 1.0],
                [-1.0, 0.0, -0.0, 0.0, 1e-06, 0.867588, -0.497285, 0.329779, 0.0, -0.497285, -0.867588, -0.0, 0.0, 0.0, 0.0, 1.0],
                [-1.0, 0.0, -0.0, 0.0, 0.0, 0.765652, -0.643257, 0.329779, 0.0, -0.643256, -0.765651, -0.0, 0.0, 0.0, 0.0, 1.0],
                [-1.000001, -1e-06, -2e-06, 0.0, 1e-06, 0.641832, -0.766846, 0.329779, 1e-06, -0.766846, -0.641832, 0.0, 0.0, 0.0, 0.0, 1.0],
                [-1.0, 0.0, -0.0, -0.0, 0.0, 0.752813, -0.658236, 0.329779, 0.0, -0.658235, -0.752813, -0.0, 0.0, 0.0, 0.0, 1.0]
            ]
        },
        {
            "name": "Shoulder_L",
            "time": [0.0, 0.1333, 0.2333, 0.2833, 0.3333, 0.4333],
            "transform": [
                [-0.250008, -0.923971, -0.289434, 0.0, -0.066949, -0.281715, 0.957159, 0.400001, -0.965926, 0.258675, 0.008572, -0.0, 0.0, 0.0, 0.0, 1.0],
                [-0.045437, -0.956118, -0.289434, 0.0, -0.004794, -0.289521, 0.957159, 0.4, -0.998955, 0.044878, 0.008572, -0.0, 0.0, 0.0, 0.0, 1.0],
                [-0.028193, -0.905886, -0.42258, 0.0, -0.013999, -0.422348, 0.906326, 0.400001, -0.999504, 0.031468, -0.000774, 0.0, 0.0, 0.0, 0.0, 1.0],
                [0.025547, -0.906031, -0.422437, -0.0, 0.00746, -0.42239, 0.906383, 0.400001, -0.999645, -0.026307, -0.004032, 0.0, 0.0, 0.0, 0.0, 1.0],
                [0.077534, -0.902933, -0.422728, 0.0, 0.031782, -0.421551, 0.906248, 0.400001, -0.996483, -0.083701, -0.003988, 0.0, 0.0, 0.0, 0.0, 1.0],
                [0.238403, -0.872333, -0.426846, 0.0, 0.107148, -0.413209, 0.90431, 0.4, -0.965237, -0.261326, -0.005041, 0.0, 0.0, 0.0, 0.0, 1.0]
            ]
        },
        {
            "name": "Arm_L",
            "time": [0.0, 0.1333, 0.2333, 0.2833, 0.3333, 0.4333],
            "transform": [
                [0.635955, 0.435351, 0.637205, -0.0, -0.607998, 0.791168, 0.066265, 0.388212, -0.475287, -0.429561, 0.767841, 1e-06, 0.0, 0.0, 0.0, 1.0],
                [0.691209, 0.321585, -0.647158, -0.0, -0.720794, 0.371008, -0.585498, 0.388212, 0.051813, 0.87117, 0.488241, 1e-06, 0.0, 0.0, 0.0, 1.0],
                [0.553696, 0.527885, -0.644017, 0.013518, -0.828051, 0.267273, -0.492844, 0.394775, -0.088036, 0.806166, 0.585105, -0.01074, 0.0, 0.0, 0.0, 1.0],
                [0.569355, 0.659582, -0.490698, 0.006759, -0.781103, 0.247912, -0.573076, 0.391493, -0.256341, 0.70957, 0.656353, -0.005369, 0.0, 0.0, 0.0, 1.0],
                [0.524885, 0.808474, 0.266206, 0.0, -0.743409, 0.587749, -0.319207, 0.388212, -0.414532, -0.030353, 0.909528, 1e-06, 0.0, 0.0, 0.0, 1.0],
                [0.265772, 0.956534, 0.120033, 0.0, -0.867955, 0.291609, -0.402016, 0.388212, -0.419544, 0.002661, 0.907732, 1e-06, 0.0, 0.0, 0.0, 1.0]
            ]
        },
        {
            "name": "Hand_L",
            "time": [0.0, 0.1333, 0.2333, 0.2833, 0.3333, 0.4333],
            "transform": [
                [0.833547, 0.258498, -0.488243, -0.0, -0.421792, 0.868539, -0.260257, 0.329779, 0.356781, 0.422872, 0.832999, -0.0, 0.0, 0.0, 0.0, 1.0],
                [0.991366, 0.122909, 0.045703, -0.0, -0.053952, 0.699969, -0.712132, 0.329779, -0.119518, 0.703517, 0.700557, -0.0, 0.0, 0.0, 0.0, 1.0],
                [0.998969, 0.036976, 0.02641, 0.0, -0.028757, 0.964472, -0.262614, 0.329779, -0.035182, 0.261583, 0.964539, -0.0, 0.0, 0.0, 0.0, 1.0],
                [0.999732, 0.017937, 0.014741, 0.0, -0.015803, 0.990863, -0.133949, 0.329779, -0.017009, 0.13368, 0.990879, -0.0, 0.0, 0.0, 0.0, 1.0],
                [1.0, 0.000866, 0.000942, 0.0, -0.000861, 0.999986, -0.005464, 0.329779, -0.000947, 0.005463, 0.999984, -0.0, 0.0, 0.0, 0.0, 1.0],
                [1.0, 0.000878, 0.000931, 0.0, -0.000861, 0.999836, -0.018102, 0.329779, -0.000947, 0.018101, 0.999835, -0.0, 0.0, 0.0, 0.0, 1.0]
            ]
        },
        {
            "name": "Tool_L",
            "time": [0.0, 0.1333, 0.2333, 0.2833, 0.3333, 0.4333],
            "transform": [
                [1.0, 0.0, 0.0, 0.02, 0.0, -1.0, 0.0, 0.291426, 0.0, 0.0, -0.999999, -0.0, 0.0, 0.0, 0.0, 1.0],
                [1.0, 0.0, 1e-06, 0.02, 0.0, -1.0, -0.0, 0.291426, 0.0, -0.0, -1.0, -0.0, 0.0, 0.0, 0.0, 1.0],
                [1.0, 0.0, 0.0, 0.02, 0.0, -1.0, -0.0, 0.291426, 0.0, -0.0, -1.0, -0.0, 0.0, 0.0, 0.0, 1.0],
                [1.0, 0.0, 0.0, 0.02, 0.0, -1.0, 0.0, 0.291426, 0.0, 0.0, -1.0, -0.0, 0.0, 0.0, 0.0, 1.0],
                [1.0, 0.0, 0.0, 0.02, 0.0, -1.0, 0.0, 0.291426, 0.0, -0.0, -1.0, 0.0, 0.0, 0.0, 0.0, 1.0],
                [1.0, 0.0, 0.0, 0.02, 0.0, -1.0, 0.0, 0.291426, 0.0, 0.0, -1.0, -0.0, 0.0, 0.0, 0.0, 1.0]
            ]
        },
        {
            "name": "Elbow_L",
            "time": [0.0, 0.1333, 0.2333, 0.2833, 0.3333, 0.4333],
            "transform": [
                [-1.0, -0.0, -0.0, -0.0, 0.0, 0.232721, -0.972544, 0.329779, 0.0, -0.972544, -0.232721, -0.0, 0.0, 0.0, 0.0, 1.0],
                [-1.0, -0.0, -0.0, -0.0, 0.0, 0.383657, -0.923476, 0.329779, 0.0, -0.923476, -0.383657, -0.0, 0.0, 0.0, 0.0, 1.0],
                [-1.0, 0.0, -0.0, 0.0, 0.0, 0.132028, -0.991246, 0.329779, 0.0, -0.991246, -0.132028, -0.0, 0.0, 0.0, 0.0, 1.0],
                [-1.0, 1e-06, 0.0, 0.0, -0.0, 0.066999, -0.997753, 0.329779, -1e-06, -0.997753, -0.066999, -0.0, 0.0, 0.0, 0.0, 1.0],
                [-0.999999, -2e-06, 0.0, 0.0, 2e-06, 0.00273, -0.999995, 0.329779, 1e-06, -0.999994, -0.00273, -0.0, 0.0, 0.0, 0.0, 1.0],
                [-0.999997, -2e-06, 1.1e-05, 0.0, 1e-06, 0.00903, -0.99994, 0.329779, 1.1e-05, -0.99994, -0.009034, -0.0, 0.0, 0.0, 0.0, 1.0]
            ]
        }
    ]
}