{
    "animation": [
        {
            "name": "Root",
            "time": [0.0, 0.1, 0.2, 0.25, 0.3, 0.4, 0.5, 0.7],
            "transform": [
                [0.306445, 0.085015, -0.948084, -5e-06, -0.91337, -0.254203, -0.318019, 0.000946, -0.268042, 0.963407, -0.000249, 0.469164, 0.0, 0.0, 0.0, 1.0],
                [0.742592, -0.019626, -0.669457, -5e-06, -0.66865, -0.07884, -0.739386, 0.270946, -0.038269, 0.996694, -0.071669, 0.415743, 0.0, 0.0, 0.0, 1.0],
                [0.96405, -0.245123, -0.10258, -5e-06, -0.055663, 0.191184, -0.979975, 0.530946, 0.259826, 0.950454, 0.170666, 0.395025, 0.0, 0.0, 0.0, 1.0],
                [0.854488, -0.056438, 0.516395, -5e-06, 0.517584, 0.177135, -0.837096, 0.500946, -0.044228, 0.982567, 0.180571, 0.438247, 0.0, 0.0, 0.0, 1.0],
                [0.451955, 0.089128, 0.887577, -5e-06, 0.851397, 0.253819, -0.45902, 1.300946, -0.266196, 0.963137, 0.038831, 0.481468, 0.0, 0.0, 0.0, 1.0],
                [-0.041241, 0.090702, 0.995024, -5e-06, 0.99243, 0.119021, 0.030284, 1.300946, -0.115682, 0.98874, -0.094924, 0.536883, 0.0, 0.0, 0.0, 1.0],
                [-0.04124, 0.090702, 0.995024, -5e-06, 0.986323, 0.162754, 0.026044, 1.323447, -0.159581, 0.982489, -0.096174, 0.543074, 0.0, 0.0, 0.0, 1.0],
                [-0.041241, 0.090702, 0.995024, -5e-06, 0.979748, 0.198969, 0.02247, 1.342197, -0.195941, 0.975799, -0.097071, 0.548233, 0.0, 0.0, 0.0, 1.0]
            ]
        },
        {
            "name": "Thigh_R",
            "time": [0.0, 0.1, 0.2, 0.25, 0.3, 0.4, 0.5, 0.7],
            "transform": [
                [0.896729, 0.350062, -0.270799, 0.124994, 0.351727, -0.192293, 0.91614, -0.002831, 0.268633, -0.916777, -0.295561, -1.2e-05, 0.0, 0.0, 0.0, 1.0],
                [0.733413, 0.673038, -0.095516, 0.124994, 0.669438, -0.690669, 0.273544, -0.002831, 0.118136, -0.264564, -0.957103, -1.2e-05, 0.0, 0.0, 0.0, 1.0],
                [0.938021, 0.210842, 0.275062, 0.124994, 0.283982, -0.922539, -0.26129, -0.00283, 0.198665, 0.323209, -0.925237, -1.2e-05, 0.0, 0.0, 0.0, 1.0],
                [0.883606, 0.378413, 0.275758, 0.124994, 0.380243, -0.923588, 0.048998, -0.00283, 0.273228, 0.06156, -0.959977, -1.2e-05, 0.0, 0.0, 0.0, 1.0],
                [0.320274, 0.940582, -0.112828, 0.124994, 0.676814, -0.143857, 0.721962, -0.00283, 0.662833, -0.307589, -0.682672, -1.2e-05, 0.0, 0.0, 0.0, 1.0],
                [0.6781, 0.616683, 0.399854, 0.124994, 0.687395, -0.724693, -0.048058, -0.002831, 0.260135, 0.307446, -0.915318, -1.2e-05, 0.0, 0.0, 0.0, 1.0],
                [0.703088, 0.660016, 0.264661, 0.124994, 0.582717, -0.748073, 0.317533, -0.002831, 0.407563, -0.069031, -0.910564, -1.2e-05, 0.0, 0.0, 0.0, 1.0],
                [0.742171, 0.653885, 0.147022, 0.124994, 0.455697, -0.653191, 0.604715, -0.002831, 0.491448, -0.381805, -0.782753, -1.2e-05, 0.0, 0.0, 0.0, 1.0]
            ]
        },
        {
            "name": "Leg_R",
            "time": [0.0, 0.1, 0.2, 0.25, 0.3, 0.4, 0.5, 0.7],
            "transform": [
                [0.985806, 0.156354, -0.061139, 0.0, 0.064525, -0.016675, 0.997777, 0.37472, 0.154986, -0.98756, -0.026527, 0.0, 0.0, 0.0, 0.0, 1.0],
                [0.991556, 0.111293, -0.066558, 0.0, 0.035008, 0.264465, 0.96376, 0.37472, 0.124862, -0.957952, 0.258336, 0.0, 0.0, 0.0, 0.0, 1.0],
                [0.995354, -0.010801, -0.095687, 0.0, 0.067206, 0.78958, 0.609958, 0.37472, 0.068964, -0.613556, 0.786636, 0.0, 0.0, 0.0, 0.0, 1.0],
                [0.980178, -0.124125, -0.154417, 0.0, 0.189857, 0.365728, 0.911151, 0.37472, -0.056622, -0.922408, 0.382044, 0.0, 0.0, 0.0, 0.0, 1.0],
                [0.951251, -0.202061, -0.233005, 0.0, 0.254882, 0.089672, 0.962805, 0.37472, -0.173651, -0.975259, 0.136803, -0.0, 0.0, 0.0, 0.0, 1.0],
                [0.978841, -0.181914, -0.093673, 0.0, 0.190258, 0.640719, 0.743827, 0.37472, -0.075294, -0.745914, 0.661773, 0.0, 0.0, 0.0, 0.0, 1.0],
                [0.982228, -0.139002, -0.126122, 0.0, 0.178293, 0.481011, 0.858393, 0.37472, -0.058652, -0.865625, 0.497246, 0.0, 0.0, 0.0, 0.0, 1.0],
                [0.984344, -0.098464, -0.146193, 0.0, 0.170944, 0.331119, 0.927975, 0.37472, -0.042964, -0.938438, 0.342767, -0.0, 0.0, 0.0, 0.0, 1.0]
            ]
        },
        {
            "name": "Knee_R",
            "time": [0.0, 0.1, 0.2, 0.25, 0.3, 0.4, 0.5, 0.7],
            "transform": [
                [0.995818, 0.065489, -0.06371, 0.0, -0.091365, 0.710712, -0.697525, 0.37472, -0.000401, 0.700428, 0.713722, 0.0, 0.0, 0.0, 0.0, 1.0],
                [0.997645, 0.044459, -0.052234, 0.0, -0.068496, 0.605152, -0.793158, 0.37472, -0.003654, 0.794868, 0.606772, 0.0, 0.0, 0.0, 0.0, 1.0],
                [0.998805, -0.013386, -0.047002, 0.0, -0.040132, 0.324168, -0.945148, 0.37472, 0.027888, 0.945905, 0.323244, 0.0, 0.0, 0.0, 0.0, 1.0],
                [0.994572, -0.086047, -0.058507, 0.0, -0.000715, 0.556612, -0.830772, 0.37472, 0.104051, 0.826305, 0.553529, 0.0, 0.0, 0.0, 0.0, 1.0],
                [0.985975, -0.147218, -0.078614, 0.0, 0.038384, 0.658448, -0.751647, 0.37472, 0.16242, 0.738088, 0.654864, -0.0, 0.0, 0.0, 0.0, 1.0],
                [0.994449, -0.101631, -0.027244, 0.0, 0.017087, 0.411478, -0.911259, 0.37472, 0.103822, 0.905736, 0.410931, 0.0, 0.0, 0.0, 0.0, 1.0],
                [0.995223, -0.086921, -0.044443, 0.0, 0.005219, 0.501965, -0.864872, 0.37472, 0.097484, 0.860509, 0.500021, 0.0, 0.0, 0.0, 0.0, 1.0],
                [0.995688, -0.072633, -0.057714, 0.0, -0.005612, 0.573819, -0.818963, 0.37472, 0.092601, 0.815755, 0.570937, -0.0, 0.0, 0.0, 0.0, 1.0]
            ]
        },
        {
            "name": "Thigh_L",
            "time": [0.0, 0.1, 0.2, 0.25, 0.3, 0.4, 0.5, 0.7],
            "transform": [
                [0.912234, -0.407457, 0.042545, -0.125006, -0.400144, -0.863934, 0.305786, -0.002831, -0.087838, -0.295973, -0.951149, -1.2e-05, 0.0, 0.0, 0.0, 1.0],
                [0.819793, -0.460453, 0.340474, -0.125006, -0.542303, -0.43321, 0.719887, -0.002831, -0.183977, -0.774799, -0.604847, -1.2e-05, 0.0, 0.0, 0.0, 1.0],
                [0.923464, -0.105976, 0.368756, -0.125006, -0.355719, 0.123706, 0.926368, -0.00283, -0.14379, -0.986643, 0.076541, -1.2e-05, 0.0, 0.0, 0.0, 1.0],
                [0.925034, 0.171555, 0.338941, -0.125006, -0.328862, -0.084991, 0.940546, -0.00283, 0.190162, -0.981502, -0.022202, -1.2e-05, 0.0, 0.0, 0.0, 1.0],
                [0.892142, -0.411773, 0.185812, -0.125006, -0.450778, -0.838467, 0.306223, -0.00283, 0.029703, -0.356954, -0.93365, -1.2e-05, 0.0, 0.0, 0.0, 1.0],
                [0.846782, -0.270434, 0.458069, -0.125006, -0.476381, -0.768696, 0.426812, -0.002831, 0.236691, -0.579632, -0.779748, -1.2e-05, 0.0, 0.0, 0.0, 1.0],
                [0.901263, -0.275638, 0.334291, -0.125006, -0.365316, -0.898271, 0.244244, -0.002831, 0.232961, -0.342249, -0.910273, -1.2e-05, 0.0, 0.0, 0.0, 1.0],
                [0.940264, -0.251571, 0.229382, -0.125006, -0.27259, -0.959962, 0.064557, -0.002831, 0.203958, -0.123228, -0.971194, -1.2e-05, 0.0, 0.0, 0.0, 1.0]
            ]
        },
        {
            "name": "Leg_L",
            "time": [0.0, 0.1, 0.2, 0.25, 0.3, 0.4, 0.5, 0.7],
            "transform": [
                [0.995433, 0.079219, 0.053253, 0.0, -0.084717, 0.476142, 0.875275, 0.37472, 0.043983, -0.875792, 0.48068, 0.0, 0.0, 0.0, 0.0, 1.0],
                [0.997028, -0.053854, 0.055075, -0.0, -0.02747, 0.419394, 0.907388, 0.37472, -0.071965, -0.906204, 0.416668, -0.0, 0.0, 0.0, 0.0, 1.0],
                [0.999079, 0.033983, 0.02628, 0.0, -0.01749, -0.236977, 0.971358, 0.37472, 0.039238, -0.970921, -0.236163, -0.0, 0.0, 0.0, 0.0, 1.0],
                [0.98573, 0.166484, -0.024928, -0.0, -0.045352, 0.405239, 0.913084, 0.37472, 0.162116, -0.898924, 0.407006, -0.0, 0.0, 0.0, 0.0, 1.0],
                [0.997108, 0.050241, -0.056999, -0.0, -0.001105, 0.75969, 0.650281, 0.37472, 0.075972, -0.648338, 0.75755, 0.0, 0.0, 0.0, 0.0, 1.0],
                [0.998583, 0.042634, -0.031818, 0.0, -0.016307, 0.814621, 0.57976, 0.37472, 0.050638, -0.578421, 0.814162, -0.0, 0.0, 0.0, 0.0, 1.0],
                [0.998615, 0.048284, -0.020831, -0.0, -0.02536, 0.789214, 0.613592, 0.37472, 0.046067, -0.612214, 0.789346, -0.0, 0.0, 0.0, 0.0, 1.0],
                [0.998547, 0.052635, -0.011496, 0.0, -0.033047, 0.766922, 0.640886, 0.37472, 0.042549, -0.639575, 0.767547, 0.0, 0.0, 0.0, 0.0, 1.0]
            ]
        },
        {
            "name": "Knee_L",
            "time": [0.0, 0.1, 0.2, 0.25, 0.3, 0.4, 0.5, 0.7],
            "transform": [
                [0.998772, 0.046967, 0.015771, 0.0, -0.01038, 0.509631, -0.86033, 0.37472, -0.048445, 0.85911, 0.509493, 0.0, 0.0, 0.0, 0.0, 1.0],
                [0.999193, -0.018876, 0.035444, -0.0, 0.040029, 0.538581, -0.841622, 0.37472, -0.003203, 0.842362, 0.538902, -0.0, 0.0, 0.0, 0.0, 1.0],
                [0.999715, 0.023385, 0.004879, 0.0, -0.015372, 0.786098, -0.617912, 0.37472, -0.018286, 0.61766, 0.786233, -0.0, 0.0, 0.0, 0.0, 1.0],
                [0.996114, 0.079813, -0.037235, -0.0, -0.074589, 0.53971, -0.83854, 0.37472, -0.04683, 0.838059, 0.543566, -0.0, 0.0, 0.0, 0.0, 1.0],
                [0.999254, 0.020036, -0.033019, -0.0, -0.037916, 0.346112, -0.937427, 0.37472, -0.007354, 0.937979, 0.346614, 0.0, 0.0, 0.0, 0.0, 1.0],
                [0.999637, 0.018846, -0.019239, 0.0, -0.024059, 0.303884, -0.952405, 0.37472, -0.012102, 0.952522, 0.304227, -0.0, 0.0, 0.0, 0.0, 1.0],
                [0.999645, 0.022415, -0.014445, -0.0, -0.02093, 0.323882, -0.945866, 0.37472, -0.016523, 0.945832, 0.324236, -0.0, 0.0, 0.0, 0.0, 1.0],
                [0.999626, 0.025317, -0.010376, 0.0, -0.018381, 0.340448, -0.940084, 0.37472, -0.020268, 0.939923, 0.340786, 0.0, 0.0, 0.0, 0.0, 1.0]
            ]
        },
        {
            "name": "Torso",
            "time": [0.0, 0.1, 0.2, 0.25, 0.3, 0.4, 0.5, 0.7],
            "transform": [
                [0.986959, 0.038772, 0.156234, -0.0, 0.050082, 0.848433, -0.526928, 0.05, -0.152984, 0.527881, 0.835427, -0.0, 0.0, 0.0, 0.0, 1.0],
                [0.955467, -0.265834, 0.128122, -0.0, 0.240686, 0.953219, 0.182876, 0.05, -0.170743, -0.143895, 0.974752, -0.0, 0.0, 0.0, 0.0, 1.0],
                [0.985331, 0.049264, 0.163386, 0.0, -0.125751, 0.856837, 0.500017, 0.05, -0.115363, -0.513228, 0.850464, 0.0, 0.0, 0.0, 0.0, 1.0],
                [0.987047, 0.130768, 0.092944, -0.0, -0.145613, 0.973408, 0.176845, 0.05, -0.067347, -0.188088, 0.97984, -0.0, 0.0, 0.0, 0.0, 1.0],
                [0.983038, 0.183367, -0.003502, 0.0, -0.181215, 0.96821, -0.172426, 0.05, -0.028227, 0.170136, 0.985016, -0.0, 0.0, 0.0, 0.0, 1.0],
                [0.991167, 0.132345, -0.008581, -0.0, -0.128856, 0.945684, -0.298459, 0.05, -0.031385, 0.296929, 0.954384, -0.0, 0.0, 0.0, 0.0, 1.0],
                [0.998123, 0.058308, 0.018738, -0.0, -0.05086, 0.959579, -0.276806, 0.05, -0.034121, 0.275334, 0.960743, -0.0, 0.0, 0.0, 0.0, 1.0],
                [0.990638, 0.135864, -0.013282, -0.0, -0.1345, 0.954769, -0.265191, 0.05, -0.023349, 0.264495, 0.964105, 0.0, 0.0, 0.0, 0.0, 1.0]
            ]
        },
        {
            "name": "Chest",
            "time": [0.0, 0.1, 0.2, 0.25, 0.3, 0.4, 0.5, 0.7],
            "transform": [
                [0.738634, 0.002345, -0.674104, 0.0, 0.379788, 0.824736, 0.419014, 0.3, 0.556939, -0.565514, 0.608287, 0.0, 0.0, 0.0, 0.0, 1.0],
                [0.539945, 0.110374, -0.834432, 0.0, 0.231503, 0.933656, 0.2733, 0.3, 0.809238, -0.340741, 0.478571, -0.0, 0.0, 0.0, 0.0, 1.0],
                [0.41743, 0.13338, -0.898867, 0.0, -0.108299, 0.989422, 0.096523, 0.3, 0.902232, 0.057054, 0.427459, -0.0, 0.0, 0.0, 0.0, 1.0],
                [0.771413, 0.155909, -0.61694, -0.0, -0.176464, 0.983909, 0.027998, 0.3, 0.611378, 0.08727, 0.786512, 0.0, 0.0, 0.0, 0.0, 1.0],
                [0.815424, -0.170941, 0.553048, 0.0, 0.168985, 0.984082, 0.055014, 0.3, -0.553649, 0.048597, 0.831331, 0.0, 0.0, 0.0, 0.0, 1.0],
                [0.702446, -0.16116, 0.693251, 0.0, 0.010229, 0.976212, 0.216576, 0.3, -0.711664, -0.145042, 0.687384, 0.0, 0.0, 0.0, 0.0, 1.0],
                [0.403786, -0.265908, 0.875357, -0.0, 0.043545, 0.961329, 0.271937, 0.3, -0.913817, -0.071687, 0.39975, -0.0, 0.0, 0.0, 0.0, 1.0],
                [0.664386, -0.370378, 0.649162, -0.0, 0.266689, 0.928878, 0.257027, 0.3, -0.69819, 0.002359, 0.715909, 0.0, 0.0, 0.0, 0.0, 1.0]
            ]
        },
        {
            "name": "Head",
            "time": [0.0, 0.5, 0.7],
            "transform": [
                [-0.263902, -0.159467, 0.951277, -0.0, 0.103761, 0.975822, 0.192367, 0.4, -0.958952, 0.149472, -0.240975, -0.0, 0.0, 0.0, 0.0, 1.0],
                [-0.385715, 0.287679, -0.876621, 0.0, 0.19179, 0.95439, 0.228812, 0.400001, 0.902463, -0.079871, -0.423297, 0.0, 0.0, 0.0, 0.0, 1.0],
                [-0.119968, 0.262438, -0.957462, 0.0, 0.221491, 0.947195, 0.231871, 0.4, 0.967755, -0.184252, -0.17176, 0.0, 0.0, 0.0, 0.0, 1.0]
            ]
        },
        {
            "name": "Shoulder_R",
            "time": [0.0, 0.1, 0.2, 0.25, 0.3, 0.4, 0.5, 0.7],
            "transform": [
                [-0.24977, 0.923995, 0.289564, -0.0, 0.067845, -0.281607, 0.957127, 0.4, 0.965925, 0.258708, 0.007649, -0.0, 0.0, 0.0, 0.0, 1.0],
                [-0.090734, 0.909073, 0.406635, -0.0, -0.113297, -0.415091, 0.902697, 0.4, 0.98941, 0.035835, 0.140658, 0.0, 0.0, 0.0, 0.0, 1.0],
                [0.106878, 0.879286, 0.464147, -0.0, -0.337408, -0.407045, 0.848805, 0.4, 0.935272, -0.247325, 0.253174, 0.0, 0.0, 0.0, 0.0, 1.0],
                [-0.072134, 0.907831, 0.413084, 0.0, -0.193599, -0.41903, 0.887092, 0.4, 0.978426, -0.015984, 0.205981, 0.0, 0.0, 0.0, 0.0, 1.0],
                [0.498178, 0.86344, 0.07931, -0.0, -0.068827, -0.051801, 0.996283, 0.4, 0.864339, -0.501785, 0.033622, -0.0, 0.0, 0.0, 0.0, 1.0],
                [0.511788, 0.857806, 0.047355, -0.0, -0.006284, -0.051382, 0.99866, 0.400001, 0.859089, -0.5114, -0.020906, -0.0, 0.0, 0.0, 0.0, 1.0],
                [0.495942, 0.864278, 0.08406, 0.0, -0.078257, -0.051925, 0.99558, 0.400001, 0.864823, -0.500328, 0.041884, 0.0, 0.0, 0.0, 0.0, 1.0],
                [0.504464, 0.860963, 0.065261, 0.0, -0.041141, -0.051529, 0.997824, 0.4, 0.862452, -0.506051, 0.009426, 0.0, 0.0, 0.0, 0.0, 1.0]
            ]
        },
        {
            "name": "Arm_R",
            "time": [0.0, 0.1, 0.2, 0.25, 0.3, 0.4, 0.5, 0.7],
            "transform": [
                [0.862491, -0.443807, -0.243191, 0.0, 0.500017, 0.821435, 0.274274, 0.388213, 0.078041, -0.358158, 0.930393, 1e-06, 0.0, 0.0, 0.0, 1.0],
                [0.87386, -0.32186, -0.364381, -0.0, 0.446308, 0.828314, 0.33868, 0.388213, 0.192814, -0.458585, 0.86748, 1e-06, 0.0, 0.0, 0.0, 1.0],
                [0.901242, -0.208775, -0.379704, 0.0, 0.404079, 0.721349, 0.562471, 0.388213, 0.156469, -0.660352, 0.734473, 1e-06, 0.0, 0.0, 0.0, 1.0],
                [0.933432, -0.27926, 0.225206, 0.0, 0.211276, 0.935246, 0.284033, 0.388213, -0.289942, -0.217544, 0.931991, 0.0, 0.0, 0.0, 0.0, 1.0],
                [0.68905, -0.722393, 0.057935, 0.0, 0.694651, 0.635568, -0.336916, 0.388213, 0.206564, 0.272396, 0.93975, 1e-06, 0.0, 0.0, 0.0, 1.0],
                [0.370184, -0.915071, -0.160023, 0.0, 0.743692, 0.395153, -0.539235, 0.388213, 0.556673, 0.080609, 0.826811, 1e-06, 0.0, 0.0, 0.0, 1.0],
                [0.23977, -0.96997, 0.040832, -0.0, 0.226245, 0.014927, -0.973955, 0.388213, 0.944099, 0.242763, 0.22303, 0.0, 0.0, 0.0, 0.0, 1.0],
                [-0.006096, -0.999979, -0.001533, 0.0, 0.926695, -0.005073, -0.375779, 0.388213, 0.375764, -0.003711, 0.926707, 0.0, 0.0, 0.0, 0.0, 1.0]
            ]
        },
        {
            "name": "Hand_R",
            "time": [0.0, 0.1, 0.2, 0.25, 0.3, 0.4, 0.5, 0.7],
            "transform": [
                [-0.094521, -0.052629, 0.994132, -0.0, 0.627629, 0.771995, 0.100544, 0.329779, -0.772754, 0.633448, -0.039938, 0.0, 0.0, 0.0, 0.0, 1.0],
                [0.009299, -0.062832, 0.997982, -0.0, 0.273779, 0.96005, 0.057892, 0.329779, -0.961748, 0.272688, 0.02613, -0.0, 0.0, 0.0, 0.0, 1.0],
                [-3.3e-05, -0.103393, 0.994641, 0.0, 0.315982, 0.943681, 0.098106, 0.329779, -0.948766, 0.314291, 0.032639, -0.0, 0.0, 0.0, 0.0, 1.0],
                [-0.048962, -0.046964, 0.997696, -0.0, 0.156952, 0.986123, 0.054122, 0.329779, -0.986392, 0.15924, -0.040912, 0.0, 0.0, 0.0, 0.0, 1.0],
                [-0.104882, 1e-06, 0.994485, 0.0, 0.0, 1.0, -0.0, 0.329779, -0.994485, 0.0, -0.104882, 0.0, 0.0, 0.0, 0.0, 1.0],
                [-0.104882, 0.0, 0.994485, -0.0, 0.0, 1.0, -1e-06, 0.329779, -0.994485, 0.0, -0.104882, 0.0, 0.0, 0.0, 0.0, 1.0],
                [-0.421967, 0.186981, 0.88712, 0.0, 0.29603, 0.953285, -0.060118, 0.329779, -0.856919, 0.237246, -0.457607, 0.0, 0.0, 0.0, 0.0, 1.0],
                [0.523589, 0.295959, 0.798914, -0.0, 0.336391, 0.78972, -0.513016, 0.329779, -0.782749, 0.537356, 0.31393, 0.0, 0.0, 0.0, 0.0, 1.0]
            ]
        },
        {
            "name": "Tool_R",
            "time": [0.0, 0.1, 0.2, 0.25, 0.3, 0.4, 0.5, 0.7],
            "transform": [
                [0.996922, -0.078317, -0.003744, -0.02, -0.057974, -0.70414, -0.707691, -0.175763, 0.052788, 0.705728, -0.706514, -0.562109, 0.0, 0.0, 0.0, 1.0],
                [0.987017, -0.15359, 0.04699, -0.02, -0.068388, -0.666585, -0.742286, -0.094062, 0.145331, 0.729434, -0.668434, -0.437904, 0.0, 0.0, 0.0, 1.0],
                [0.950617, -0.285355, 0.12207, -0.068828, -0.132347, -0.728449, -0.672196, 0.197139, 0.280736, 0.622844, -0.730241, -0.190205, 0.0, 0.0, 0.0, 1.0],
                [0.974217, -0.2023, 0.099887, -0.02, 0.005431, -0.421573, -0.906779, -0.248669, 0.22555, 0.88394, -0.409605, -0.416608, 0.0, 0.0, 0.0, 1.0],
                [0.989921, -0.116932, 0.079891, -0.02, -0.025449, -0.701827, -0.711894, -0.022808, 0.139313, 0.702686, -0.697728, -0.49268, 0.0, 0.0, 0.0, 1.0],
                [0.976873, 0.213779, -0.004244, -0.02, 0.146469, -0.683497, -0.715108, -0.077671, -0.155776, 0.697948, -0.699002, -0.613432, 0.0, 0.0, 0.0, 1.0],
                [0.976873, 0.213779, -0.004244, -0.02, 0.151804, -0.707384, -0.690337, 0.127381, -0.150582, 0.673727, -0.723476, -0.252663, 0.0, 0.0, 0.0, 1.0],
                [0.976874, 0.213779, -0.004244, -0.02, 0.156111, -0.726639, -0.669049, 0.298256, -0.146112, 0.652913, -0.743207, 0.047977, 0.0, 0.0, 0.0, 1.0]
            ]
        },
        {
            "name": "Elbow_R",
            "time": [0.0, 0.1, 0.2, 0.25, 0.3, 0.4, 0.5, 0.7],
            "transform": [
                [-1.000001, 0.0, -1e-06, -0.0, 0.0, 0.729015, -0.6845, 0.329779, 0.0, -0.684499, -0.729014, 0.0, 0.0, 0.0, 0.0, 1.0],
                [-1.0, 0.0, -1e-06, -0.0, 1e-06, 0.779416, -0.626509, 0.329779, 0.0, -0.626508, -0.779415, -0.0, 0.0, 0.0, 0.0, 1.0],
                [-1.0, -0.0, -0.0, 0.0, 0.0, -0.497717, -0.867341, 0.329779, -0.0, -0.867341, 0.497716, -0.0, 0.0, 0.0, 0.0, 1.0],
                [-1.000001, 0.0, -0.0, -0.0, 0.0, -0.26139, -0.965235, 0.329779, -0.0, -0.965234, 0.261389, 0.0, 0.0, 0.0, 0.0, 1.0],
                [-1.0, 2e-06, -0.0, 0.0, 1e-06, 0.454911, -0.890538, 0.329779, -1e-06, -0.890537, -0.454911, 0.0, 0.0, 0.0, 0.0, 1.0],
                [-1.0, 0.0, -1e-06, -0.0, 0.0, 0.454913, -0.890537, 0.329779, 0.0, -0.890536, -0.454913, 0.0, 0.0, 0.0, 0.0, 1.0],
                [-1.0, 0.0, -0.0, 0.0, 1e-06, 0.231018, -0.97295, 0.329779, -0.0, -0.97295, -0.231018, 0.0, 0.0, 0.0, 0.0, 1.0],
                [-1.0, 0.0, -0.0, -0.0, 0.0, 0.837837, -0.545923, 0.329779, -0.0, -0.545923, -0.837836, 0.0, 0.0, 0.0, 0.0, 1.0]
            ]
        },
        {
            "name": "Shoulder_L",
            "time": [0.0, 0.1, 0.2, 0.25, 0.3, 0.4, 0.5, 0.7],
            "transform": [
                [0.489271, -0.844737, -0.216869, -0.0, 0.105255, -0.189653, 0.976193, 0.4, -0.865757, -0.50045, -0.003879, -0.0, 0.0, 0.0, 0.0, 1.0],
                [0.50352, -0.858541, -0.096825, -0.0, 0.045421, -0.08561, 0.995293, 0.4, -0.862789, -0.505548, -0.00411, 0.0, 0.0, 0.0, 0.0, 1.0],
                [0.519704, -0.853963, -0.025569, -0.0, -0.035507, -0.051492, 0.998042, 0.4, -0.853608, -0.517779, -0.057082, 0.0, 0.0, 0.0, 0.0, 1.0],
                [0.507986, -0.855453, -0.100744, 0.0, 0.024769, -0.102403, 0.994434, 0.4, -0.861008, -0.507654, -0.03083, 0.0, 0.0, 0.0, 0.0, 1.0],
                [0.159461, -0.956766, -0.243248, -0.0, -0.055003, -0.254629, 0.965473, 0.4, -0.98567, -0.140576, -0.093229, -0.0, 0.0, 0.0, 0.0, 1.0],
                [-0.311251, -0.926564, -0.21119, -0.0, 0.199935, -0.2811, 0.93862, 0.400001, -0.929058, 0.249922, 0.272746, -0.0, 0.0, 0.0, 0.0, 1.0],
                [-0.290825, -0.926957, -0.237004, 0.0, 0.100417, -0.275915, 0.955922, 0.400001, -0.951492, 0.254206, 0.173325, 0.0, 0.0, 0.0, 0.0, 1.0],
                [-0.271355, -0.926142, -0.261964, 0.0, 0.016476, -0.276606, 0.960842, 0.4, -0.962338, 0.256413, 0.090318, 0.0, 0.0, 0.0, 0.0, 1.0]
            ]
        },
        {
            "name": "Arm_L",
            "time": [0.0, 0.1, 0.2, 0.25, 0.3, 0.4, 0.5, 0.7],
            "transform": [
                [-0.294761, 0.888953, 0.35054, -0.0, 0.126655, 0.399946, -0.907745, 0.388212, -0.947139, -0.223171, -0.230479, 1e-06, 0.0, 0.0, 0.0, 1.0],
                [-0.333889, 0.916759, 0.219246, -0.0, 0.590124, 0.384672, -0.709774, 0.388212, -0.735031, -0.107603, -0.66944, 1e-06, 0.0, 0.0, 0.0, 1.0],
                [-0.392635, 0.740062, 0.546027, -0.0, 0.524998, 0.667823, -0.527626, 0.388212, -0.755126, 0.079499, -0.650741, 1e-06, 0.0, 0.0, 0.0, 1.0],
                [0.401766, 0.778413, 0.482345, -0.0, 0.5919, 0.181166, -0.785387, 0.388212, -0.698739, 0.601042, -0.387957, 1e-06, 0.0, 0.0, 0.0, 1.0],
                [0.234611, 0.510416, 0.827305, -0.0, 0.202558, 0.806708, -0.555151, 0.388212, -0.950751, 0.297822, 0.085874, 1e-06, 0.0, 0.0, 0.0, 1.0],
                [-0.127751, 0.183737, 0.974639, 0.0, -0.23302, 0.949623, -0.209564, 0.388212, -0.964044, -0.253882, -0.078501, 1e-06, 0.0, 0.0, 0.0, 1.0],
                [-0.374034, 0.552657, 0.74476, -0.0, -0.398066, 0.629645, -0.667151, 0.388212, -0.837641, -0.546001, -0.015515, 1e-06, 0.0, 0.0, 0.0, 1.0],
                [0.158377, 0.519999, 0.839355, -0.0, -0.61653, 0.716079, -0.327294, 0.388212, -0.771237, -0.465652, 0.434006, 1e-06, 0.0, 0.0, 0.0, 1.0]
            ]
        },
        {
            "name": "Hand_L",
            "time": [0.0, 0.1, 0.2, 0.25, 0.3, 0.4, 0.5, 0.7],
            "transform": [
                [0.980998, 0.008014, -0.193857, 0.0, -0.102342, 0.870219, -0.48192, 0.329779, 0.164836, 0.492602, 0.854502, 0.0, 0.0, 0.0, 0.0, 1.0],
                [0.983159, 0.076902, -0.165786, -0.0, -0.179141, 0.584999, -0.791003, 0.329779, 0.036155, 0.807382, 0.588923, 0.0, 0.0, 0.0, 0.0, 1.0],
                [0.992145, 0.106059, -0.066326, -0.0, -0.11708, 0.600632, -0.790908, 0.329779, -0.044045, 0.792461, 0.608331, 0.0, 0.0, 0.0, 0.0, 1.0],
                [0.996172, -0.008616, -0.087003, -0.0, -0.062217, 0.629274, -0.774691, 0.329779, 0.061423, 0.777138, 0.626327, 0.0, 0.0, 0.0, 0.0, 1.0],
                [0.993047, -0.075219, -0.090549, -0.0, -0.067957, 0.261763, -0.962738, 0.329779, 0.096119, 0.962197, 0.254832, -0.0, 0.0, 0.0, 0.0, 1.0],
                [0.922367, 0.323254, -0.211534, 0.0, -0.355741, 0.497216, -0.791345, 0.329779, -0.150627, 0.805161, 0.57361, 0.0, 0.0, 0.0, 0.0, 1.0],
                [0.906494, 0.280708, -0.315394, 0.0, -0.420731, 0.663226, -0.618966, 0.329779, 0.035428, 0.693784, 0.719313, 0.0, 0.0, 0.0, 0.0, 1.0],
                [0.876465, 0.261468, -0.404283, 0.0, -0.438505, 0.780226, -0.44605, 0.329779, 0.198804, 0.568227, 0.798496, 0.0, 0.0, 0.0, 0.0, 1.0]
            ]
        },
        {
            "name": "Tool_L",
            "time": [0.0, 0.1, 0.2, 0.25, 0.3, 0.4, 0.5, 0.7],
            "transform": [
                [1.0, 0.0, 0.0, 0.02, 0.0, -0.999999, -0.0, 0.291426, 0.0, -0.0, -1.0, 0.0, 0.0, 0.0, 0.0, 1.0],
                [1.0, 0.0, 0.0, 0.02, 0.0, -0.999999, -0.0, 0.291426, 0.0, 0.0, -1.0, -0.0, 0.0, 0.0, 0.0, 1.0],
                [1.0, 0.0, 0.0, 0.02, 0.0, -1.0, 0.0, 0.291426, 0.0, 0.0, -1.0, 0.0, 0.0, 0.0, 0.0, 1.0],
                [1.0, 0.0, 0.0, 0.02, 0.0, -0.999999, 0.0, 0.291426, 0.0, 0.0, -1.0, -0.0, 0.0, 0.0, 0.0, 1.0],
                [1.0, 0.0, 0.0, 0.02, 0.0, -1.0, -0.0, 0.291426, 0.0, 0.0, -1.0, -0.0, 0.0, 0.0, 0.0, 1.0],
                [1.0, 0.0, 0.0, 0.02, 0.0, -1.0, 0.0, 0.291426, 0.0, 0.0, -1.0, -0.0, 0.0, 0.0, 0.0, 1.0],
                [1.0, 0.0, 0.0, 0.02, 0.0, -1.0, -0.0, 0.291426, 0.0, 0.0, -1.0, -0.0, 0.0, 0.0, 0.0, 1.0],
                [1.0, 0.0, 0.0, 0.02, 0.0, -1.0, 0.0, 0.291426, 0.0, 0.0, -1.0, -0.0, 0.0, 0.0, 0.0, 1.0]
            ]
        },
        {
            "name": "Elbow_L",
            "time": [0.0, 0.1, 0.2, 0.25, 0.3, 0.4, 0.5, 0.7],
            "transform": [
                [-1.0, 0.0, -1e-06, 0.0, 1e-06, 0.258503, -0.96601, 0.329779, -0.0, -0.96601, -0.258503, 0.0, 0.0, 0.0, 0.0, 1.0],
                [-1.0, 0.0, -0.0, -0.0, 0.0, 0.453151, -0.891434, 0.329779, 0.0, -0.891434, -0.453151, 0.0, 0.0, 0.0, 0.0, 1.0],
                [-1.0, 0.0, -1e-06, -0.0, 0.0, 0.442198, -0.896918, 0.329779, 0.0, -0.896918, -0.442198, 0.0, 0.0, 0.0, 0.0, 1.0],
                [-1.0, 0.0, -0.0, -0.0, 0.0, 0.43156, -0.902084, 0.329779, 0.0, -0.902084, -0.43156, 0.0, 0.0, 0.0, 0.0, 1.0],
                [-1.0, 0.0, -0.0, -0.0, 0.0, 0.609911, -0.79247, 0.329779, 0.0, -0.79247, -0.609911, -0.0, 0.0, 0.0, 0.0, 1.0],
                [-1.0, 0.0, -0.0, 0.0, 0.0, 0.458132, -0.888884, 0.329779, 0.0, -0.888884, -0.458132, 0.0, 0.0, 0.0, 0.0, 1.0],
                [-1.0, -0.0, -0.0, 0.0, 0.0, 0.374324, -0.927298, 0.329779, 0.0, -0.927298, -0.374324, 0.0, 0.0, 0.0, 0.0, 1.0],
                [-1.0, 0.0, -1e-06, 0.0, 0.0, 0.304336, -0.952565, 0.329779, 0.0, -0.952564, -0.304336, 0.0, 0.0, 0.0, 0.0, 1.0]
            ]
        }
    ]
}