{
    "animation": [
        {
            "name": "Root",
            "time": [0.0, 1.0, 2.6667],
            "transform": [
                [0.920505, -0.0, -0.390731, -5e-06, -0.390731, 0.0, -0.920505, 0.000946, 0.0, 1.0, -0.0, 0.708638, 0.0, 0.0, 0.0, 1.0],
                [0.920505, -0.0, -0.390731, -5e-06, -0.390731, 0.0, -0.920505, 0.001464, 0.0, 1.0, -0.0, 0.723982, 0.0, 0.0, 0.0, 1.0],
                [0.920505, -0.0, -0.390731, -5e-06, -0.390731, 0.0, -0.920505, 0.000946, 0.0, 1.0, -0.0, 0.708638, 0.0, 0.0, 0.0, 1.0]
            ]
        },
        {
            "name": "Thigh_R",
            "time": [0.0, 1.0, 2.6667],
            "transform": [
                [0.987303, 0.145565, 0.063588, 0.122107, 0.134523, -0.979083, 0.152633, 0.01788, 0.084476, -0.142141, -0.986235, -0.000259, 0.0, 0.0, 0.0, 1.0],
                [0.989618, 0.129317, 0.062721, 0.122107, 0.130832, -0.991187, -0.020665, 0.01788, 0.059496, 0.028656, -0.997818, -0.000259, 0.0, 0.0, 0.0, 1.0],
                [0.987303, 0.145565, 0.063588, 0.122107, 0.134523, -0.979083, 0.152633, 0.01788, 0.084476, -0.142141, -0.986235, -0.000259, 0.0, 0.0, 0.0, 1.0]
            ]
        },
        {
            "name": "Leg_R",
            "time": [0.0, 1.0, 2.6667],
            "transform": [
                [1.0, 3e-06, 4e-06, -0.0, -4e-06, 0.917519, 0.397697, 0.37472, -2e-06, -0.397696, 0.917517, -0.0, 0.0, 0.0, 0.0, 1.0],
                [1.0, 4e-06, 3e-06, -0.0, -4e-06, 0.997971, 0.063691, 0.37472, -2e-06, -0.063691, 0.997969, 0.0, 0.0, 0.0, 0.0, 1.0],
                [1.0, 3e-06, 4e-06, -0.0, -4e-06, 0.917519, 0.397697, 0.37472, -2e-06, -0.397696, 0.917517, -0.0, 0.0, 0.0, 0.0, 1.0]
            ]
        },
        {
            "name": "Knee_R",
            "time": [0.0, 1.0, 2.6667],
            "transform": [
                [1.0, 2e-06, -4e-06, -0.0, -4e-06, 3e-06, -1.0, 0.37472, -2e-06, 1.0, 3e-06, -0.0, 0.0, 0.0, 0.0, 1.0],
                [1.0, 2e-06, -4e-06, 0.0, -4e-06, 3e-06, -1.0, 0.37472, -2e-06, 1.0, 3e-06, 0.0, 0.0, 0.0, 0.0, 1.0],
                [1.0, 2e-06, -4e-06, -0.0, -4e-06, 3e-06, -1.0, 0.37472, -2e-06, 1.0, 3e-06, -0.0, 0.0, 0.0, 0.0, 1.0]
            ]
        },
        {
            "name": "Thigh_L",
            "time": [0.0, 1.0, 2.6667],
            "transform": [
                [0.991303, -0.113954, -0.065828, -0.134553, -0.088772, -0.948287, 0.304748, 0.01788, -0.097151, -0.296254, -0.950155, -0.006238, 0.0, 0.0, 0.0, 1.0],
                [0.991574, -0.100797, -0.081376, -0.134553, -0.086845, -0.983324, 0.159788, 0.01788, -0.096125, -0.151375, -0.983792, -0.006238, 0.0, 0.0, 0.0, 1.0],
                [0.991303, -0.113954, -0.065828, -0.134553, -0.088772, -0.948287, 0.304748, 0.01788, -0.097151, -0.296254, -0.950155, -0.006238, 0.0, 0.0, 0.0, 1.0]
            ]
        },
        {
            "name": "Leg_L",
            "time": [0.0, 1.0, 2.6667],
            "transform": [
                [0.999999, 1e-06, 1e-06, -0.0, -1e-06, 0.911849, 0.410523, 0.37472, -1e-06, -0.410523, 0.91185, 0.0, 0.0, 0.0, 0.0, 1.0],
                [0.999999, 1e-06, 1e-06, 0.0, -1e-06, 0.991692, 0.128622, 0.37472, -1e-06, -0.128622, 0.991693, 0.0, 0.0, 0.0, 0.0, 1.0],
                [0.999999, 1e-06, 1e-06, -0.0, -1e-06, 0.911849, 0.410523, 0.37472, -1e-06, -0.410523, 0.91185, 0.0, 0.0, 0.0, 0.0, 1.0]
            ]
        },
        {
            "name": "Knee_L",
            "time": [0.0, 1.0, 2.6667],
            "transform": [
                [1.0, 1e-06, -1e-06, -0.0, -1e-06, 0.209942, -0.977714, 0.37472, -0.0, 0.977714, 0.209942, -0.0, 0.0, 0.0, 0.0, 1.0],
                [1.0, 1e-06, -1e-06, 0.0, -1e-06, 0.064447, -0.997921, 0.37472, -0.0, 0.997921, 0.064446, -0.0, 0.0, 0.0, 0.0, 1.0],
                [1.0, 1e-06, -1e-06, -0.0, -1e-06, 0.209942, -0.977714, 0.37472, -0.0, 0.977714, 0.209942, -0.0, 0.0, 0.0, 0.0, 1.0]
            ]
        },
        {
            "name": "Torso",
            "time": [0.0, 1.0, 1.8, 2.6667],
            "transform": [
                [1.0, 0.000357, 2e-06, -0.0, -0.000357, 0.999948, 0.010211, 0.05, 2e-06, -0.010211, 0.999948, 0.0, 0.0, 0.0, 0.0, 1.0],
                [1.0, 0.000357, 2e-06, 0.0, -0.000357, 0.999948, 0.010211, 0.05, 2e-06, -0.010211, 0.999948, -0.0, 0.0, 0.0, 0.0, 1.0],
                [0.999974, 0.007176, 1.6e-05, 0.0, -0.007176, 0.999957, -0.005854, 0.05, -5.8e-05, 0.005854, 0.999983, 0.0, 0.0, 0.0, 0.0, 1.0],
                [1.0, 0.000357, 2e-06, -0.0, -0.000357, 0.999948, 0.010211, 0.05, 2e-06, -0.010211, 0.999948, 0.0, 0.0, 0.0, 0.0, 1.0]
            ]
        },
        {
            "name": "Chest",
            "time": [0.0, 1.0, 2.6667],
            "transform": [
                [0.999916, -1e-06, 0.01298, 0.0, 1e-06, 1.0, 0.0, 0.3, -0.01298, -0.0, 0.999916, -0.0, 0.0, 0.0, 0.0, 1.0],
                [0.999916, -1e-06, 0.01298, -0.0, 1e-06, 1.0, 0.0, 0.3, -0.01298, -0.0, 0.999916, -0.0, 0.0, 0.0, 0.0, 1.0],
                [0.999916, -1e-06, 0.01298, 0.0, 1e-06, 1.0, 0.0, 0.3, -0.01298, -0.0, 0.999916, -0.0, 0.0, 0.0, 0.0, 1.0]
            ]
        },
        {
            "name": "Head",
            "time": [0.0, 0.5, 1.0, 1.8, 2.6667],
            "transform": [
                [0.931967, -0.013155, 0.362305, 0.0, 0.004171, 0.999665, 0.025569, 0.400001, -0.36252, -0.022318, 0.931709, 0.0, 0.0, 0.0, 0.0, 1.0],
                [0.931966, -0.006547, 0.362487, -0.0, 0.003866, 0.99996, 0.008121, 0.4, -0.362525, -0.006167, 0.931953, -0.0, 0.0, 0.0, 0.0, 1.0],
                [0.931967, -0.013155, 0.362305, -0.0, 0.004171, 0.999665, 0.025569, 0.400001, -0.36252, -0.022318, 0.931709, 0.0, 0.0, 0.0, 0.0, 1.0],
                [0.931965, -0.03238, 0.361098, -0.0, 0.004475, 0.996955, 0.077849, 0.400001, -0.362519, -0.070937, 0.929272, -0.0, 0.0, 0.0, 0.0, 1.0],
                [0.931967, -0.013155, 0.362305, 0.0, 0.004171, 0.999665, 0.025569, 0.400001, -0.36252, -0.022318, 0.931709, 0.0, 0.0, 0.0, 0.0, 1.0]
            ]
        },
        {
            "name": "Shoulder_R",
            "time": [0.0, 0.5, 1.0, 1.8, 2.6667],
            "transform": [
                [0.000148, 0.95278, 0.30366, 0.0, -4.3e-05, -0.30366, 0.952781, 0.400001, 1.0, -0.000154, -4e-06, 0.0, 0.0, 0.0, 0.0, 1.0],
                [-0.002362, 0.943105, 0.332485, -0.0, 0.00063, -0.332484, 0.943109, 0.4, 0.999997, 0.002437, 0.000192, -0.0, 0.0, 0.0, 0.0, 1.0],
                [0.000148, 0.95278, 0.30366, -0.0, -4.3e-05, -0.30366, 0.952781, 0.400001, 1.0, -0.000154, -4e-06, 0.0, 0.0, 0.0, 0.0, 1.0],
                [0.004995, 0.968916, 0.247336, -0.0, -0.00134, -0.247332, 0.96893, 0.400001, 0.999986, -0.005171, 6.3e-05, -0.0, 0.0, 0.0, 0.0, 1.0],
                [0.000148, 0.95278, 0.30366, 0.0, -4.3e-05, -0.30366, 0.952781, 0.400001, 1.0, -0.000154, -4e-06, 0.0, 0.0, 0.0, 0.0, 1.0]
            ]
        },
        {
            "name": "Arm_R",
            "time": [0.0, 0.5, 1.0, 1.8, 2.6667],
            "transform": [
                [0.147363, 0.118562, -0.98195, -1.9e-05, 0.782897, 0.59273, 0.189058, 0.388503, 0.604447, -0.796626, -0.005476, -0.00091, 0.0, 0.0, 0.0, 1.0],
                [0.137269, 0.114377, -0.983908, -1.9e-05, 0.749386, 0.637572, 0.178666, 0.388502, 0.647747, -0.761853, 0.001806, -0.00091, 0.0, 0.0, 0.0, 1.0],
                [0.148006, 0.14866, -0.977749, -1.9e-05, 0.774752, 0.597052, 0.208055, 0.388503, 0.614696, -0.788308, -0.026807, -0.00091, 0.0, 0.0, 0.0, 1.0],
                [0.157206, 0.155357, -0.975269, -1.9e-05, 0.819722, 0.530224, 0.216596, 0.388503, 0.550761, -0.833501, -0.043995, -0.00091, 0.0, 0.0, 0.0, 1.0],
                [0.147363, 0.118562, -0.98195, -1.9e-05, 0.782897, 0.59273, 0.189058, 0.388503, 0.604447, -0.796626, -0.005476, -0.00091, 0.0, 0.0, 0.0, 1.0]
            ]
        },
        {
            "name": "Hand_R",
            "time": [0.0, 0.5, 1.0, 1.8, 2.6667],
            "transform": [
                [0.999749, 0.021574, -0.005925, 0.0, -0.02228, 0.935944, -0.351444, 0.329779, -0.002037, 0.351488, 0.93619, 0.0, 0.0, 0.0, 0.0, 1.0],
                [1.000001, 0.0, 0.0, 0.0, -0.0, 0.924535, -0.381098, 0.329779, -0.0, 0.381098, 0.924535, -0.0, 0.0, 0.0, 0.0, 1.0],
                [1.0, 0.0, 0.0, -0.0, -0.0, 0.913217, -0.407473, 0.329779, -0.0, 0.407473, 0.913217, -0.0, 0.0, 0.0, 0.0, 1.0],
                [1.000002, 1e-06, 0.0, -0.0, -0.0, 0.911604, -0.41107, 0.329779, -0.0, 0.41107, 0.911604, -0.0, 0.0, 0.0, 0.0, 1.0],
                [0.999749, 0.021574, -0.005925, 0.0, -0.02228, 0.935944, -0.351444, 0.329779, -0.002037, 0.351488, 0.93619, 0.0, 0.0, 0.0, 0.0, 1.0]
            ]
        },
        {
            "name": "Tool_R",
            "time": [0.0, 1.0, 2.6667],
            "transform": [
                [1.0, -0.0, -0.0, -0.02, 0.0, -0.815144, -0.579259, 0.291425, -0.0, 0.579258, -0.815144, 0.0, 0.0, 0.0, 0.0, 1.0],
                [1.000001, -0.0, -0.0, -0.02, 0.0, -0.815144, -0.579259, 0.291425, -0.0, 0.579259, -0.815145, 0.0, 0.0, 0.0, 0.0, 1.0],
                [1.0, -0.0, -0.0, -0.02, 0.0, -0.815144, -0.579259, 0.291425, -0.0, 0.579258, -0.815144, 0.0, 0.0, 0.0, 0.0, 1.0]
            ]
        },
        {
            "name": "Elbow_R",
            "time": [0.0, 1.0, 2.6667],
            "transform": [
                [-1.0, 0.0, -1e-06, 0.0, 0.0, 0.178617, -0.983919, 0.329779, 0.0, -0.983919, -0.178617, 0.0, 0.0, 0.0, 0.0, 1.0],
                [-1.000001, 0.0, -1e-06, -0.0, 1e-06, 0.208307, -0.978064, 0.329779, -0.0, -0.978064, -0.208306, -0.0, 0.0, 0.0, 0.0, 1.0],
                [-1.0, 0.0, -1e-06, 0.0, 0.0, 0.178617, -0.983919, 0.329779, 0.0, -0.983919, -0.178617, 0.0, 0.0, 0.0, 0.0, 1.0]
            ]
        },
        {
            "name": "Shoulder_L",
            "time": [0.0, 0.5, 1.0, 1.8, 2.6667],
            "transform": [
                [0.000149, -0.952781, -0.303659, 0.0, 4e-05, -0.303659, 0.952781, 0.400001, -1.0, -0.000154, -8e-06, 0.0, 0.0, 0.0, 0.0, 1.0],
                [0.000586, -0.94364, -0.330973, -0.0, 0.000157, -0.330972, 0.94364, 0.4, -0.999999, -0.000604, -4.6e-05, -0.0, 0.0, 0.0, 0.0, 1.0],
                [0.000149, -0.952781, -0.303659, -0.0, 4e-05, -0.303659, 0.952781, 0.400001, -1.0, -0.000154, -7e-06, 0.0, 0.0, 0.0, 0.0, 1.0],
                [-0.000479, -0.968305, -0.24977, -0.0, -0.000129, -0.24977, 0.968305, 0.400001, -1.0, 0.000496, -5e-06, -0.0, 0.0, 0.0, 0.0, 1.0],
                [0.000149, -0.952781, -0.303659, 0.0, 4e-05, -0.303659, 0.952781, 0.400001, -1.0, -0.000154, -8e-06, 0.0, 0.0, 0.0, 0.0, 1.0]
            ]
        },
        {
            "name": "Arm_L",
            "time": [0.0, 0.5, 1.0, 1.8, 2.6667],
            "transform": [
                [0.131986, 0.017463, 0.991098, 1.9e-05, -0.88444, 0.453554, 0.10979, 0.388503, -0.447599, -0.891057, 0.075307, -0.000909, 0.0, 0.0, 0.0, 1.0],
                [0.128918, -0.013892, 0.991558, 1.9e-05, -0.873265, 0.472197, 0.120154, 0.388503, -0.469879, -0.881384, 0.048743, -0.000909, 0.0, 0.0, 0.0, 1.0],
                [0.132009, -0.047783, 0.990097, 1.9e-05, -0.884109, 0.446002, 0.139403, 0.388503, -0.448246, -0.893756, 0.016631, -0.000909, 0.0, 0.0, 0.0, 1.0],
                [0.1306, -0.057339, 0.989776, 1.9e-05, -0.915813, 0.375438, 0.142591, 0.388503, -0.379776, -0.925072, -0.00348, -0.000909, 0.0, 0.0, 0.0, 1.0],
                [0.131986, 0.017463, 0.991098, 1.9e-05, -0.88444, 0.453554, 0.10979, 0.388503, -0.447599, -0.891057, 0.075307, -0.000909, 0.0, 0.0, 0.0, 1.0]
            ]
        },
        {
            "name": "Hand_L",
            "time": [0.0, 0.5, 1.0, 1.8, 2.6667],
            "transform": [
                [0.999999, 0.0, 0.0, -0.0, -0.0, 0.993491, -0.113907, 0.329779, -0.0, 0.113907, 0.99349, 0.0, 0.0, 0.0, 0.0, 1.0],
                [1.0, 0.0, 0.0, -0.0, -0.0, 0.97889, -0.204386, 0.329779, -0.0, 0.204387, 0.97889, -0.0, 0.0, 0.0, 0.0, 1.0],
                [1.0, 0.0, 0.0, -0.0, -0.0, 0.968128, -0.250452, 0.329779, -0.0, 0.250452, 0.968128, 0.0, 0.0, 0.0, 0.0, 1.0],
                [1.0, 0.0, 0.0, 0.0, -0.0, 0.96519, -0.26155, 0.329779, -0.0, 0.26155, 0.965189, -0.0, 0.0, 0.0, 0.0, 1.0],
                [0.999999, 0.0, 0.0, -0.0, -0.0, 0.993491, -0.113907, 0.329779, -0.0, 0.113907, 0.99349, 0.0, 0.0, 0.0, 0.0, 1.0]
            ]
        },
        {
            "name": "Tool_L",
            "time": [0.0, 1.0, 2.6667],
            "transform": [
                [1.0, 0.0, 0.0, 0.02, 0.0, -1.0, -0.0, 0.291426, 0.0, 0.0, -1.000001, -0.0, 0.0, 0.0, 0.0, 1.0],
                [1.0, 0.0, 0.0, 0.02, 0.0, -1.0, -0.0, 0.291426, 0.0, 0.0, -1.000001, -0.0, 0.0, 0.0, 0.0, 1.0],
                [1.0, 0.0, 0.0, 0.02, 0.0, -1.0, -0.0, 0.291426, 0.0, 0.0, -1.000001, -0.0, 0.0, 0.0, 0.0, 1.0]
            ]
        },
        {
            "name": "Elbow_L",
            "time": [0.0, 1.0, 2.6667],
            "transform": [
                [-1.0, 0.0, -0.0, 0.0, 0.0, 0.057046, -0.998371, 0.329779, -0.0, -0.998372, -0.057046, 0.0, 0.0, 0.0, 0.0, 1.0],
                [-1.0, 0.0, -0.0, -0.0, 0.0, 0.126236, -0.992, 0.329779, -0.0, -0.992, -0.126236, 0.0, 0.0, 0.0, 0.0, 1.0],
                [-1.0, 0.0, -0.0, 0.0, 0.0, 0.057046, -0.998371, 0.329779, -0.0, -0.998372, -0.057046, 0.0, 0.0, 0.0, 0.0, 1.0]
            ]
        }
    ]
}