{
    "animation": [
        {
            "name": "Root",
            "time": [0.0, 0.1333, 0.2667, 0.4, 0.5333, 0.6667, 0.8],
            "transform": [
                [1.0, -0.0, 0.0, -5e-06, 0.0, 0.087156, -0.996195, 0.000946, 0.0, 0.996195, 0.087156, 0.755228, 0.0, 0.0, 0.0, 1.0],
                [1.0, -0.0, 0.0, -5e-06, 0.0, 0.173648, -0.984808, 0.000946, 0.0, 0.984808, 0.173648, 0.615747, 0.0, 0.0, 0.0, 1.0],
                [1.0, -0.0, 0.0, -5e-06, 0.0, 0.139173, -0.990268, 0.000946, 0.0, 0.990268, 0.139173, 0.685728, 0.0, 0.0, 0.0, 1.0],
                [1.0, -0.0, 0.0, -5e-06, 0.0, 0.087156, -0.996195, 0.000946, 0.0, 0.996195, 0.087156, 0.755228, 0.0, 0.0, 0.0, 1.0],
                [1.0, -0.0, 0.0, -5e-06, 0.0, 0.173648, -0.984808, 0.000946, 0.0, 0.984808, 0.173648, 0.615747, 0.0, 0.0, 0.0, 1.0],
                [1.0, -0.0, 0.0, -5e-06, 0.0, 0.139173, -0.990268, 0.000946, 0.0, 0.990268, 0.139173, 0.685728, 0.0, 0.0, 0.0, 1.0],
                [1.0, -0.0, 0.0, -5e-06, 0.0, 0.087156, -0.996195, 0.000946, 0.0, 0.996195, 0.087156, 0.755228, 0.0, 0.0, 0.0, 1.0]
            ]
        },
        {
            "name": "Thigh_R",
            "time": [0.0, 0.1333, 0.2667, 0.4, 0.5333, 0.6667, 0.8],
            "transform": [
                [0.99988, 0.014683, -0.005072, 0.124994, 0.014901, -0.814212, 0.580377, -0.002831, 0.004392, -0.580382, -0.814333, -1.2e-05, 0.0, 0.0, 0.0, 1.0],
                [0.999938, 0.008982, -0.006604, 0.124994, 0.010553, -0.571576, 0.820481, 0.01717, 0.003594, -0.8205, -0.571635, -0.020012, 0.0, 0.0, 0.0, 1.0],
                [0.999932, 0.009019, -0.007433, 0.124994, 0.011631, -0.829845, 0.557872, 0.02675, -0.001137, -0.557921, -0.829894, -0.005012, 0.0, 0.0, 0.0, 1.0],
                [0.999931, 0.011738, 0.000324, 0.124994, 0.011735, -0.999895, 0.008271, -0.002831, 0.000421, -0.008267, -0.999966, -1.2e-05, 0.0, 0.0, 0.0, 1.0],
                [0.99972, 0.01508, 0.018246, 0.124994, 0.019182, -0.967761, -0.251134, -0.002831, 0.013871, 0.251413, -0.96778, 0.019988, 0.0, 0.0, 0.0, 1.0],
                [0.99991, 0.012908, -0.003707, 0.124994, 0.013354, -0.98487, 0.172769, 0.04675, -0.001421, -0.172802, -0.984956, 0.004988, 0.0, 0.0, 0.0, 1.0],
                [0.99988, 0.014683, -0.005072, 0.124994, 0.014901, -0.814212, 0.580377, -0.002831, 0.004392, -0.580382, -0.814333, -1.2e-05, 0.0, 0.0, 0.0, 1.0]
            ]
        },
        {
            "name": "Leg_R",
            "time": [0.0, 0.1333, 0.2667, 0.4, 0.5333, 0.6667, 0.8],
            "transform": [
                [1.0, -1e-06, 5e-06, 0.0, -4e-06, 0.359977, 0.932961, 0.37472, -2e-06, -0.932962, 0.359977, 0.0, 0.0, 0.0, 0.0, 1.0],
                [1.0, 2e-06, 4e-06, -0.0, -4e-06, 0.849897, 0.52695, 0.37472, -2e-06, -0.52695, 0.849897, 0.0, 0.0, 0.0, 0.0, 1.0],
                [1.0, 2e-06, 4e-06, 0.0, -4e-06, 0.876072, 0.48218, 0.37472, -2e-06, -0.48218, 0.876072, -0.0, 0.0, 0.0, 0.0, 1.0],
                [1.0, 4e-06, 2e-06, 0.0, -4e-06, 0.999988, 0.005418, 0.37472, -2e-06, -0.005418, 0.999984, 0.0, 0.0, 0.0, 0.0, 1.0],
                [1.0, 3e-06, 4e-06, 0.0, -4e-06, 0.949028, 0.315195, 0.37472, -2e-06, -0.315194, 0.949027, -0.0, 0.0, 0.0, 0.0, 1.0],
                [1.0, 0.0, 5e-06, -0.0, -4e-06, 0.60231, 0.798265, 0.37472, -2e-06, -0.798262, 0.60231, -0.0, 0.0, 0.0, 0.0, 1.0],
                [1.0, -1e-06, 5e-06, 0.0, -4e-06, 0.359977, 0.932961, 0.37472, -2e-06, -0.932962, 0.359977, 0.0, 0.0, 0.0, 0.0, 1.0]
            ]
        },
        {
            "name": "Knee_R",
            "time": [0.0, 0.1333, 0.2667, 0.4, 0.5333, 0.6667, 0.8],
            "transform": [
                [1.0, 2e-06, -4e-06, 0.0, -4e-06, 3e-06, -1.0, 0.37472, -2e-06, 1.0, 3e-06, 0.0, 0.0, 0.0, 0.0, 1.0],
                [1.0, 2e-06, -4e-06, -0.0, -4e-06, 3e-06, -1.0, 0.37472, -2e-06, 1.0, 3e-06, 0.0, 0.0, 0.0, 0.0, 1.0],
                [1.0, 2e-06, -4e-06, -0.0, -4e-06, 3e-06, -1.0, 0.37472, -2e-06, 1.0, 3e-06, -0.0, 0.0, 0.0, 0.0, 1.0],
                [1.0, 2e-06, -4e-06, 0.0, -4e-06, 3e-06, -1.0, 0.37472, -2e-06, 1.0, 3e-06, -0.0, 0.0, 0.0, 0.0, 1.0],
                [1.0, 2e-06, -4e-06, 0.0, -4e-06, 3e-06, -1.0, 0.37472, -2e-06, 1.0, 3e-06, -0.0, 0.0, 0.0, 0.0, 1.0],
                [1.0, 2e-06, -4e-06, -0.0, -4e-06, 3e-06, -1.0, 0.37472, -2e-06, 1.0, 3e-06, -0.0, 0.0, 0.0, 0.0, 1.0],
                [1.0, 2e-06, -4e-06, 0.0, -4e-06, 3e-06, -1.0, 0.37472, -2e-06, 1.0, 3e-06, 0.0, 0.0, 0.0, 0.0, 1.0]
            ]
        },
        {
            "name": "Thigh_L",
            "time": [0.0, 0.1333, 0.2667, 0.4, 0.5333, 0.6667, 0.8],
            "transform": [
                [0.999931, -0.011741, -7.8e-05, -0.125006, -0.01174, -0.999896, 0.008188, -0.002831, -0.000174, -0.008187, -0.999967, -1.2e-05, 0.0, 0.0, 0.0, 1.0],
                [0.999737, -0.014943, -0.017378, -0.125006, -0.018831, -0.967763, -0.25115, -0.002831, -0.013065, 0.251411, -0.967792, 0.019988, 0.0, 0.0, 0.0, 1.0],
                [0.99991, -0.012765, 0.003998, -0.125006, -0.013264, -0.984872, 0.172764, 0.04675, 0.001732, -0.172801, -0.984956, 0.004988, 0.0, 0.0, 0.0, 1.0],
                [0.99988, -0.014594, 0.005203, -0.125006, -0.014904, -0.814214, 0.580374, -0.002831, -0.004234, -0.580382, -0.814333, -1.2e-05, 0.0, 0.0, 0.0, 1.0],
                [0.999936, -0.00883, 0.007147, -0.125006, -0.010911, -0.571578, 0.820475, 0.01717, -0.00316, -0.8205, -0.571637, -0.020012, 0.0, 0.0, 0.0, 1.0],
                [0.999929, -0.008911, 0.007864, -0.125006, -0.011782, -0.829846, 0.557868, 0.02675, 0.001554, -0.557921, -0.829893, -0.005012, 0.0, 0.0, 0.0, 1.0],
                [0.999931, -0.011741, -7.8e-05, -0.125006, -0.01174, -0.999896, 0.008188, -0.002831, -0.000174, -0.008187, -0.999967, -1.2e-05, 0.0, 0.0, 0.0, 1.0]
            ]
        },
        {
            "name": "Leg_L",
            "time": [0.0, 0.1333, 0.2667, 0.4, 0.5333, 0.6667, 0.8],
            "transform": [
                [1.0, 1e-06, 1e-06, 0.0, -1e-06, 0.999989, 0.005265, 0.37472, -1e-06, -0.005265, 0.999985, 0.0, 0.0, 0.0, 0.0, 1.0],
                [1.0, 1e-06, 1e-06, 0.0, -1e-06, 0.949029, 0.315195, 0.37472, -1e-06, -0.315194, 0.949027, 0.0, 0.0, 0.0, 0.0, 1.0],
                [1.0, -0.0, 2e-06, 0.0, -1e-06, 0.602311, 0.798264, 0.37472, -1e-06, -0.798261, 0.602311, -0.0, 0.0, 0.0, 0.0, 1.0],
                [1.0, -1e-06, 1e-06, 0.0, -1e-06, 0.359977, 0.932961, 0.37472, -1e-06, -0.932962, 0.359977, 0.0, 0.0, 0.0, 0.0, 1.0],
                [1.0, 0.0, 2e-06, 0.0, -1e-06, 0.849896, 0.52695, 0.37472, -1e-06, -0.52695, 0.849897, 0.0, 0.0, 0.0, 0.0, 1.0],
                [1.0, 1e-06, 1e-06, -0.0, -1e-06, 0.876071, 0.482182, 0.37472, -1e-06, -0.482182, 0.876071, 0.0, 0.0, 0.0, 0.0, 1.0],
                [1.0, 1e-06, 1e-06, 0.0, -1e-06, 0.999989, 0.005265, 0.37472, -1e-06, -0.005265, 0.999985, 0.0, 0.0, 0.0, 0.0, 1.0]
            ]
        },
        {
            "name": "Knee_L",
            "time": [0.0, 0.1333, 0.2667, 0.4, 0.5333, 0.6667, 0.8],
            "transform": [
                [1.0, 0.0, -1e-06, -0.0, -1e-06, 0.002634, -0.999997, 0.37472, -0.0, 0.999997, 0.002634, 0.0, 0.0, 0.0, 0.0, 1.0],
                [1.0, 1e-06, -1e-06, 0.0, -1e-06, 0.159646, -0.987175, 0.37472, -0.0, 0.987175, 0.159646, 0.0, 0.0, 0.0, 0.0, 1.0],
                [1.0, 1e-06, -1e-06, 0.0, -1e-06, 0.445922, -0.895073, 0.37472, -0.0, 0.895072, 0.445921, -0.0, 0.0, 0.0, 0.0, 1.0],
                [1.0, 1e-06, -1e-06, -0.0, -1e-06, 0.565697, -0.824613, 0.37472, -0.0, 0.824613, 0.565697, 0.0, 0.0, 0.0, 0.0, 1.0],
                [1.0, 1e-06, -1e-06, -0.0, -1e-06, 0.273957, -0.961742, 0.37472, -0.0, 0.961742, 0.273957, 0.0, 0.0, 0.0, 0.0, 1.0],
                [1.0, 1e-06, -1e-06, -0.0, -1e-06, 0.248928, -0.968522, 0.37472, -0.0, 0.968522, 0.248928, 0.0, 0.0, 0.0, 0.0, 1.0],
                [1.0, 0.0, -1e-06, -0.0, -1e-06, 0.002634, -0.999997, 0.37472, -0.0, 0.999997, 0.002634, 0.0, 0.0, 0.0, 0.0, 1.0]
            ]
        },
        {
            "name": "Torso",
            "time": [0.0, 0.1333, 0.2667, 0.4, 0.5333, 0.6667, 0.8],
            "transform": [
                [1.0, 0.000357, 2e-06, 0.0, -0.000357, 0.999948, 0.010211, 0.05, 2e-06, -0.010211, 0.999948, 0.0, 0.0, 0.0, 0.0, 1.0],
                [1.0, 0.000357, 2e-06, 0.0, -0.000357, 0.999948, 0.010211, 0.05, 2e-06, -0.010211, 0.999948, 0.0, 0.0, 0.0, 0.0, 1.0],
                [1.0, 0.000357, 2e-06, 0.0, -0.000357, 0.999948, 0.010211, 0.05, 2e-06, -0.010211, 0.999948, 0.0, 0.0, 0.0, 0.0, 1.0],
                [1.0, 0.000357, 2e-06, 0.0, -0.000357, 0.999948, 0.010211, 0.05, 2e-06, -0.010211, 0.999948, 0.0, 0.0, 0.0, 0.0, 1.0],
                [1.0, 0.000357, 2e-06, 0.0, -0.000357, 0.999948, 0.010211, 0.05, 2e-06, -0.010211, 0.999948, 0.0, 0.0, 0.0, 0.0, 1.0],
                [1.0, 0.000357, 2e-06, 0.0, -0.000357, 0.999948, 0.010211, 0.05, 2e-06, -0.010211, 0.999948, 0.0, 0.0, 0.0, 0.0, 1.0],
                [1.0, 0.000357, 2e-06, 0.0, -0.000357, 0.999948, 0.010211, 0.05, 2e-06, -0.010211, 0.999948, 0.0, 0.0, 0.0, 0.0, 1.0]
            ]
        },
        {
            "name": "Chest",
            "time": [0.0, 0.1333, 0.2667, 0.4, 0.5333, 0.6667, 0.8],
            "transform": [
                [0.999916, -1e-06, 0.01298, -0.0, 1e-06, 1.0, 0.0, 0.3, -0.01298, -0.0, 0.999916, 0.0, 0.0, 0.0, 0.0, 1.0],
                [0.999916, -1e-06, 0.01298, 0.0, 1e-06, 1.0, 0.0, 0.3, -0.01298, -0.0, 0.999916, -0.0, 0.0, 0.0, 0.0, 1.0],
                [0.999916, -1e-06, 0.01298, 0.0, 1e-06, 1.0, 0.0, 0.3, -0.01298, -0.0, 0.999916, -0.0, 0.0, 0.0, 0.0, 1.0],
                [0.999916, -1e-06, 0.01298, -0.0, 1e-06, 1.0, 0.0, 0.3, -0.01298, -0.0, 0.999916, 0.0, 0.0, 0.0, 0.0, 1.0],
                [0.999916, -1e-06, 0.01298, 0.0, 1e-06, 1.0, 0.0, 0.3, -0.01298, -0.0, 0.999916, -0.0, 0.0, 0.0, 0.0, 1.0],
                [0.999916, -1e-06, 0.01298, 0.0, 1e-06, 1.0, 0.0, 0.3, -0.01298, -0.0, 0.999916, -0.0, 0.0, 0.0, 0.0, 1.0],
                [0.999916, -1e-06, 0.01298, -0.0, 1e-06, 1.0, 0.0, 0.3, -0.01298, -0.0, 0.999916, 0.0, 0.0, 0.0, 0.0, 1.0]
            ]
        },
        {
            "name": "Head",
            "time": [0.0, 0.1333, 0.2667, 0.4, 0.5333, 0.6667, 0.8],
            "transform": [
                [0.999539, -0.000573, -0.030372, 0.0, -0.001328, 0.998043, -0.062522, 0.400001, 0.030348, 0.062534, 0.997581, -0.0, 0.0, 0.0, 0.0, 1.0],
                [0.999542, -0.001696, -0.030221, 0.0, -0.002835, 0.988795, -0.149256, 0.4, 0.030136, 0.149274, 0.988337, -0.0, 0.0, 0.0, 0.0, 1.0],
                [0.99954, -0.001248, -0.030293, 0.0, -0.002234, 0.993402, -0.114662, 0.4, 0.030236, 0.114677, 0.992942, -0.0, 0.0, 0.0, 0.0, 1.0],
                [0.999539, -0.000573, -0.030372, 0.0, -0.001328, 0.998043, -0.062522, 0.400001, 0.030348, 0.062534, 0.997581, -0.0, 0.0, 0.0, 0.0, 1.0],
                [0.999542, -0.001696, -0.030221, 0.0, -0.002835, 0.988795, -0.149256, 0.4, 0.030136, 0.149274, 0.988337, 0.0, 0.0, 0.0, 0.0, 1.0],
                [0.99954, -0.001248, -0.030293, 0.0, -0.002234, 0.993402, -0.114662, 0.4, 0.030236, 0.114677, 0.992942, -0.0, 0.0, 0.0, 0.0, 1.0],
                [0.999539, -0.000573, -0.030372, 0.0, -0.001328, 0.998043, -0.062522, 0.400001, 0.030348, 0.062534, 0.997581, -0.0, 0.0, 0.0, 0.0, 1.0]
            ]
        },
        {
            "name": "Shoulder_R",
            "time": [0.0, 0.1333, 0.2667, 0.4, 0.5333, 0.6667, 0.8],
            "transform": [
                [0.000148, 0.95278, 0.30366, 0.0, -4.3e-05, -0.303659, 0.952781, 0.400001, 1.0, -0.000154, -4e-06, -0.0, 0.0, 0.0, 0.0, 1.0],
                [0.003683, 0.960085, 0.279681, 0.0, -0.000989, -0.279679, 0.960093, 0.4, 0.999993, -0.003813, -8e-05, -0.0, 0.0, 0.0, 0.0, 1.0],
                [-0.009062, 0.935543, 0.353097, 0.0, 0.002424, -0.35309, 0.935586, 0.4, 0.999956, 0.009334, 0.000932, -0.0, 0.0, 0.0, 0.0, 1.0],
                [0.000148, 0.95278, 0.30366, 0.0, -4.3e-05, -0.303659, 0.952781, 0.400001, 1.0, -0.000154, -4e-06, -0.0, 0.0, 0.0, 0.0, 1.0],
                [0.003683, 0.960085, 0.279681, 0.0, -0.000989, -0.279679, 0.960093, 0.4, 0.999993, -0.003813, -8e-05, 0.0, 0.0, 0.0, 0.0, 1.0],
                [-0.009062, 0.935542, 0.353097, 0.0, 0.002424, -0.35309, 0.935586, 0.4, 0.999956, 0.009334, 0.000932, -0.0, 0.0, 0.0, 0.0, 1.0],
                [0.000148, 0.95278, 0.30366, 0.0, -4.3e-05, -0.303659, 0.952781, 0.400001, 1.0, -0.000154, -4e-06, -0.0, 0.0, 0.0, 0.0, 1.0]
            ]
        },
        {
            "name": "Arm_R",
            "time": [0.0, 0.1333, 0.2667, 0.4, 0.5333, 0.6667, 0.8],
            "transform": [
                [0.304499, 0.36867, -0.878272, -1.9e-05, 0.712653, 0.523602, 0.466869, 0.388502, 0.631986, -0.768065, -0.103297, -0.00091, 0.0, 0.0, 0.0, 1.0],
                [0.314359, 0.38033, -0.869786, -1.9e-05, 0.726051, 0.493947, 0.478398, 0.388502, 0.611577, -0.781898, -0.120863, -0.00091, 0.0, 0.0, 0.0, 1.0],
                [0.28366, 0.34317, -0.895417, -1.9e-05, 0.680123, 0.586263, 0.440144, 0.388503, 0.675994, -0.733845, -0.067099, -0.00091, 0.0, 0.0, 0.0, 1.0],
                [0.304499, 0.36867, -0.878272, -1.9e-05, 0.712653, 0.523602, 0.466869, 0.388502, 0.631986, -0.768065, -0.103297, -0.00091, 0.0, 0.0, 0.0, 1.0],
                [0.314358, 0.38033, -0.869786, -1.9e-05, 0.726051, 0.493948, 0.478398, 0.388502, 0.611577, -0.781898, -0.120863, -0.00091, 0.0, 0.0, 0.0, 1.0],
                [0.28366, 0.34317, -0.895417, -1.9e-05, 0.680123, 0.586264, 0.440144, 0.388503, 0.675995, -0.733845, -0.067099, -0.00091, 0.0, 0.0, 0.0, 1.0],
                [0.304499, 0.36867, -0.878272, -1.9e-05, 0.712653, 0.523602, 0.466869, 0.388502, 0.631986, -0.768065, -0.103297, -0.00091, 0.0, 0.0, 0.0, 1.0]
            ]
        },
        {
            "name": "Hand_R",
            "time": [0.0, 0.1333, 0.2667, 0.4, 0.5333, 0.6667, 0.8],
            "transform": [
                [0.999749, 0.021574, -0.005925, -0.0, -0.02228, 0.935944, -0.351444, 0.329779, -0.002037, 0.351488, 0.93619, 0.0, 0.0, 0.0, 0.0, 1.0],
                [0.999751, 0.020976, -0.007783, 0.0, -0.02228, 0.901752, -0.431679, 0.329779, -0.002037, 0.431744, 0.901993, 0.0, 0.0, 0.0, 0.0, 1.0],
                [0.99975, 0.020976, -0.007783, -0.0, -0.02228, 0.901752, -0.43168, 0.329779, -0.002037, 0.431745, 0.901994, -0.0, 0.0, 0.0, 0.0, 1.0],
                [0.999749, 0.021574, -0.005925, -0.0, -0.02228, 0.935944, -0.351444, 0.329779, -0.002037, 0.351488, 0.93619, 0.0, 0.0, 0.0, 0.0, 1.0],
                [0.999751, 0.020976, -0.007783, 0.0, -0.02228, 0.901752, -0.431679, 0.329779, -0.002037, 0.431744, 0.901993, 0.0, 0.0, 0.0, 0.0, 1.0],
                [0.99975, 0.020976, -0.007783, -0.0, -0.02228, 0.901752, -0.431679, 0.329779, -0.002037, 0.431745, 0.901993, -0.0, 0.0, 0.0, 0.0, 1.0],
                [0.999749, 0.021574, -0.005925, -0.0, -0.02228, 0.935944, -0.351444, 0.329779, -0.002037, 0.351488, 0.93619, 0.0, 0.0, 0.0, 0.0, 1.0]
            ]
        },
        {
            "name": "Tool_R",
            "time": [0.0, 0.1333, 0.2667, 0.4, 0.5333, 0.6667, 0.8],
            "transform": [
                [1.0, 0.0, 0.0, -0.02, 0.0, -0.815144, -0.579259, 0.291425, -0.0, 0.579258, -0.815144, -0.0, 0.0, 0.0, 0.0, 1.0],
                [1.0, 0.0, -0.0, -0.02, 0.0, -0.815144, -0.579259, 0.291425, -0.0, 0.579258, -0.815144, 0.0, 0.0, 0.0, 0.0, 1.0],
                [1.0, 0.0, 0.0, -0.02, 0.0, -0.815144, -0.579259, 0.291425, -0.0, 0.579258, -0.815144, 0.0, 0.0, 0.0, 0.0, 1.0],
                [1.0, 0.0, 0.0, -0.02, 0.0, -0.815144, -0.579259, 0.291425, -0.0, 0.579258, -0.815144, -0.0, 0.0, 0.0, 0.0, 1.0],
                [1.0, 0.0, -0.0, -0.02, 0.0, -0.815144, -0.579259, 0.291425, -0.0, 0.579258, -0.815144, 0.0, 0.0, 0.0, 0.0, 1.0],
                [1.0, 0.0, -0.0, -0.02, 0.0, -0.815144, -0.579258, 0.291425, -0.0, 0.579258, -0.815144, -0.0, 0.0, 0.0, 0.0, 1.0],
                [1.0, 0.0, 0.0, -0.02, 0.0, -0.815144, -0.579259, 0.291425, -0.0, 0.579258, -0.815144, -0.0, 0.0, 0.0, 0.0, 1.0]
            ]
        },
        {
            "name": "Elbow_R",
            "time": [0.0, 0.1333, 0.2667, 0.4, 0.5333, 0.6667, 0.8],
            "transform": [
                [-1.0, -0.0, -1e-06, -0.0, 1e-06, 0.178616, -0.983919, 0.329779, 0.0, -0.983919, -0.178616, 0.0, 0.0, 0.0, 0.0, 1.0],
                [-1.000001, 0.0, -1e-06, 0.0, 1e-06, 0.221365, -0.975191, 0.329779, -0.0, -0.975191, -0.221365, 0.0, 0.0, 0.0, 0.0, 1.0],
                [-1.000001, -0.0, -1e-06, 0.0, 1e-06, 0.221365, -0.975191, 0.329779, 0.0, -0.975191, -0.221365, -0.0, 0.0, 0.0, 0.0, 1.0],
                [-1.0, -0.0, -1e-06, -0.0, 1e-06, 0.178616, -0.983919, 0.329779, 0.0, -0.983919, -0.178616, 0.0, 0.0, 0.0, 0.0, 1.0],
                [-1.000001, 0.0, -1e-06, 0.0, 1e-06, 0.221364, -0.975191, 0.329779, 0.0, -0.975191, -0.221364, 0.0, 0.0, 0.0, 0.0, 1.0],
                [-1.0, 0.0, -0.0, 0.0, 0.0, 0.221364, -0.975192, 0.329779, 0.0, -0.975191, -0.221364, 0.0, 0.0, 0.0, 0.0, 1.0],
                [-1.0, -0.0, -1e-06, -0.0, 1e-06, 0.178616, -0.983919, 0.329779, 0.0, -0.983919, -0.178616, 0.0, 0.0, 0.0, 0.0, 1.0]
            ]
        },
        {
            "name": "Shoulder_L",
            "time": [0.0, 0.1333, 0.2667, 0.4, 0.5333, 0.6667, 0.8],
            "transform": [
                [0.000149, -0.952781, -0.303659, 0.0, 4e-05, -0.303659, 0.952781, 0.400001, -1.0, -0.000154, -8e-06, -0.0, 0.0, 0.0, 0.0, 1.0],
                [-0.002342, -0.961078, -0.276266, 0.0, -0.000628, -0.276265, 0.961082, 0.4, -0.999997, 0.002425, 4.4e-05, -0.0, 0.0, 0.0, 0.0, 1.0],
                [0.004175, -0.932969, -0.359932, 0.0, 0.001118, -0.35993, 0.932979, 0.4, -0.999991, -0.004297, -0.00046, -0.0, 0.0, 0.0, 0.0, 1.0],
                [0.000149, -0.952781, -0.303659, 0.0, 4e-05, -0.303659, 0.952781, 0.400001, -1.0, -0.000154, -8e-06, -0.0, 0.0, 0.0, 0.0, 1.0],
                [-0.002342, -0.961078, -0.276266, 0.0, -0.000628, -0.276265, 0.961082, 0.4, -0.999997, 0.002425, 4.4e-05, 0.0, 0.0, 0.0, 0.0, 1.0],
                [0.004175, -0.932969, -0.359932, 0.0, 0.001118, -0.359931, 0.932979, 0.4, -0.999991, -0.004297, -0.00046, -0.0, 0.0, 0.0, 0.0, 1.0],
                [0.000149, -0.952781, -0.303659, 0.0, 4e-05, -0.303659, 0.952781, 0.400001, -1.0, -0.000154, -8e-06, -0.0, 0.0, 0.0, 0.0, 1.0]
            ]
        },
        {
            "name": "Arm_L",
            "time": [0.0, 0.1333, 0.2667, 0.4, 0.5333, 0.6667, 0.8],
            "transform": [
                [0.218879, 0.005893, 0.975735, 1.9e-05, -0.828774, 0.528912, 0.182718, 0.388503, -0.515001, -0.848656, 0.120652, -0.000909, 0.0, 0.0, 0.0, 1.0],
                [0.218681, 0.00462, 0.975786, 1.9e-05, -0.847979, 0.495684, 0.187692, 0.388503, -0.482814, -0.868491, 0.112315, -0.000909, 0.0, 0.0, 0.0, 1.0],
                [0.219439, 0.007711, 0.975596, 1.9e-05, -0.78285, 0.598149, 0.171358, 0.388503, -0.58223, -0.801348, 0.137294, -0.000909, 0.0, 0.0, 0.0, 1.0],
                [0.218879, 0.005893, 0.975735, 1.9e-05, -0.828774, 0.528912, 0.182718, 0.388503, -0.515001, -0.848656, 0.120652, -0.000909, 0.0, 0.0, 0.0, 1.0],
                [0.218681, 0.00462, 0.975786, 1.9e-05, -0.847979, 0.495684, 0.187692, 0.388503, -0.482814, -0.868491, 0.112315, -0.000909, 0.0, 0.0, 0.0, 1.0],
                [0.219439, 0.007711, 0.975596, 1.9e-05, -0.78285, 0.598149, 0.171358, 0.388503, -0.58223, -0.801348, 0.137294, -0.000909, 0.0, 0.0, 0.0, 1.0],
                [0.218879, 0.005893, 0.975735, 1.9e-05, -0.828774, 0.528912, 0.182718, 0.388503, -0.515001, -0.848656, 0.120652, -0.000909, 0.0, 0.0, 0.0, 1.0]
            ]
        },
        {
            "name": "Hand_L",
            "time": [0.0, 0.1333, 0.2667, 0.4, 0.5333, 0.6667, 0.8],
            "transform": [
                [0.999999, 0.0, 0.0, -0.0, -0.0, 0.993491, -0.113907, 0.329779, -0.0, 0.113907, 0.99349, -0.0, 0.0, 0.0, 0.0, 1.0],
                [0.999999, 0.0, 0.0, -0.0, -0.0, 0.993491, -0.113907, 0.329779, -0.0, 0.113907, 0.99349, 0.0, 0.0, 0.0, 0.0, 1.0],
                [0.999999, 0.0, 0.0, 0.0, -0.0, 0.993491, -0.113907, 0.329779, -0.0, 0.113907, 0.99349, 0.0, 0.0, 0.0, 0.0, 1.0],
                [0.999999, 0.0, 0.0, -0.0, -0.0, 0.993491, -0.113907, 0.329779, -0.0, 0.113907, 0.99349, -0.0, 0.0, 0.0, 0.0, 1.0],
                [0.999999, 0.0, 0.0, 0.0, -0.0, 0.99349, -0.113907, 0.329779, -0.0, 0.113907, 0.99349, 0.0, 0.0, 0.0, 0.0, 1.0],
                [0.999999, 0.0, 0.0, -0.0, -0.0, 0.993491, -0.113907, 0.329779, -0.0, 0.113907, 0.99349, 0.0, 0.0, 0.0, 0.0, 1.0],
                [0.999999, 0.0, 0.0, -0.0, -0.0, 0.993491, -0.113907, 0.329779, -0.0, 0.113907, 0.99349, -0.0, 0.0, 0.0, 0.0, 1.0]
            ]
        },
        {
            "name": "Tool_L",
            "time": [0.0, 0.1333, 0.2667, 0.4, 0.5333, 0.6667, 0.8],
            "transform": [
                [1.0, 0.0, 0.0, 0.02, 0.0, -1.0, -0.0, 0.291426, 0.0, 0.0, -1.000001, -0.0, 0.0, 0.0, 0.0, 1.0],
                [1.0, 0.0, 0.0, 0.02, 0.0, -1.0, -0.0, 0.291426, 0.0, 0.0, -1.000001, -0.0, 0.0, 0.0, 0.0, 1.0],
                [1.0, 0.0, 0.0, 0.02, 0.0, -1.0, -0.0, 0.291426, 0.0, 0.0, -1.000001, -0.0, 0.0, 0.0, 0.0, 1.0],
                [1.0, 0.0, 0.0, 0.02, 0.0, -1.0, -0.0, 0.291426, 0.0, 0.0, -1.000001, -0.0, 0.0, 0.0, 0.0, 1.0],
                [1.0, 0.0, 0.0, 0.02, 0.0, -1.0, -0.0, 0.291426, 0.0, 0.0, -1.000001, -0.0, 0.0, 0.0, 0.0, 1.0],
                [1.0, 0.0, 0.0, 0.02, 0.0, -1.0, -0.0, 0.291426, 0.0, 0.0, -1.000001, -0.0, 0.0, 0.0, 0.0, 1.0],
                [1.0, 0.0, 0.0, 0.02, 0.0, -1.0, -0.0, 0.291426, 0.0, 0.0, -1.000001, -0.0, 0.0, 0.0, 0.0, 1.0]
            ]
        },
        {
            "name": "Elbow_L",
            "time": [0.0, 0.1333, 0.2667, 0.4, 0.5333, 0.6667, 0.8],
            "transform": [
                [-1.0, -0.0, -0.0, -0.0, 0.0, 0.057046, -0.998372, 0.329779, 0.0, -0.998372, -0.057046, -0.0, 0.0, 0.0, 0.0, 1.0],
                [-1.0, -0.0, -0.0, -0.0, 0.0, 0.057046, -0.998371, 0.329779, 0.0, -0.998371, -0.057046, 0.0, 0.0, 0.0, 0.0, 1.0],
                [-1.0, -0.0, -0.0, 0.0, 0.0, 0.057047, -0.998371, 0.329779, 0.0, -0.998371, -0.057047, 0.0, 0.0, 0.0, 0.0, 1.0],
                [-1.0, -0.0, -0.0, -0.0, 0.0, 0.057046, -0.998372, 0.329779, -0.0, -0.998372, -0.057047, -0.0, 0.0, 0.0, 0.0, 1.0],
                [-1.000001, -0.0, -0.0, -0.0, 0.0, 0.057047, -0.998372, 0.329779, 0.0, -0.998372, -0.057047, 0.0, 0.0, 0.0, 0.0, 1.0],
                [-1.0, -0.0, -0.0, -0.0, 0.0, 0.057047, -0.998371, 0.329779, 0.0, -0.998372, -0.057047, 0.0, 0.0, 0.0, 0.0, 1.0],
                [-1.0, -0.0, -0.0, -0.0, 0.0, 0.057046, -0.998372, 0.329779, 0.0, -0.998372, -0.057046, -0.0, 0.0, 0.0, 0.0, 1.0]
            ]
        }
    ]
}