{
    "animation": [
        {
            "name": "Root",
            "time": [0.0, 0.1333, 0.2667, 0.4, 0.5333, 0.6667, 0.8],
            "transform": [
                [0.984808, -0.0, -0.173648, -5e-06, -0.17101, 0.173648, -0.969846, 0.000946, 0.030154, 0.984808, 0.17101, 0.723972, 0.0, 0.0, 0.0, 1.0],
                [0.984808, -0.0, -0.173648, -5e-06, -0.17101, 0.173648, -0.969846, 0.000946, 0.030154, 0.984808, 0.17101, 0.573972, 0.0, 0.0, 0.0, 1.0],
                [0.984808, -0.0, -0.173648, -5e-06, -0.17101, 0.173648, -0.969846, 0.000946, 0.030154, 0.984808, 0.17101, 0.623972, 0.0, 0.0, 0.0, 1.0],
                [0.99588, -0.013962, -0.089599, -5e-06, -0.085832, 0.173648, -0.98106, 0.000946, 0.029256, 0.984709, 0.171734, 0.723972, 0.0, 0.0, 0.0, 1.0],
                [0.996195, -0.0, -0.087156, -5e-06, -0.085832, 0.173648, -0.98106, 0.000946, 0.015134, 0.984808, 0.172987, 0.593972, 0.0, 0.0, 0.0, 1.0],
                [0.984808, -0.0, -0.173648, -5e-06, -0.17101, 0.173648, -0.969846, 0.000946, 0.030154, 0.984808, 0.17101, 0.623972, 0.0, 0.0, 0.0, 1.0],
                [0.984808, -0.0, -0.173648, -5e-06, -0.17101, 0.173648, -0.969846, 0.000946, 0.030154, 0.984808, 0.17101, 0.723972, 0.0, 0.0, 0.0, 1.0]
            ]
        },
        {
            "name": "Thigh_R",
            "time": [0.0, 0.1333, 0.2667, 0.4, 0.5333, 0.6667, 0.8],
            "transform": [
                [0.999219, 0.022061, -0.032772, 0.124994, 0.039128, -0.667053, 0.743982, -0.00283, -0.005447, -0.744683, -0.667396, -1.2e-05, 0.0, 0.0, 0.0, 1.0],
                [0.999842, 0.006423, 0.016554, 0.124994, -0.012031, -0.440594, 0.897626, -0.002831, 0.013059, -0.897684, -0.440447, -1.2e-05, 0.0, 0.0, 0.0, 1.0],
                [0.999796, -0.001569, -0.020071, 0.124994, 0.015092, -0.601414, 0.798795, -0.00283, -0.013325, -0.798937, -0.601268, -1.2e-05, 0.0, 0.0, 0.0, 1.0],
                [0.999076, 0.042159, 0.00826, 0.124994, 0.040109, -0.984236, 0.172238, -0.002831, 0.015391, -0.171747, -0.985021, -1.2e-05, 0.0, 0.0, 0.0, 1.0],
                [0.994435, 0.097026, 0.041013, 0.124994, 0.099689, -0.992631, -0.068848, -0.00283, 0.034031, 0.072553, -0.996784, -1.2e-05, 0.0, 0.0, 0.0, 1.0],
                [0.995909, 0.066236, -0.061454, 0.124994, 0.084132, -0.927833, 0.36338, -0.00283, -0.03295, -0.367063, -0.929612, -1.2e-05, 0.0, 0.0, 0.0, 1.0],
                [0.999219, 0.022061, -0.032772, 0.124994, 0.039128, -0.667053, 0.743982, -0.00283, -0.005447, -0.744683, -0.667396, -1.2e-05, 0.0, 0.0, 0.0, 1.0]
            ]
        },
        {
            "name": "Leg_R",
            "time": [0.0, 0.1333, 0.2667, 0.4, 0.5333, 0.6667, 0.8],
            "transform": [
                [0.999349, -0.031343, -0.017898, 0.0, 0.024878, 0.238897, 0.970726, 0.37472, -0.02615, -0.970538, 0.239521, 0.0, 0.0, 0.0, 0.0, 1.0],
                [0.999437, -0.02518, -0.022165, -0.0, 0.032997, 0.618816, 0.784842, 0.37472, -0.006046, -0.785131, 0.6193, -0.0, 0.0, 0.0, 0.0, 1.0],
                [0.999662, -0.019711, -0.017026, -0.0, 0.025918, 0.68804, 0.725209, 0.37472, -0.00258, -0.725405, 0.688318, 0.0, 0.0, 0.0, 0.0, 1.0],
                [0.999765, -0.003514, -0.021406, -0.0, 0.008721, 0.968642, 0.248317, 0.37472, 0.019862, -0.248445, 0.968441, -0.0, 0.0, 0.0, 0.0, 1.0],
                [0.998673, 0.019702, -0.047602, -0.0, 0.008712, 0.846099, 0.532958, 0.37472, 0.050776, -0.532659, 0.844807, 0.0, 0.0, 0.0, 0.0, 1.0],
                [0.999795, 0.006768, -0.019103, -0.0, 0.013949, 0.454005, 0.890892, 0.37472, 0.014702, -0.890973, 0.453817, 0.0, 0.0, 0.0, 0.0, 1.0],
                [0.999349, -0.031343, -0.017898, 0.0, 0.024878, 0.238897, 0.970726, 0.37472, -0.02615, -0.970538, 0.239521, 0.0, 0.0, 0.0, 0.0, 1.0]
            ]
        },
        {
            "name": "Knee_R",
            "time": [0.0, 0.1333, 0.2667, 0.4, 0.5333, 0.6667, 0.8],
            "transform": [
                [0.999818, -0.018759, -0.003546, 0.0, 0.008777, 0.616605, -0.787224, 0.37472, 0.016954, 0.787049, 0.616657, 0.0, 0.0, 0.0, 0.0, 1.0],
                [0.999852, -0.015135, -0.008197, -0.0, -0.000772, 0.436308, -0.899797, 0.37472, 0.017195, 0.89967, 0.436232, -0.0, 0.0, 0.0, 0.0, 1.0],
                [0.999912, -0.011606, -0.006491, -0.0, -0.001382, 0.394775, -0.918777, 0.37472, 0.013226, 0.918705, 0.394724, 0.0, 0.0, 0.0, 0.0, 1.0],
                [0.999941, -0.002429, -0.010599, -0.0, -0.010211, 0.1252, -0.992079, 0.37472, 0.003737, 0.992129, 0.125168, -0.0, 0.0, 0.0, 0.0, 1.0],
                [0.999661, 0.006486, -0.025209, -0.0, -0.026019, 0.277349, -0.960417, 0.37472, 0.000763, 0.960747, 0.277423, 0.0, 0.0, 0.0, 0.0, 1.0],
                [0.999944, 0.000693, -0.010511, -0.0, -0.009324, 0.5225, -0.852588, 0.37472, 0.004901, 0.852638, 0.522478, 0.0, 0.0, 0.0, 0.0, 1.0],
                [0.999818, -0.018759, -0.003546, 0.0, 0.008777, 0.616605, -0.787224, 0.37472, 0.016954, 0.787049, 0.616657, 0.0, 0.0, 0.0, 0.0, 1.0]
            ]
        },
        {
            "name": "Thigh_L",
            "time": [0.0, 0.1333, 0.2667, 0.4, 0.5333, 0.6667, 0.8],
            "transform": [
                [0.996658, -0.060846, -0.054504, -0.125006, -0.047032, -0.972955, 0.226151, -0.00283, -0.066791, -0.222831, -0.972567, -1.2e-05, 0.0, 0.0, 0.0, 1.0],
                [0.998156, -0.003863, -0.060568, -0.125006, -0.011527, -0.991873, -0.126698, -0.002831, -0.059586, 0.127163, -0.990091, -1.2e-05, 0.0, 0.0, 0.0, 1.0],
                [0.996866, -0.06412, -0.046345, -0.125006, -0.040636, -0.917589, 0.395446, -0.00283, -0.067881, -0.392323, -0.917319, -1.2e-05, 0.0, 0.0, 0.0, 1.0],
                [0.999336, -0.036323, 0.002807, -0.125006, -0.028234, -0.723466, 0.689782, -0.002831, -0.023024, -0.689403, -0.724012, -1.2e-05, 0.0, 0.0, 0.0, 1.0],
                [0.999868, -0.015498, 0.004942, -0.125006, -0.011309, -0.443961, 0.895975, -0.002831, -0.011692, -0.895912, -0.444077, -1.2e-05, 0.0, 0.0, 0.0, 1.0],
                [0.996762, -0.077198, 0.02254, -0.125006, -0.064614, -0.601875, 0.795973, -0.00283, -0.047881, -0.794851, -0.604914, -1.2e-05, 0.0, 0.0, 0.0, 1.0],
                [0.996658, -0.060846, -0.054504, -0.125006, -0.047032, -0.972955, 0.226151, -0.00283, -0.066791, -0.222831, -0.972567, -1.2e-05, 0.0, 0.0, 0.0, 1.0]
            ]
        },
        {
            "name": "Leg_L",
            "time": [0.0, 0.1333, 0.2667, 0.4, 0.5333, 0.6667, 0.8],
            "transform": [
                [0.999502, 0.015843, 0.027316, 0.0, -0.026601, 0.888575, 0.457964, 0.37472, -0.017017, -0.458462, 0.88855, -0.0, 0.0, 0.0, 0.0, 1.0],
                [0.999618, -0.000288, 0.027643, -0.0, -0.014173, 0.853186, 0.521416, 0.37472, -0.023734, -0.521605, 0.852859, 0.0, 0.0, 0.0, 0.0, 1.0],
                [0.999836, 0.006196, 0.017006, 0.0, -0.018085, 0.379949, 0.924832, 0.37472, -0.000731, -0.924987, 0.379999, -0.0, 0.0, 0.0, 0.0, 1.0],
                [0.999859, -0.001838, 0.016652, -0.0, -0.016099, 0.169581, 0.985385, 0.37472, -0.004635, -0.985515, 0.169528, 0.0, 0.0, 0.0, 0.0, 1.0],
                [0.999777, -0.020763, 0.003747, 0.0, 0.008724, 0.568505, 0.822634, 0.37472, -0.019211, -0.822418, 0.56856, 0.0, 0.0, 0.0, 0.0, 1.0],
                [0.998918, 0.039086, 0.025145, 0.0, -0.044537, 0.650397, 0.758286, 0.37472, 0.013284, -0.758587, 0.651434, 0.0, 0.0, 0.0, 0.0, 1.0],
                [0.999502, 0.015843, 0.027316, 0.0, -0.026601, 0.888575, 0.457964, 0.37472, -0.017017, -0.458462, 0.88855, -0.0, 0.0, 0.0, 0.0, 1.0]
            ]
        },
        {
            "name": "Knee_L",
            "time": [0.0, 0.1333, 0.2667, 0.4, 0.5333, 0.6667, 0.8],
            "transform": [
                [0.999873, 0.009557, 0.01271, 0.0, 0.010098, 0.235849, -0.971737, 0.37472, -0.012284, 0.971743, 0.235723, -0.0, 0.0, 0.0, 0.0, 1.0],
                [0.999903, 0.001765, 0.013841, -0.0, 0.012845, 0.270939, -0.962511, 0.37472, -0.005449, 0.962595, 0.270889, 0.0, 0.0, 0.0, 0.0, 1.0],
                [0.999956, 0.005685, 0.007559, 0.0, 0.003114, 0.556774, -0.830658, 0.37472, -0.008931, 0.830644, 0.556731, -0.0, 0.0, 0.0, 0.0, 1.0],
                [0.99996, 0.002123, 0.00866, -0.0, 0.005255, 0.64437, -0.764696, 0.37472, -0.007204, 0.764711, 0.644333, 0.0, 0.0, 0.0, 0.0, 1.0],
                [0.999941, -0.00992, 0.004429, 0.0, 0.008529, 0.464384, -0.885593, 0.37472, 0.006728, 0.885579, 0.464441, 0.0, 0.0, 0.0, 0.0, 1.0],
                [0.999717, 0.0223, 0.008297, 0.0, -0.001772, 0.417499, -0.908676, 0.37472, -0.023728, 0.908404, 0.41742, 0.0, 0.0, 0.0, 0.0, 1.0],
                [0.999873, 0.009557, 0.01271, 0.0, 0.010098, 0.235849, -0.971737, 0.37472, -0.012284, 0.971743, 0.235723, -0.0, 0.0, 0.0, 0.0, 1.0]
            ]
        },
        {
            "name": "Torso",
            "time": [0.0, 0.1333, 0.2667, 0.4, 0.5333, 0.6667, 0.8],
            "transform": [
                [0.999933, -0.01143, -0.002016, 0.0, 0.011606, 0.984742, 0.173636, 0.05, 0.0, -0.173648, 0.984808, -0.0, 0.0, 0.0, 0.0, 1.0],
                [1.0, 0.0, -0.0, -0.0, -0.0, 0.984808, 0.173648, 0.05, 0.0, -0.173648, 0.984808, -0.0, 0.0, 0.0, 0.0, 1.0],
                [0.999962, 0.008543, 0.001506, 0.0, -0.008675, 0.984771, 0.173641, 0.05, 0.0, -0.173648, 0.984808, -0.0, 0.0, 0.0, 0.0, 1.0],
                [0.999421, 0.032584, 0.009754, -0.0, -0.03379, 0.983914, 0.175417, 0.05, -0.003881, -0.175645, 0.984446, 0.0, 0.0, 0.0, 0.0, 1.0],
                [0.999777, 0.019825, 0.007251, 0.0, -0.02079, 0.984284, 0.175363, 0.05, -0.00366, -0.175475, 0.984477, -0.0, 0.0, 0.0, 0.0, 1.0],
                [0.999962, -0.008543, -0.001507, 0.0, 0.008675, 0.984771, 0.173641, 0.05, 0.0, -0.173648, 0.984808, -0.0, 0.0, 0.0, 0.0, 1.0],
                [0.999933, -0.01143, -0.002016, 0.0, 0.011606, 0.984742, 0.173636, 0.05, 0.0, -0.173648, 0.984808, -0.0, 0.0, 0.0, 0.0, 1.0]
            ]
        },
        {
            "name": "Chest",
            "time": [0.0, 0.1333, 0.2667, 0.4, 0.5333, 0.6667, 0.8],
            "transform": [
                [0.818497, -0.015151, -0.574311, 0.0, 0.011643, 0.999884, -0.009784, 0.3, 0.574393, 0.001322, 0.818579, 0.0, 0.0, 0.0, 0.0, 1.0],
                [0.86698, 0.011312, -0.498214, 0.0, -0.010943, 0.999934, 0.003661, 0.3, 0.498222, 0.002278, 0.867047, 0.0, 0.0, 0.0, 0.0, 1.0],
                [0.922877, 0.004773, -0.385065, 0.0, -0.004264, 0.999988, 0.002175, 0.3, 0.385071, -0.000366, 0.922887, 0.0, 0.0, 0.0, 0.0, 1.0],
                [0.939216, -0.007689, -0.343241, 0.0, 0.007106, 0.999971, -0.002956, 0.3, 0.343253, 0.000337, 0.939243, -0.0, 0.0, 0.0, 0.0, 1.0],
                [0.964502, -0.034575, -0.261802, 0.0, 0.033029, 0.999401, -0.010305, 0.3, 0.262001, 0.001292, 0.965067, -0.0, 0.0, 0.0, 0.0, 1.0],
                [0.863533, -0.018374, -0.503958, -0.0, 0.015308, 0.999831, -0.010222, 0.3, 0.50406, 0.001113, 0.863668, -0.0, 0.0, 0.0, 0.0, 1.0],
                [0.818497, -0.015151, -0.574311, 0.0, 0.011643, 0.999884, -0.009784, 0.3, 0.574393, 0.001322, 0.818579, 0.0, 0.0, 0.0, 0.0, 1.0]
            ]
        },
        {
            "name": "Head",
            "time": [0.0, 0.1333, 0.2667, 0.4, 0.5333, 0.6667, 0.8],
            "transform": [
                [0.70686, 0.120701, 0.696979, 0.0, 0.003747, 0.984681, -0.174324, 0.4, -0.707343, 0.125834, 0.69558, 0.0, 0.0, 0.0, 0.0, 1.0],
                [0.768278, 0.075739, 0.63562, -0.0, 0.040902, 0.985138, -0.166825, 0.4, -0.638809, 0.154166, 0.753761, 0.0, 0.0, 0.0, 0.0, 1.0],
                [0.843378, 0.054659, 0.534534, 0.0, 0.043329, 0.984655, -0.16905, 0.4, -0.535571, 0.165734, 0.828067, 0.0, 0.0, 0.0, 0.0, 1.0],
                [0.908036, 0.048158, 0.416114, -0.0, 0.026762, 0.984671, -0.172359, 0.4, -0.418035, 0.167644, 0.892828, 0.0, 0.0, 0.0, 0.0, 1.0],
                [0.941495, 0.058404, 0.331928, -0.0, 0.000474, 0.98464, -0.174595, 0.4, -0.337027, 0.164537, 0.927006, -0.0, 0.0, 0.0, 0.0, 1.0],
                [0.763767, 0.110092, 0.636034, 0.0, 0.003451, 0.984638, -0.174576, 0.4, -0.645483, 0.13553, 0.751654, 0.0, 0.0, 0.0, 0.0, 1.0],
                [0.70686, 0.120701, 0.696979, 0.0, 0.003747, 0.984681, -0.174324, 0.4, -0.707343, 0.125834, 0.69558, 0.0, 0.0, 0.0, 0.0, 1.0]
            ]
        },
        {
            "name": "Shoulder_R",
            "time": [0.0, 0.1333, 0.2667, 0.4, 0.5333, 0.6667, 0.8],
            "transform": [
                [-1e-06, 0.965965, 0.258674, 0.0, -3e-06, -0.258674, 0.965965, 0.4, 1.0, 0.0, 3e-06, 0.0, 0.0, 0.0, 0.0, 1.0],
                [-1e-06, 0.965965, 0.258674, -0.0, -3e-06, -0.258674, 0.965965, 0.4, 1.0, 0.0, 3e-06, 0.0, 0.0, 0.0, 0.0, 1.0],
                [-1e-06, 0.965965, 0.258674, 0.0, -3e-06, -0.258674, 0.965965, 0.4, 1.0, 0.0, 3e-06, 0.0, 0.0, 0.0, 0.0, 1.0],
                [-1e-06, 0.965965, 0.258674, -0.0, -3e-06, -0.258674, 0.965964, 0.4, 1.0, 0.0, 3e-06, 0.0, 0.0, 0.0, 0.0, 1.0],
                [-0.068679, 0.96352, 0.258674, -0.0, 0.018388, -0.258019, 0.965965, 0.4, 0.997469, 0.071098, 3e-06, -0.0, 0.0, 0.0, 0.0, 1.0],
                [-0.000818, 0.965964, 0.258674, 0.0, 0.000216, -0.258674, 0.965965, 0.4, 0.999999, 0.000846, 3e-06, 0.0, 0.0, 0.0, 0.0, 1.0],
                [-1e-06, 0.965965, 0.258674, 0.0, -3e-06, -0.258674, 0.965965, 0.4, 1.0, 0.0, 3e-06, 0.0, 0.0, 0.0, 0.0, 1.0]
            ]
        },
        {
            "name": "Arm_R",
            "time": [0.0, 0.1333, 0.2667, 0.4, 0.5333, 0.6667, 0.8],
            "transform": [
                [0.484909, 0.203335, -0.850599, -0.0, 0.731975, 0.43791, 0.521966, 0.388213, 0.478619, -0.875723, 0.06351, 0.0, 0.0, 0.0, 0.0, 1.0],
                [0.631292, 0.186862, -0.752697, 0.0, 0.602912, 0.492224, 0.627864, 0.388213, 0.48782, -0.850176, 0.198076, 0.0, 0.0, 0.0, 0.0, 1.0],
                [0.67677, 0.217497, -0.703334, -0.0, 0.553734, 0.479182, 0.681001, 0.388213, 0.485141, -0.850341, 0.20386, 0.0, 0.0, 0.0, 0.0, 1.0],
                [0.779361, 0.238777, -0.579294, -0.0, 0.446722, 0.436545, 0.780941, 0.388213, 0.439358, -0.867419, 0.233559, 1e-06, 0.0, 0.0, 0.0, 1.0],
                [0.790098, 0.276696, -0.546978, 0.0, 0.427512, 0.390751, 0.815198, 0.388213, 0.439294, -0.877926, 0.190441, 0.0, 0.0, 0.0, 0.0, 1.0],
                [0.524436, 0.15924, -0.836427, 0.0, 0.693908, 0.489343, 0.528238, 0.388213, 0.493416, -0.85743, 0.146131, 0.0, 0.0, 0.0, 0.0, 1.0],
                [0.484909, 0.203335, -0.850599, -0.0, 0.731975, 0.43791, 0.521966, 0.388213, 0.478619, -0.875723, 0.06351, 0.0, 0.0, 0.0, 0.0, 1.0]
            ]
        },
        {
            "name": "Hand_R",
            "time": [0.0, 0.1333, 0.2667, 0.4, 0.5333, 0.6667, 0.8],
            "transform": [
                [0.999336, -0.031776, 0.017833, 0.0, 0.036031, 0.934677, -0.353667, 0.329779, -0.00543, 0.354075, 0.935201, -0.0, 0.0, 0.0, 0.0, 1.0],
                [0.992867, -0.115352, 0.030155, 0.0, 0.118964, 0.941646, -0.31488, 0.329779, 0.007926, 0.316222, 0.948652, -0.0, 0.0, 0.0, 0.0, 1.0],
                [0.998642, -0.049101, 0.017392, 0.0, 0.051989, 0.960232, -0.274319, 0.329779, -0.003231, 0.274851, 0.961482, -0.0, 0.0, 0.0, 0.0, 1.0],
                [0.999336, -0.033209, 0.014996, 0.0, 0.036031, 0.961945, -0.270859, 0.329779, -0.00543, 0.271219, 0.962502, -0.0, 0.0, 0.0, 0.0, 1.0],
                [0.999343, -0.032543, 0.015941, -0.0, 0.035824, 0.953513, -0.299216, 0.329779, -0.005462, 0.29959, 0.954053, 0.0, 0.0, 0.0, 0.0, 1.0],
                [0.999337, -0.033304, 0.014667, -0.0, 0.035981, 0.964545, -0.261453, 0.329779, -0.005439, 0.261807, 0.965105, -0.0, 0.0, 0.0, 0.0, 1.0],
                [0.999336, -0.031776, 0.017833, 0.0, 0.036031, 0.934677, -0.353667, 0.329779, -0.00543, 0.354075, 0.935201, -0.0, 0.0, 0.0, 0.0, 1.0]
            ]
        },
        {
            "name": "Tool_R",
            "time": [0.0, 0.1333, 0.2667, 0.4, 0.5333, 0.6667, 0.8],
            "transform": [
                [-0.422618, 0.902858, -0.07899, -0.02, 0.640856, 0.236071, -0.730461, -0.132839, -0.640856, -0.359328, -0.678371, -0.282843, 0.0, 0.0, 0.0, 1.0],
                [-0.34202, 0.938405, -0.04918, -0.02, 0.664463, 0.204506, -0.718795, -0.132839, -0.664463, -0.278521, -0.693481, -0.282843, 0.0, 0.0, 0.0, 1.0],
                [-0.422619, 0.905065, -0.047433, -0.02, 0.640856, 0.26142, -0.721778, -0.132839, -0.640856, -0.335434, -0.690498, -0.282843, 0.0, 0.0, 0.0, 1.0],
                [-0.34202, 0.93912, -0.032795, -0.02, 0.664463, 0.21702, -0.715116, -0.132839, -0.664463, -0.266375, -0.698236, -0.282843, 0.0, 0.0, 0.0, 1.0],
                [-0.422618, 0.906307, -0.0, -0.02, 0.640856, 0.298836, -0.707107, -0.132839, -0.640856, -0.298836, -0.707107, -0.282843, 0.0, 0.0, 0.0, 1.0],
                [-0.422618, 0.902859, -0.07899, -0.02, 0.640856, 0.236071, -0.730461, -0.132839, -0.640856, -0.359328, -0.678371, -0.282843, 0.0, 0.0, 0.0, 1.0],
                [-0.422618, 0.902858, -0.07899, -0.02, 0.640856, 0.236071, -0.730461, -0.132839, -0.640856, -0.359328, -0.678371, -0.282843, 0.0, 0.0, 0.0, 1.0]
            ]
        },
        {
            "name": "Elbow_R",
            "time": [0.0, 0.1333, 0.2667, 0.4, 0.5333, 0.6667, 0.8],
            "transform": [
                [-1.0, 0.0, -0.0, 0.0, 0.0, 0.179979, -0.98367, 0.329779, 0.0, -0.98367, -0.179979, -0.0, 0.0, 0.0, 0.0, 1.0],
                [-1.0, 0.0, -0.0, 0.0, 1e-06, 0.160184, -0.987087, 0.329779, -0.0, -0.987087, -0.160184, -0.0, 0.0, 0.0, 0.0, 1.0],
                [-1.0, 0.0, -1e-06, 0.0, 1e-06, 0.138769, -0.990325, 0.329779, 0.0, -0.990325, -0.138769, -0.0, 0.0, 0.0, 0.0, 1.0],
                [-1.0, 0.0, -0.0, 0.0, 1e-06, 0.136901, -0.990584, 0.329779, 0.0, -0.990584, -0.136901, -0.0, 0.0, 0.0, 0.0, 1.0],
                [-0.999999, -0.0, -0.0, -0.0, 1e-06, 0.151548, -0.98845, 0.329779, 0.0, -0.98845, -0.151548, 0.0, 0.0, 0.0, 0.0, 1.0],
                [-0.999999, 0.0, -0.0, -0.0, 0.0, 0.132062, -0.991241, 0.329779, 0.0, -0.991241, -0.132062, -0.0, 0.0, 0.0, 0.0, 1.0],
                [-1.0, 0.0, -0.0, 0.0, 0.0, 0.179979, -0.98367, 0.329779, 0.0, -0.98367, -0.179979, -0.0, 0.0, 0.0, 0.0, 1.0]
            ]
        },
        {
            "name": "Shoulder_L",
            "time": [0.0, 0.1333, 0.2667, 0.4, 0.5333, 0.6667, 0.8],
            "transform": [
                [1e-06, -0.965965, -0.258674, 0.0, -0.0, -0.258674, 0.965965, 0.4, -1.0, -0.0, -0.0, 0.0, 0.0, 0.0, 0.0, 1.0],
                [0.0, -0.965965, -0.258674, -0.0, -0.0, -0.258673, 0.965965, 0.4, -1.0, -1e-06, -0.0, 0.0, 0.0, 0.0, 0.0, 1.0],
                [-0.00747, -0.965936, -0.258674, 0.0, -0.002001, -0.258666, 0.965965, 0.4, -0.99997, 0.007734, -0.0, 0.0, 0.0, 0.0, 0.0, 1.0],
                [0.0, -0.965965, -0.258674, -0.0, -0.0, -0.258674, 0.965965, 0.4, -1.0, -0.0, -0.0, 0.0, 0.0, 0.0, 0.0, 1.0],
                [0.0, -0.965965, -0.258674, -0.0, -0.0, -0.258673, 0.965965, 0.4, -1.0, -0.0, -0.0, -0.0, 0.0, 0.0, 0.0, 1.0],
                [0.0, -0.965965, -0.258674, 0.0, -0.0, -0.258674, 0.965965, 0.4, -1.0, -0.0, -0.0, 0.0, 0.0, 0.0, 0.0, 1.0],
                [1e-06, -0.965965, -0.258674, 0.0, -0.0, -0.258674, 0.965965, 0.4, -1.0, -0.0, -0.0, 0.0, 0.0, 0.0, 0.0, 1.0]
            ]
        },
        {
            "name": "Arm_L",
            "time": [0.0, 0.1333, 0.2667, 0.4, 0.5333, 0.6667, 0.8],
            "transform": [
                [-0.006976, -0.073765, 0.997251, -0.0, -0.788499, 0.613742, 0.039882, 0.388212, -0.614997, -0.786053, -0.062444, 1e-06, 0.0, 0.0, 0.0, 1.0],
                [0.089417, 0.228245, 0.969489, -0.0, -0.806141, 0.588237, -0.064136, 0.388212, -0.584929, -0.77581, 0.236596, 1e-06, 0.0, 0.0, 0.0, 1.0],
                [0.071013, 0.021, 0.997254, -0.0, -0.865884, 0.49762, 0.051179, 0.388212, -0.495179, -0.867141, 0.053521, 1e-06, 0.0, 0.0, 0.0, 1.0],
                [0.065179, -0.100581, 0.992792, -0.0, -0.873572, 0.475127, 0.105488, 0.388212, -0.482312, -0.87415, -0.056897, 0.0, 0.0, 0.0, 0.0, 1.0],
                [0.07434, -0.30794, 0.948497, 0.0, -0.865762, 0.452095, 0.214633, 0.388212, -0.494905, -0.837128, -0.232994, 1e-06, 0.0, 0.0, 0.0, 1.0],
                [0.229737, -0.132346, 0.964212, 0.0, -0.770311, 0.580791, 0.263255, 0.388212, -0.594847, -0.803223, 0.031481, 1e-06, 0.0, 0.0, 0.0, 1.0],
                [-0.006976, -0.073765, 0.997251, -0.0, -0.788499, 0.613742, 0.039882, 0.388212, -0.614997, -0.786053, -0.062444, 1e-06, 0.0, 0.0, 0.0, 1.0]
            ]
        },
        {
            "name": "Hand_L",
            "time": [0.0, 0.1333, 0.2667, 0.4, 0.5333, 0.6667, 0.8],
            "transform": [
                [0.999505, 0.029997, -0.009495, 0.0, -0.031308, 0.91815, -0.394995, 0.329779, -0.003131, 0.395097, 0.918634, 0.0, 0.0, 0.0, 0.0, 1.0],
                [0.9984, 0.056539, 0.0, -0.0, -0.055187, 0.974524, -0.217385, 0.329779, -0.012291, 0.217038, 0.976086, 0.0, 0.0, 0.0, 0.0, 1.0],
                [0.999849, 0.016177, -0.00625, 0.0, -0.017189, 0.876613, -0.480888, 0.329779, -0.0023, 0.480923, 0.87676, 0.0, 0.0, 0.0, 0.0, 1.0],
                [0.999335, 0.030102, -0.020535, -0.0, -0.036032, 0.900296, -0.433783, 0.329779, 0.00543, 0.434235, 0.900783, 0.0, 0.0, 0.0, 0.0, 1.0],
                [0.999706, 0.021002, -0.012125, 0.0, -0.023881, 0.765508, -0.642983, 0.329779, -0.004222, 0.643084, 0.765784, -0.0, 0.0, 0.0, 0.0, 1.0],
                [0.984789, 0.17242, -0.021502, 0.0, -0.16842, 0.916781, -0.362143, 0.329779, -0.042728, 0.360256, 0.931875, -0.0, 0.0, 0.0, 0.0, 1.0],
                [0.999505, 0.029997, -0.009495, 0.0, -0.031308, 0.91815, -0.394995, 0.329779, -0.003131, 0.395097, 0.918634, 0.0, 0.0, 0.0, 0.0, 1.0]
            ]
        },
        {
            "name": "Tool_L",
            "time": [0.0, 0.1333, 0.2667, 0.4, 0.5333, 0.6667, 0.8],
            "transform": [
                [1.0, -0.0, 1e-06, 0.02, -0.0, -1.0, -0.0, 0.291426, 1e-06, 0.0, -1.0, -0.0, 0.0, 0.0, 0.0, 1.0],
                [1.0, -0.0, 1e-06, 0.02, -0.0, -1.0, 0.0, 0.291426, 0.0, -0.0, -1.0, -0.0, 0.0, 0.0, 0.0, 1.0],
                [1.0, -0.0, 0.0, 0.02, -0.0, -1.0, 0.0, 0.291426, 0.0, -0.0, -1.0, -0.0, 0.0, 0.0, 0.0, 1.0],
                [1.0, -0.0, 1e-06, 0.02, -0.0, -1.0, -0.0, 0.291426, 1e-06, 0.0, -1.0, -0.0, 0.0, 0.0, 0.0, 1.0],
                [1.0, -0.0, 1e-06, 0.02, -0.0, -1.0, 0.0, 0.291426, 0.0, -0.0, -1.0, -0.0, 0.0, 0.0, 0.0, 1.0],
                [1.0, -0.0, 0.0, 0.02, -0.0, -1.0, 0.0, 0.291426, 0.0, -0.0, -1.0, -0.0, 0.0, 0.0, 0.0, 1.0],
                [1.0, -0.0, 1e-06, 0.02, -0.0, -1.0, -0.0, 0.291426, 1e-06, 0.0, -1.0, -0.0, 0.0, 0.0, 0.0, 1.0]
            ]
        },
        {
            "name": "Elbow_L",
            "time": [0.0, 0.1333, 0.2667, 0.4, 0.5333, 0.6667, 0.8],
            "transform": [
                [-1.0, 0.0, -0.0, 0.0, 0.0, 0.201694, -0.979449, 0.329779, -0.0, -0.979449, -0.201694, 0.0, 0.0, 0.0, 0.0, 1.0],
                [-1.0, -0.0, -0.0, -0.0, 0.0, 0.109179, -0.994022, 0.329779, -0.0, -0.994022, -0.10918, 0.0, 0.0, 0.0, 0.0, 1.0],
                [-1.0, 0.0, -0.0, 0.0, 0.0, 0.248232, -0.968701, 0.329779, -0.0, -0.968701, -0.248232, 0.0, 0.0, 0.0, 0.0, 1.0],
                [-1.0, 0.0, -0.0, -0.0, 0.0, 0.222714, -0.974884, 0.329779, -0.0, -0.974883, -0.222714, 0.0, 0.0, 0.0, 0.0, 1.0],
                [-1.0, 0.0, -0.0, 0.0, 0.0, 0.342205, -0.939625, 0.329779, 0.0, -0.939625, -0.342205, -0.0, 0.0, 0.0, 0.0, 1.0],
                [-1.0, -0.0, -0.0, 0.0, 0.0, 0.183403, -0.983038, 0.329779, -0.0, -0.983038, -0.183403, -0.0, 0.0, 0.0, 0.0, 1.0],
                [-1.0, 0.0, -0.0, 0.0, 0.0, 0.201694, -0.979449, 0.329779, -0.0, -0.979449, -0.201694, 0.0, 0.0, 0.0, 0.0, 1.0]
            ]
        }
    ]
}