{
    "animation": [
        {
            "name": "Root",
            "time": [0.0, 1.6667, 3.3333],
            "transform": [
                [1.0, 0.0, 0.0, -0.008117, 0.0, 0.0, -1.0, 0.019264, 0.0, 1.0, 0.0, 0.747855, 0.0, 0.0, 0.0, 1.0],
                [1.0, 0.0, 0.0, 0.002937, 0.0, 0.0, -1.0, 0.019264, 0.0, 1.0, 0.0, 0.747855, 0.0, 0.0, 0.0, 1.0],
                [1.0, 0.0, 0.0, -0.008117, 0.0, 0.0, -1.0, 0.019264, 0.0, 1.0, 0.0, 0.747855, 0.0, 0.0, 0.0, 1.0]
            ]
        },
        {
            "name": "Thigh_R",
            "time": [0.0, 1.6667, 3.3333],
            "transform": [
                [0.183251, 0.110243, 0.976865, 0.02486, 0.167154, -0.982716, 0.079549, -0.002831, 0.968751, 0.148712, -0.198512, 0.122491, 0.0, 0.0, 0.0, 1.0],
                [0.183829, 0.093947, 0.978458, 0.02486, 0.164444, -0.984332, 0.063617, -0.002831, 0.969105, 0.149209, -0.196398, 0.122491, 0.0, 0.0, 0.0, 1.0],
                [0.183251, 0.110243, 0.976865, 0.02486, 0.167154, -0.982716, 0.079549, -0.002831, 0.968751, 0.148712, -0.198512, 0.122491, 0.0, 0.0, 0.0, 1.0]
            ]
        },
        {
            "name": "Leg_R",
            "time": [0.0, 1.6667, 3.3333],
            "transform": [
                [1.0, 4.9e-05, -1e-06, 0.0, -4.8e-05, 0.972626, 0.232375, 0.37472, 1.3e-05, -0.232375, 0.972627, -0.0, 0.0, 0.0, 0.0, 1.0],
                [1.0, 4.8e-05, -2e-06, -0.0, -4.6e-05, 0.973344, 0.229349, 0.37472, 1.3e-05, -0.229349, 0.973344, 0.0, 0.0, 0.0, 0.0, 1.0],
                [1.0, 4.9e-05, -1e-06, 0.0, -4.8e-05, 0.972626, 0.232375, 0.37472, 1.3e-05, -0.232375, 0.972627, -0.0, 0.0, 0.0, 0.0, 1.0]
            ]
        },
        {
            "name": "Knee_R",
            "time": [0.0, 1.6667, 3.3333],
            "transform": [
                [1.0, 0.0, -0.0, 0.0, -0.0, 1e-06, -1.0, 0.37472, -0.0, 1.0, 1e-06, -0.0, 0.0, 0.0, 0.0, 1.0],
                [1.0, 0.0, -0.0, -0.0, -0.0, 1e-06, -1.0, 0.37472, -0.0, 1.0, 1e-06, -0.0, 0.0, 0.0, 0.0, 1.0],
                [1.0, 0.0, -0.0, 0.0, -0.0, 1e-06, -1.0, 0.37472, -0.0, 1.0, 1e-06, -0.0, 0.0, 0.0, 0.0, 1.0]
            ]
        },
        {
            "name": "Thigh_L",
            "time": [0.0, 1.6667, 3.3333],
            "transform": [
                [0.521177, 0.184173, 0.83334, -0.02486, -0.05615, -0.966922, 0.248814, -0.002831, 0.8516, -0.176466, -0.493596, -0.122515, 0.0, 0.0, 0.0, 1.0],
                [0.519961, 0.170622, 0.836976, -0.02486, -0.064026, -0.969305, 0.237375, -0.002831, 0.851787, -0.177012, -0.493077, -0.122515, 0.0, 0.0, 0.0, 1.0],
                [0.521177, 0.184173, 0.83334, -0.02486, -0.05615, -0.966922, 0.248814, -0.002831, 0.8516, -0.176466, -0.493596, -0.122515, 0.0, 0.0, 0.0, 1.0]
            ]
        },
        {
            "name": "Leg_L",
            "time": [0.0, 1.6667, 3.3333],
            "transform": [
                [1.0, -4.9e-05, 1e-06, 0.0, 4.5e-05, 0.928205, 0.37207, 0.37472, -1.9e-05, -0.372069, 0.928205, -0.0, 0.0, 0.0, 0.0, 1.0],
                [1.0, -5.3e-05, 1e-06, -0.0, 4.9e-05, 0.927315, 0.374282, 0.37472, -2e-05, -0.374282, 0.927315, -0.0, 0.0, 0.0, 0.0, 1.0],
                [1.0, -4.9e-05, 1e-06, 0.0, 4.5e-05, 0.928205, 0.37207, 0.37472, -1.9e-05, -0.372069, 0.928205, -0.0, 0.0, 0.0, 0.0, 1.0]
            ]
        },
        {
            "name": "Knee_L",
            "time": [0.0, 1.6667, 3.3333],
            "transform": [
                [1.0, 0.0, -0.0, 0.0, -0.0, 1e-06, -1.0, 0.37472, -0.0, 1.0, 1e-06, -0.0, 0.0, 0.0, 0.0, 1.0],
                [1.0, 0.0, -0.0, -0.0, -0.0, 1e-06, -1.0, 0.37472, -0.0, 1.0, 1e-06, 0.0, 0.0, 0.0, 0.0, 1.0],
                [1.0, 0.0, -0.0, 0.0, -0.0, 1e-06, -1.0, 0.37472, -0.0, 1.0, 1e-06, -0.0, 0.0, 0.0, 0.0, 1.0]
            ]
        },
        {
            "name": "Torso",
            "time": [0.0, 1.6667, 3.3333],
            "transform": [
                [0.229931, 0.002855, -0.973203, 0.0, -0.014969, 0.999888, -0.000603, 0.05, 0.973092, 0.014706, 0.229948, 0.0, 0.0, 0.0, 0.0, 1.0],
                [0.268495, 0.005604, -0.963265, 0.0, -0.010264, 0.999943, 0.002956, 0.05, 0.963226, 0.009093, 0.268538, 0.0, 0.0, 0.0, 0.0, 1.0],
                [0.229931, 0.002855, -0.973203, 0.0, -0.014969, 0.999888, -0.000603, 0.05, 0.973092, 0.014706, 0.229948, 0.0, 0.0, 0.0, 0.0, 1.0]
            ]
        },
        {
            "name": "Chest",
            "time": [0.0, 1.6667, 3.3333],
            "transform": [
                [0.915666, 0.00548, 0.401902, 0.0, 0.008001, 0.99946, -0.031858, 0.3, -0.40186, 0.032387, 0.915128, -0.0, 0.0, 0.0, 0.0, 1.0],
                [0.921484, -0.006646, 0.388359, -0.0, -0.00448, 0.999605, 0.027735, 0.3, -0.38839, -0.027297, 0.921091, -0.0, 0.0, 0.0, 0.0, 1.0],
                [0.915666, 0.00548, 0.401902, 0.0, 0.008001, 0.99946, -0.031858, 0.3, -0.40186, 0.032387, 0.915128, -0.0, 0.0, 0.0, 0.0, 1.0]
            ]
        },
        {
            "name": "Head",
            "time": [0.0, 1.6667, 3.3333],
            "transform": [
                [0.618352, -0.009285, 0.785847, 0.0, -0.002031, 0.999908, 0.013412, 0.4, -0.785899, -0.009889, 0.618276, -0.0, 0.0, 0.0, 0.0, 1.0],
                [0.64553, 0.010729, 0.763659, -0.0, 0.048204, 0.997335, -0.054759, 0.4, -0.762212, 0.07216, 0.643293, -0.0, 0.0, 0.0, 0.0, 1.0],
                [0.618352, -0.009285, 0.785847, 0.0, -0.002031, 0.999908, 0.013412, 0.4, -0.785899, -0.009889, 0.618276, -0.0, 0.0, 0.0, 0.0, 1.0]
            ]
        },
        {
            "name": "Shoulder_R",
            "time": [0.0, 1.6667, 3.3333],
            "transform": [
                [-0.098336, 0.958426, 0.267861, 0.0, 0.028394, -0.266354, 0.963457, 0.4, 0.994748, 0.102348, -0.001022, -0.0, 0.0, 0.0, 0.0, 1.0],
                [-0.037177, 0.955071, 0.294035, -0.0, 0.006522, -0.294, 0.955783, 0.4, 0.999287, 0.037451, 0.004701, -0.0, 0.0, 0.0, 0.0, 1.0],
                [-0.098336, 0.958426, 0.267861, 0.0, 0.028394, -0.266354, 0.963457, 0.4, 0.994748, 0.102348, -0.001022, -0.0, 0.0, 0.0, 0.0, 1.0]
            ]
        },
        {
            "name": "Arm_R",
            "time": [0.0, 1.6667, 3.3333],
            "transform": [
                [0.184862, 0.126046, -0.974648, 0.0, 0.845298, 0.485482, 0.223113, 0.393861, 0.501296, -0.865113, -0.016799, 0.0, 0.0, 0.0, 0.0, 1.0],
                [0.157569, 0.139352, -0.977626, 0.0, 0.814093, 0.542026, 0.208472, 0.393861, 0.55895, -0.828727, -0.028039, 0.0, 0.0, 0.0, 0.0, 1.0],
                [0.184862, 0.126046, -0.974648, 0.0, 0.845298, 0.485482, 0.223113, 0.393861, 0.501296, -0.865113, -0.016799, 0.0, 0.0, 0.0, 0.0, 1.0]
            ]
        },
        {
            "name": "Hand_R",
            "time": [0.0, 1.6667, 3.3333],
            "transform": [
                [1.0, 0.0, 0.0, 0.0, -0.0, 0.973406, -0.229087, 0.3, 0.0, 0.229087, 0.973406, -0.0, 0.0, 0.0, 0.0, 1.0],
                [1.0, 0.0, 0.0, -0.0, -0.0, 0.973406, -0.229087, 0.3, -0.0, 0.229087, 0.973406, -0.0, 0.0, 0.0, 0.0, 1.0],
                [1.0, 0.0, 0.0, 0.0, -0.0, 0.973406, -0.229087, 0.3, 0.0, 0.229087, 0.973406, -0.0, 0.0, 0.0, 0.0, 1.0]
            ]
        },
        {
            "name": "Tool_R",
            "time": [0.0, 1.6667, 3.3333],
            "transform": [
                [0.987268, -0.015033, 0.158352, 0.0, 0.060075, -0.886556, -0.458705, 0.272858, 0.147197, 0.462093, -0.873849, -0.0, 0.0, 0.0, 0.0, 1.0],
                [0.987268, -0.015033, 0.158352, 0.0, 0.060075, -0.886555, -0.458705, 0.272858, 0.147197, 0.462093, -0.873849, -0.0, 0.0, 0.0, 0.0, 1.0],
                [0.987268, -0.015033, 0.158352, 0.0, 0.060075, -0.886556, -0.458705, 0.272858, 0.147197, 0.462093, -0.873849, -0.0, 0.0, 0.0, 0.0, 1.0]
            ]
        },
        {
            "name": "Elbow_R",
            "time": [0.0, 1.6667, 3.3333],
            "transform": [
                [-1.0, 0.0, -0.0, 0.0, 0.0, 0.0, -1.0, 0.3, -0.0, -1.0, -0.0, -0.0, 0.0, 0.0, 0.0, 1.0],
                [-1.0, 0.0, -0.0, -0.0, 0.0, 0.0, -1.0, 0.3, -0.0, -1.0, -0.0, -0.0, 0.0, 0.0, 0.0, 1.0],
                [-1.0, 0.0, -0.0, 0.0, 0.0, 0.0, -1.0, 0.3, -0.0, -1.0, -0.0, -0.0, 0.0, 0.0, 0.0, 1.0]
            ]
        },
        {
            "name": "Shoulder_L",
            "time": [0.0, 1.6667, 3.3333],
            "transform": [
                [0.082312, -0.965872, -0.245595, 0.0, -0.005439, -0.246863, 0.969035, 0.4, -0.996592, -0.078427, -0.025573, -0.0, 0.0, 0.0, 0.0, 1.0],
                [0.035406, -0.946403, -0.321041, -0.0, -0.005383, -0.321418, 0.946922, 0.4, -0.999358, -0.031799, -0.016474, -0.0, 0.0, 0.0, 0.0, 1.0],
                [0.082312, -0.965872, -0.245595, 0.0, -0.005439, -0.246863, 0.969035, 0.4, -0.996592, -0.078427, -0.025573, -0.0, 0.0, 0.0, 0.0, 1.0]
            ]
        },
        {
            "name": "Arm_L",
            "time": [0.0, 1.6667, 3.3333],
            "transform": [
                [-0.159388, -0.066858, 0.984949, 0.0, -0.850185, 0.516404, -0.102527, 0.39386, -0.501777, -0.853731, -0.13915, -0.0, 0.0, 0.0, 0.0, 1.0],
                [-0.100189, 0.113996, 0.988416, 0.0, -0.839936, 0.522834, -0.145438, 0.39386, -0.533357, -0.844778, 0.043368, -0.0, 0.0, 0.0, 0.0, 1.0],
                [-0.159388, -0.066858, 0.984949, 0.0, -0.850185, 0.516404, -0.102527, 0.39386, -0.501777, -0.853731, -0.13915, -0.0, 0.0, 0.0, 0.0, 1.0]
            ]
        },
        {
            "name": "Hand_L",
            "time": [0.0, 1.6667, 3.3333],
            "transform": [
                [1.0, -0.0, 0.0, 0.0, 0.0, 0.991757, -0.128131, 0.3, -0.0, 0.128131, 0.991757, -0.0, 0.0, 0.0, 0.0, 1.0],
                [1.0, -0.0, 0.0, 0.0, 0.0, 0.991757, -0.128131, 0.3, -0.0, 0.128131, 0.991757, -0.0, 0.0, 0.0, 0.0, 1.0],
                [1.0, -0.0, 0.0, 0.0, 0.0, 0.991757, -0.128131, 0.3, -0.0, 0.128131, 0.991757, -0.0, 0.0, 0.0, 0.0, 1.0]
            ]
        },
        {
            "name": "Tool_L",
            "time": [0.0, 1.6667, 3.3333],
            "transform": [
                [1.0, 0.0, 0.0, -0.0, 0.0, -0.999836, 0.018122, 0.272858, 0.0, -0.018122, -0.999239, -0.0, 0.0, 0.0, 0.0, 1.0],
                [1.0, 0.0, 0.0, -0.0, -0.0, -0.999836, 0.018122, 0.272858, 0.0, -0.018122, -0.999239, -0.0, 0.0, 0.0, 0.0, 1.0],
                [1.0, 0.0, 0.0, -0.0, 0.0, -0.999836, 0.018122, 0.272858, 0.0, -0.018122, -0.999239, -0.0, 0.0, 0.0, 0.0, 1.0]
            ]
        },
        {
            "name": "Elbow_L",
            "time": [0.0, 1.6667, 3.3333],
            "transform": [
                [-1.0, 0.0, -0.0, 0.0, 0.0, -0.0, -1.0, 0.3, -0.0, -1.0, 0.0, -0.0, 0.0, 0.0, 0.0, 1.0],
                [-1.0, 0.0, -0.0, 0.0, 0.0, -0.0, -1.0, 0.3, -0.0, -1.0, 0.0, -0.0, 0.0, 0.0, 0.0, 1.0],
                [-1.0, 0.0, -0.0, 0.0, 0.0, -0.0, -1.0, 0.3, -0.0, -1.0, 0.0, -0.0, 0.0, 0.0, 0.0, 1.0]
            ]
        }
    ]
}