{
    "animation": [
        {
            "name": "Root",
            "time": [0.0, 3.2],
            "transform": [
                [1.0, 0.0, 0.0, 0.0, 0.0, 1.0, 0.0, -0.014063, 0.0, 0.0, 1.0, 0.0, 0.0, 0.0, 0.0, 1.0],
                [1.0, 0.0, 0.0, 0.0, 0.0, 1.0, 0.0, -0.014063, 0.0, 0.0, 1.0, 0.0, 0.0, 0.0, 0.0, 1.0]
            ]
        },
        {
            "name": "Root_M",
            "time": [0.0, 3.2],
            "transform": [
                [-1e-06, -0.0, 1.0, 0.0, -0.0, 1.0, 0.0, 0.758892, -1.0, 0.0, -1e-06, 0.0, 0.0, 0.0, 0.0, 1.0],
                [-1e-06, -0.0, 1.0, 0.0, -0.0, 1.0, 0.0, 0.758892, -1.0, 0.0, -1e-06, 0.0, 0.0, 0.0, 0.0, 1.0]
            ]
        },
        {
            "name": "Hip_L",
            "time": [0.0, 3.2],
            "transform": [
                [0.440859, 0.0, 0.897576, 0.014841, 0.026078, -0.999578, -0.012808, 0.047127, 0.897197, 0.029053, -0.440673, 0.127657, 0.0, 0.0, 0.0, 1.0],
                [0.440859, 0.0, 0.897576, 0.014841, 0.026078, -0.999578, -0.012808, 0.047127, 0.897197, 0.029053, -0.440673, 0.127657, 0.0, 0.0, 0.0, 1.0]
            ]
        },
        {
            "name": "HipPart2_L",
            "time": [0.0, 3.2],
            "transform": [
                [-0.96109, 0.151742, -0.108015, -0.0, 0.145385, 0.988224, 0.036412, 0.070113, 0.109822, 0.019721, -0.993482, 0.0, 0.0, 0.0, 0.0, 1.0],
                [-0.96109, 0.151742, -0.108015, -0.0, 0.145385, 0.988224, 0.036412, 0.070113, 0.109822, 0.019721, -0.993482, 0.0, 0.0, 0.0, 0.0, 1.0]
            ]
        },
        {
            "name": "Knee_L",
            "time": [0.0, 3.2],
            "transform": [
                [-0.995027, 0.097042, 0.022468, -0.0, 0.094372, 0.990591, -0.099113, 0.268273, -0.031875, -0.096499, -0.994823, 0.0, 0.0, 0.0, 0.0, 1.0],
                [-0.995027, 0.097042, 0.022468, -0.0, 0.094372, 0.990591, -0.099113, 0.268273, -0.031875, -0.096499, -0.994823, 0.0, 0.0, 0.0, 0.0, 1.0]
            ]
        },
        {
            "name": "Ankle_L",
            "time": [0.0, 3.2],
            "transform": [
                [0.99799, 0.054314, -0.032652, -0.0, -0.05968, 0.978805, -0.195905, 0.360617, 0.02132, 0.19746, 0.980079, 0.0, 0.0, 0.0, 0.0, 1.0],
                [0.99799, 0.054314, -0.032652, -0.0, -0.05968, 0.978805, -0.195905, 0.360617, 0.02132, 0.19746, 0.980079, 0.0, 0.0, 0.0, 0.0, 1.0]
            ]
        },
        {
            "name": "Toes_L",
            "time": [0.0, 3.2],
            "transform": [
                [0.994027, -0.109113, 0.002391, -0.0, -0.017176, -0.134761, 0.990729, 0.060193, -0.10778, -0.984852, -0.13583, 0.0, 0.0, 0.0, 0.0, 1.0],
                [0.994027, -0.109113, 0.002391, -0.0, -0.017176, -0.134761, 0.990729, 0.060193, -0.10778, -0.984852, -0.13583, 0.0, 0.0, 0.0, 0.0, 1.0]
            ]
        },
        {
            "name": "BigToe1_L",
            "time": [0.0, 3.2],
            "transform": [
                [0.96338, 0.16032, -0.214936, -0.033159, -0.179858, 0.980865, -0.074529, 0.190541, 0.198875, 0.110457, 0.97378, -0.005585, 0.0, 0.0, 0.0, 1.0],
                [0.96338, 0.16032, -0.214936, -0.033159, -0.179858, 0.980865, -0.074529, 0.190541, 0.198875, 0.110457, 0.97378, -0.005585, 0.0, 0.0, 0.0, 1.0]
            ]
        },
        {
            "name": "BigToe2_L",
            "time": [0.0, 3.2],
            "transform": [
                [0.993677, -0.06966, 0.088051, 0.0, 0.068488, 0.997519, 0.016266, 0.035231, -0.088966, -0.010133, 0.995983, 0.0, 0.0, 0.0, 0.0, 1.0],
                [0.993677, -0.06966, 0.088051, 0.0, 0.068488, 0.997519, 0.016266, 0.035231, -0.088966, -0.010133, 0.995983, 0.0, 0.0, 0.0, 0.0, 1.0]
            ]
        },
        {
            "name": "LongToe1_L",
            "time": [0.0, 3.2],
            "transform": [
                [0.977537, 0.125478, -0.169344, -0.002632, -0.141398, 0.986259, -0.085434, 0.191077, 0.156297, 0.10746, 0.981847, -0.006589, 0.0, 0.0, 0.0, 1.0],
                [0.977537, 0.125478, -0.169344, -0.002632, -0.141398, 0.986259, -0.085434, 0.191077, 0.156297, 0.10746, 0.981847, -0.006589, 0.0, 0.0, 0.0, 1.0]
            ]
        },
        {
            "name": "LongToe2_L",
            "time": [0.0, 3.2],
            "transform": [
                [0.998232, -0.03083, 0.050813, -0.0, 0.034855, 0.996159, -0.080328, 0.031438, -0.048142, 0.081957, 0.995472, -0.0, 0.0, 0.0, 0.0, 1.0],
                [0.998232, -0.03083, 0.050813, -0.0, 0.034855, 0.996159, -0.080328, 0.031438, -0.048142, 0.081957, 0.995472, -0.0, 0.0, 0.0, 0.0, 1.0]
            ]
        },
        {
            "name": "MiddleToe1_L",
            "time": [0.0, 3.2],
            "transform": [
                [0.994324, 0.061937, -0.086506, 0.023468, -0.069496, 0.993755, -0.087295, 0.186448, 0.080559, 0.092812, 0.992419, 0.00178, 0.0, 0.0, 0.0, 1.0],
                [0.994324, 0.061937, -0.086506, 0.023468, -0.069496, 0.993755, -0.087295, 0.186448, 0.080559, 0.092812, 0.992419, 0.00178, 0.0, 0.0, 0.0, 1.0]
            ]
        },
        {
            "name": "MiddleToe2_L",
            "time": [0.0, 3.2],
            "transform": [
                [0.999678, 0.016106, -0.019594, -0.0, -0.014993, 0.998336, 0.055687, 0.030561, 0.020458, -0.055375, 0.998256, 0.0, 0.0, 0.0, 0.0, 1.0],
                [0.999678, 0.016106, -0.019594, -0.0, -0.014993, 0.998336, 0.055687, 0.030561, 0.020458, -0.055375, 0.998256, 0.0, 0.0, 0.0, 0.0, 1.0]
            ]
        },
        {
            "name": "PinkyToe1_L",
            "time": [0.0, 3.2],
            "transform": [
                [0.994284, 0.06368, -0.085697, 0.06421, -0.069721, 0.995146, -0.069453, 0.17206, 0.080858, 0.075031, 0.993898, 0.012933, 0.0, 0.0, 0.0, 1.0],
                [0.994284, 0.06368, -0.085697, 0.06421, -0.069721, 0.995146, -0.069453, 0.17206, 0.080858, 0.075031, 0.993898, 0.012933, 0.0, 0.0, 0.0, 1.0]
            ]
        },
        {
            "name": "PinkyToe2_L",
            "time": [0.0, 3.2],
            "transform": [
                [0.999901, 0.00938, -0.010488, -0.0, -0.007525, 0.986311, 0.164722, 0.020711, 0.01189, -0.164627, 0.986284, -0.0, 0.0, 0.0, 0.0, 1.0],
                [0.999901, 0.00938, -0.010488, -0.0, -0.007525, 0.986311, 0.164722, 0.020711, 0.01189, -0.164627, 0.986284, -0.0, 0.0, 0.0, 0.0, 1.0]
            ]
        },
        {
            "name": "RingToe1_L",
            "time": [0.0, 3.2],
            "transform": [
                [0.994405, 0.058774, -0.087775, 0.045038, -0.069017, 0.990536, -0.118637, 0.181762, 0.079971, 0.124031, 0.989051, 0.004787, 0.0, 0.0, 0.0, 1.0],
                [0.994405, 0.058774, -0.087775, 0.045038, -0.069017, 0.990536, -0.118637, 0.181762, 0.079971, 0.124031, 0.989051, 0.004787, 0.0, 0.0, 0.0, 1.0]
            ]
        },
        {
            "name": "RingToe2_L",
            "time": [0.0, 3.2],
            "transform": [
                [0.999782, 0.013175, -0.016182, 0.0, -0.011804, 0.996557, 0.082071, 0.024518, 0.017208, -0.081862, 0.996495, -0.0, 0.0, 0.0, 0.0, 1.0],
                [0.999782, 0.013175, -0.016182, 0.0, -0.011804, 0.996557, 0.082071, 0.024518, 0.017208, -0.081862, 0.996495, -0.0, 0.0, 0.0, 0.0, 1.0]
            ]
        },
        {
            "name": "Hip_R",
            "time": [0.0, 3.2],
            "transform": [
                [-0.999837, 0.0, 0.018062, 0.014841, -0.000525, -0.999577, -0.029049, 0.047127, 0.018054, -0.029053, 0.999415, -0.127657, 0.0, 0.0, 0.0, 1.0],
                [-0.999837, 0.0, 0.018062, 0.014841, -0.000525, -0.999577, -0.029049, 0.047127, 0.018054, -0.029053, 0.999415, -0.127657, 0.0, 0.0, 0.0, 1.0]
            ]
        },
        {
            "name": "HipPart2_R",
            "time": [0.0, 3.2],
            "transform": [
                [-0.222125, -0.045244, 0.973968, -0.0, -0.065615, 0.997352, 0.031366, 0.070113, -0.972808, -0.05694, -0.224505, 0.0, 0.0, 0.0, 0.0, 1.0],
                [-0.222125, -0.045244, 0.973968, -0.0, -0.065615, 0.997352, 0.031366, 0.070113, -0.972808, -0.05694, -0.224505, 0.0, 0.0, 0.0, 0.0, 1.0]
            ]
        },
        {
            "name": "Knee_R",
            "time": [0.0, 3.2],
            "transform": [
                [-0.992603, -0.118073, -0.028265, 0.0, -0.115383, 0.989849, -0.082986, 0.268273, 0.037776, -0.079111, -0.99615, 0.0, 0.0, 0.0, 0.0, 1.0],
                [-0.992603, -0.118073, -0.028265, 0.0, -0.115383, 0.989849, -0.082986, 0.268273, 0.037776, -0.079111, -0.99615, 0.0, 0.0, 0.0, 0.0, 1.0]
            ]
        },
        {
            "name": "Ankle_R",
            "time": [0.0, 3.2],
            "transform": [
                [0.994339, 0.083058, -0.066268, -0.0, -0.094518, 0.976331, -0.194533, 0.360617, 0.048542, 0.199696, 0.978655, -0.0, 0.0, 0.0, 0.0, 1.0],
                [0.994339, 0.083058, -0.066268, -0.0, -0.094518, 0.976331, -0.194533, 0.360617, 0.048542, 0.199696, 0.978655, -0.0, 0.0, 0.0, 0.0, 1.0]
            ]
        },
        {
            "name": "Toes_R",
            "time": [0.0, 3.2],
            "transform": [
                [0.995989, -0.028414, -0.084844, -0.0, 0.080482, -0.129837, 0.988264, 0.060193, -0.039096, -0.991128, -0.127029, -0.0, 0.0, 0.0, 0.0, 1.0],
                [0.995989, -0.028414, -0.084844, -0.0, 0.080482, -0.129837, 0.988264, 0.060193, -0.039096, -0.991128, -0.127029, -0.0, 0.0, 0.0, 0.0, 1.0]
            ]
        },
        {
            "name": "BigToe1_R",
            "time": [0.0, 3.2],
            "transform": [
                [0.983114, -0.11218, 0.14458, 0.03612, 0.124831, 0.988817, -0.081602, 0.188227, -0.133809, 0.098273, 0.986122, -0.003364, 0.0, 0.0, 0.0, 1.0],
                [0.983114, -0.11218, 0.14458, 0.03612, 0.124831, 0.988817, -0.081602, 0.188227, -0.133809, 0.098273, 0.986122, -0.003364, 0.0, 0.0, 0.0, 1.0]
            ]
        },
        {
            "name": "BigToe2_R",
            "time": [0.0, 3.2],
            "transform": [
                [0.993467, 0.071635, -0.088838, 0.0, -0.070541, 0.99739, 0.015393, 0.035231, 0.089709, -0.009025, 0.995927, 0.0, 0.0, 0.0, 0.0, 1.0],
                [0.993467, 0.071635, -0.088838, 0.0, -0.070541, 0.99739, 0.015393, 0.035231, 0.089709, -0.009025, 0.995927, 0.0, 0.0, 0.0, 0.0, 1.0]
            ]
        },
        {
            "name": "LongToe1_R",
            "time": [0.0, 3.2],
            "transform": [
                [0.003282, -0.075486, -0.997141, 0.005776, -0.098232, 0.9923, -0.075443, 0.190505, 0.995158, 0.098199, -0.004158, -0.006427, 0.0, 0.0, 0.0, 1.0],
                [0.003282, -0.075486, -0.997141, 0.005776, -0.098232, 0.9923, -0.075443, 0.190505, 0.995158, 0.098199, -0.004158, -0.006427, 0.0, 0.0, 0.0, 1.0]
            ]
        },
        {
            "name": "LongToe2_R",
            "time": [0.0, 3.2],
            "transform": [
                [-0.047, 0.078654, 0.995793, -0.0, -0.034855, 0.996159, -0.080328, 0.031438, -0.998286, -0.038484, -0.044078, -0.0, 0.0, 0.0, 0.0, 1.0],
                [-0.047, 0.078654, 0.995793, -0.0, -0.034855, 0.996159, -0.080328, 0.031438, -0.998286, -0.038484, -0.044078, -0.0, 0.0, 0.0, 0.0, 1.0]
            ]
        },
        {
            "name": "MiddleToe1_R",
            "time": [0.0, 3.2],
            "transform": [
                [0.999833, -0.010788, 0.014766, -0.021049, 0.012043, 0.996076, -0.087676, 0.187417, -0.013763, 0.087839, 0.99604, 0.000176, 0.0, 0.0, 0.0, 1.0],
                [0.999833, -0.010788, 0.014766, -0.021049, 0.012043, 0.996076, -0.087676, 0.187417, -0.013763, 0.087839, 0.99604, 0.000176, 0.0, 0.0, 0.0, 1.0]
            ]
        },
        {
            "name": "MiddleToe2_R",
            "time": [0.0, 3.2],
            "transform": [
                [0.999679, -0.016099, 0.019585, -0.0, 0.014986, 0.998336, 0.055687, 0.030561, -0.020449, -0.055375, 0.998256, -0.0, 0.0, 0.0, 0.0, 1.0],
                [0.999679, -0.016099, 0.019585, -0.0, 0.014986, 0.998336, 0.055687, 0.030561, -0.020449, -0.055375, 0.998256, -0.0, 0.0, 0.0, 0.0, 1.0]
            ]
        },
        {
            "name": "PinkyToe1_R",
            "time": [0.0, 3.2],
            "transform": [
                [0.999826, -0.011258, 0.01489, -0.063205, 0.012271, 0.997485, -0.069811, 0.175438, -0.014067, 0.069981, 0.997449, 0.008581, 0.0, 0.0, 0.0, 1.0],
                [0.999826, -0.011258, 0.01489, -0.063205, 0.012271, 0.997485, -0.069811, 0.175438, -0.014067, 0.069981, 0.997449, 0.008581, 0.0, 0.0, 0.0, 1.0]
            ]
        },
        {
            "name": "PinkyToe2_R",
            "time": [0.0, 3.2],
            "transform": [
                [0.999901, -0.009369, 0.010478, 0.0, 0.007516, 0.986311, 0.164722, 0.020711, -0.011878, -0.164627, 0.986284, 0.0, 0.0, 0.0, 0.0, 1.0],
                [0.999901, -0.009369, 0.010478, 0.0, 0.007516, 0.986311, 0.164722, 0.020711, -0.011878, -0.164627, 0.986284, 0.0, 0.0, 0.0, 0.0, 1.0]
            ]
        },
        {
            "name": "RingToe1_R",
            "time": [0.0, 3.2],
            "transform": [
                [0.999847, -0.009904, 0.014445, -0.043005, 0.011554, 0.992821, -0.119053, 0.183988, -0.013162, 0.119202, 0.992783, 0.001733, 0.0, 0.0, 0.0, 1.0],
                [0.999847, -0.009904, 0.014445, -0.043005, 0.011554, 0.992821, -0.119053, 0.183988, -0.013162, 0.119202, 0.992783, 0.001733, 0.0, 0.0, 0.0, 1.0]
            ]
        },
        {
            "name": "RingToe2_R",
            "time": [0.0, 3.2],
            "transform": [
                [0.999782, -0.013176, 0.016183, 0.0, 0.011805, 0.996557, 0.082071, 0.024518, -0.017208, -0.081862, 0.996495, -0.0, 0.0, 0.0, 0.0, 1.0],
                [0.999782, -0.013176, 0.016183, 0.0, 0.011805, 0.996557, 0.082071, 0.024518, -0.017208, -0.081862, 0.996495, -0.0, 0.0, 0.0, 0.0, 1.0]
            ]
        },
        {
            "name": "Spine1_M",
            "time": [0.0, 3.2],
            "transform": [
                [0.996486, 0.083028, -0.011019, -0.0, -0.083502, 0.995071, -0.053488, 0.160044, 0.006524, 0.05422, 0.998508, -0.0, 0.0, 0.0, 0.0, 1.0],
                [0.996486, 0.083028, -0.011019, -0.0, -0.083502, 0.995071, -0.053488, 0.160044, 0.006524, 0.05422, 0.998508, -0.0, 0.0, 0.0, 0.0, 1.0]
            ]
        },
        {
            "name": "Spine2_M",
            "time": [0.0, 3.2],
            "transform": [
                [0.996873, 0.078915, -0.004163, -0.0, -0.078959, 0.996809, -0.011739, 0.165114, 0.003223, 0.012031, 0.999923, 0.0, 0.0, 0.0, 0.0, 1.0],
                [0.996873, 0.078915, -0.004163, -0.0, -0.078959, 0.996809, -0.011739, 0.165114, 0.003223, 0.012031, 0.999923, 0.0, 0.0, 0.0, 0.0, 1.0]
            ]
        },
        {
            "name": "Chest_M",
            "time": [0.0, 3.2],
            "transform": [
                [1.0, 0.0, -0.0, 0.0, 0.0, 1.0, 0.0, 0.159416, 0.0, -0.0, 1.0, -0.0, 0.0, 0.0, 0.0, 1.0],
                [1.0, 0.0, -0.0, 0.0, 0.0, 1.0, 0.0, 0.159416, 0.0, -0.0, 1.0, -0.0, 0.0, 0.0, 0.0, 1.0]
            ]
        },
        {
            "name": "Neck_M",
            "time": [0.0, 3.2],
            "transform": [
                [0.990585, 0.101697, 0.091647, 0.0, -0.098546, 0.994396, -0.038283, 0.194152, -0.095026, 0.028891, 0.995055, -0.0, 0.0, 0.0, 0.0, 1.0],
                [0.990585, 0.101697, 0.091647, 0.0, -0.098546, 0.994396, -0.038283, 0.194152, -0.095026, 0.028891, 0.995055, -0.0, 0.0, 0.0, 0.0, 1.0]
            ]
        },
        {
            "name": "Head_M",
            "time": [0.0, 3.2],
            "transform": [
                [-0.008947, 0.110938, -0.993787, -0.0, -0.159746, 0.980905, 0.110939, 0.099561, 0.987118, 0.159746, 0.008946, 0.0, 0.0, 0.0, 0.0, 1.0],
                [-0.008947, 0.110938, -0.993787, -0.0, -0.159746, 0.980905, 0.110939, 0.099561, 0.987118, 0.159746, 0.008946, 0.0, 0.0, 0.0, 0.0, 1.0]
            ]
        },
        {
            "name": "Headcover_JNT",
            "time": [0.0, 3.2],
            "transform": [
                [0.001721, 0.009988, -0.999949, 0.0, 0.005952, 0.999932, 0.009999, 0.271168, 0.999981, -0.005968, 0.001661, 0.0, 0.0, 0.0, 0.0, 1.0],
                [0.001721, 0.009988, -0.999949, 0.0, 0.005952, 0.999932, 0.009999, 0.271168, 0.999981, -0.005968, 0.001661, 0.0, 0.0, 0.0, 0.0, 1.0]
            ]
        },
        {
            "name": "HairBR_00_JNT",
            "time": [0.0, 3.2],
            "transform": [
                [0.110332, 0.473079, 0.874084, 0.001048, -0.987467, 0.152035, 0.042358, 0.159911, -0.112853, -0.867803, 0.483924, -0.319039, 0.0, 0.0, 0.0, 1.0],
                [0.110332, 0.473079, 0.874084, 0.001048, -0.987467, 0.152035, 0.042358, 0.159911, -0.112853, -0.867803, 0.483924, -0.319039, 0.0, 0.0, 0.0, 1.0]
            ]
        },
        {
            "name": "HairBR_01_JNT",
            "time": [0.0, 3.2],
            "transform": [
                [0.979345, 0.198883, 0.03645, -0.0, -0.193335, 0.973869, -0.119165, 0.075771, -0.059197, 0.109657, 0.992205, -0.0, 0.0, 0.0, 0.0, 1.0],
                [0.979345, 0.198883, 0.03645, -0.0, -0.193335, 0.973869, -0.119165, 0.075771, -0.059197, 0.109657, 0.992205, -0.0, 0.0, 0.0, 0.0, 1.0]
            ]
        },
        {
            "name": "HairBR_02_JNT",
            "time": [0.0, 3.2],
            "transform": [
                [0.197194, 0.385501, -0.90139, -0.0, -0.089673, 0.922682, 0.374989, 0.075772, 0.976255, 0.006884, 0.216517, 0.0, 0.0, 0.0, 0.0, 1.0],
                [0.197194, 0.385501, -0.90139, -0.0, -0.089673, 0.922682, 0.374989, 0.075772, 0.976255, 0.006884, 0.216517, 0.0, 0.0, 0.0, 0.0, 1.0]
            ]
        },
        {
            "name": "HairFR_00_JNT",
            "time": [0.0, 3.2],
            "transform": [
                [0.052303, -0.022845, 0.99837, 0.000445, -0.742459, 0.667698, 0.054175, 0.159561, -0.667847, -0.744082, 0.017961, -0.316555, 0.0, 0.0, 0.0, 1.0],
                [0.052303, -0.022845, 0.99837, 0.000445, -0.742459, 0.667698, 0.054175, 0.159561, -0.667847, -0.744082, 0.017961, -0.316555, 0.0, 0.0, 0.0, 1.0]
            ]
        },
        {
            "name": "HairFR_01_JNT",
            "time": [0.0, 3.2],
            "transform": [
                [0.974386, 0.116514, -0.192344, -0.0, -0.178607, 0.920664, -0.347099, 0.091327, 0.136642, 0.372562, 0.917892, 0.0, 0.0, 0.0, 0.0, 1.0],
                [0.974386, 0.116514, -0.192344, -0.0, -0.178607, 0.920664, -0.347099, 0.091327, 0.136642, 0.372562, 0.917892, 0.0, 0.0, 0.0, 0.0, 1.0]
            ]
        },
        {
            "name": "HairFR_02_JNT",
            "time": [0.0, 3.2],
            "transform": [
                [-0.078213, 0.310237, 0.947437, -0.0, 0.316016, 0.909053, -0.271581, 0.091336, -0.945525, 0.278164, -0.169139, 0.0, 0.0, 0.0, 0.0, 1.0],
                [-0.078213, 0.310237, 0.947437, -0.0, 0.316016, 0.909053, -0.271581, 0.091336, -0.945525, 0.278164, -0.169139, 0.0, 0.0, 0.0, 0.0, 1.0]
            ]
        },
        {
            "name": "FishBone_00_JNT",
            "time": [0.0, 3.2],
            "transform": [
                [-0.837639, -0.466561, -0.284047, -0.178378, 0.025873, 0.485545, -0.873829, 0.117667, 0.545612, -0.739302, -0.394639, -0.121324, 0.0, 0.0, 0.0, 1.0],
                [-0.837639, -0.466561, -0.284047, -0.178378, 0.025873, 0.485545, -0.873829, 0.117667, 0.545612, -0.739302, -0.394639, -0.121324, 0.0, 0.0, 0.0, 1.0]
            ]
        },
        {
            "name": "Scapula_L",
            "time": [0.0, 3.2],
            "transform": [
                [-0.92226, -0.11977, -0.367549, 0.051725, -0.36706, -0.026927, 0.929808, 0.136271, -0.12126, 0.992436, -0.019129, 0.126202, 0.0, 0.0, 0.0, 1.0],
                [-0.92226, -0.11977, -0.367549, 0.051725, -0.36706, -0.026927, 0.929808, 0.136271, -0.12126, 0.992436, -0.019129, 0.126202, 0.0, 0.0, 0.0, 1.0]
            ]
        },
        {
            "name": "Shoulder_L",
            "time": [0.0, 3.2],
            "transform": [
                [0.036218, 0.991836, -0.122273, -0.0, -0.981347, 0.012183, -0.191861, 0.19981, -0.188805, 0.126941, 0.973776, 0.0, 0.0, 0.0, 0.0, 1.0],
                [0.036218, 0.991836, -0.122273, -0.0, -0.981347, 0.012183, -0.191861, 0.19981, -0.188805, 0.126941, 0.973776, 0.0, 0.0, 0.0, 0.0, 1.0]
            ]
        },
        {
            "name": "Elbow_L",
            "time": [0.0, 3.2],
            "transform": [
                [0.466519, 0.884214, 0.022911, -0.0, -0.50118, 0.285592, -0.816857, 0.340376, -0.72882, 0.369597, 0.576385, 0.0, 0.0, 0.0, 0.0, 1.0],
                [0.466519, 0.884214, 0.022911, -0.0, -0.50118, 0.285592, -0.816857, 0.340376, -0.72882, 0.369597, 0.576385, 0.0, 0.0, 0.0, 0.0, 1.0]
            ]
        },
        {
            "name": "Wrist_L",
            "time": [0.0, 3.2],
            "transform": [
                [0.99762, -0.012, -0.067893, 0.0, 0.014368, 0.999301, 0.034495, 0.315729, 0.067431, -0.035388, 0.997096, -0.0, 0.0, 0.0, 0.0, 1.0],
                [0.99762, -0.012, -0.067893, 0.0, 0.014368, 0.999301, 0.034495, 0.315729, 0.067431, -0.035388, 0.997096, -0.0, 0.0, 0.0, 0.0, 1.0]
            ]
        },
        {
            "name": "IndexFinger1_L",
            "time": [0.0, 3.2],
            "transform": [
                [0.930395, 0.335408, 0.147875, 0.008304, -0.336566, 0.94149, -0.017883, 0.108229, -0.145221, -0.033131, 0.988844, 0.054963, 0.0, 0.0, 0.0, 1.0],
                [0.930395, 0.335408, 0.147875, 0.008304, -0.336566, 0.94149, -0.017883, 0.108229, -0.145221, -0.033131, 0.988844, 0.054963, 0.0, 0.0, 0.0, 1.0]
            ]
        },
        {
            "name": "IndexFinger2_L",
            "time": [0.0, 3.2],
            "transform": [
                [0.986782, 0.155048, -0.04714, -0.0, -0.156278, 0.987431, -0.023608, 0.060326, 0.042887, 0.030663, 0.998609, -0.0, 0.0, 0.0, 0.0, 1.0],
                [0.986782, 0.155048, -0.04714, -0.0, -0.156278, 0.987431, -0.023608, 0.060326, 0.042887, 0.030663, 0.998609, -0.0, 0.0, 0.0, 0.0, 1.0]
            ]
        },
        {
            "name": "IndexFinger3_L",
            "time": [0.0, 3.2],
            "transform": [
                [0.970275, 0.235714, 0.054827, 0.0, -0.235821, 0.971786, -0.004597, 0.043548, -0.054363, -0.008469, 0.998486, -0.0, 0.0, 0.0, 0.0, 1.0],
                [0.970275, 0.235714, 0.054827, 0.0, -0.235821, 0.971786, -0.004597, 0.043548, -0.054363, -0.008469, 0.998486, -0.0, 0.0, 0.0, 0.0, 1.0]
            ]
        },
        {
            "name": "MiddleFinger1_L",
            "time": [0.0, 3.2],
            "transform": [
                [0.934599, 0.355671, 0.004843, 0.00336, -0.355697, 0.934413, 0.018768, 0.115016, 0.00215, -0.019264, 0.999812, 0.016402, 0.0, 0.0, 0.0, 1.0],
                [0.934599, 0.355671, 0.004843, 0.00336, -0.355697, 0.934413, 0.018768, 0.115016, 0.00215, -0.019264, 0.999812, 0.016402, 0.0, 0.0, 0.0, 1.0]
            ]
        },
        {
            "name": "MiddleFinger2_L",
            "time": [0.0, 3.2],
            "transform": [
                [0.996668, 0.078043, 0.023713, -0.0, -0.077954, 0.996946, -0.004671, 0.058173, -0.024005, 0.002807, 0.999708, -0.0, 0.0, 0.0, 0.0, 1.0],
                [0.996668, 0.078043, 0.023713, -0.0, -0.077954, 0.996946, -0.004671, 0.058173, -0.024005, 0.002807, 0.999708, -0.0, 0.0, 0.0, 0.0, 1.0]
            ]
        },
        {
            "name": "MiddleFinger3_L",
            "time": [0.0, 3.2],
            "transform": [
                [0.979299, 0.201911, 0.01436, -0.0, -0.201812, 0.979391, -0.008045, 0.044437, -0.015688, 0.004981, 0.999865, -0.0, 0.0, 0.0, 0.0, 1.0],
                [0.979299, 0.201911, 0.01436, -0.0, -0.201812, 0.979391, -0.008045, 0.044437, -0.015688, 0.004981, 0.999865, -0.0, 0.0, 0.0, 0.0, 1.0]
            ]
        },
        {
            "name": "PinkyFinger1_L",
            "time": [0.0, 3.2],
            "transform": [
                [0.872569, 0.46856, -0.138111, 0.008481, -0.468021, 0.882883, 0.038392, 0.106893, 0.139925, 0.031139, 0.989672, -0.056016, 0.0, 0.0, 0.0, 1.0],
                [0.872569, 0.46856, -0.138111, 0.008481, -0.468021, 0.882883, 0.038392, 0.106893, 0.139925, 0.031139, 0.989672, -0.056016, 0.0, 0.0, 0.0, 1.0]
            ]
        },
        {
            "name": "PinkyFinger2_L",
            "time": [0.0, 3.2],
            "transform": [
                [0.055626, 0.068412, 0.996105, 0.0, -0.007046, 0.997652, -0.068125, 0.043819, -0.998427, -0.003229, 0.055977, 0.0, 0.0, 0.0, 0.0, 1.0],
                [0.055626, 0.068412, 0.996105, 0.0, -0.007046, 0.997652, -0.068125, 0.043819, -0.998427, -0.003229, 0.055977, 0.0, 0.0, 0.0, 0.0, 1.0]
            ]
        },
        {
            "name": "PinkyFinger3_L",
            "time": [0.0, 3.2],
            "transform": [
                [-0.143332, 0.056765, -0.988045, 0.0, -0.174895, 0.981188, 0.081742, 0.033883, 0.974098, 0.18452, -0.130708, -0.0, 0.0, 0.0, 0.0, 1.0],
                [-0.143332, 0.056765, -0.988045, 0.0, -0.174895, 0.981188, 0.081742, 0.033883, 0.974098, 0.18452, -0.130708, -0.0, 0.0, 0.0, 0.0, 1.0]
            ]
        },
        {
            "name": "RingFinger1_L",
            "time": [0.0, 3.2],
            "transform": [
                [0.932811, 0.359804, -0.020099, 0.00714, -0.35994, 0.932969, -0.003444, 0.111791, 0.017513, 0.010447, 0.999792, -0.022041, 0.0, 0.0, 0.0, 1.0],
                [0.932811, 0.359804, -0.020099, 0.00714, -0.35994, 0.932969, -0.003444, 0.111791, 0.017513, 0.010447, 0.999792, -0.022041, 0.0, 0.0, 0.0, 1.0]
            ]
        },
        {
            "name": "RingFinger2_L",
            "time": [0.0, 3.2],
            "transform": [
                [0.997345, 0.043499, -0.058408, -0.0, -0.043735, 0.999039, -0.002762, 0.058356, 0.058231, 0.00531, 0.998289, -0.0, 0.0, 0.0, 0.0, 1.0],
                [0.997345, 0.043499, -0.058408, -0.0, -0.043735, 0.999039, -0.002762, 0.058356, 0.058231, 0.00531, 0.998289, -0.0, 0.0, 0.0, 0.0, 1.0]
            ]
        },
        {
            "name": "RingFinger3_L",
            "time": [0.0, 3.2],
            "transform": [
                [-0.983243, 0.172486, -0.059003, 0.0, 0.172474, 0.985, 0.005331, 0.036206, 0.059038, -0.004935, -0.998244, -0.0, 0.0, 0.0, 0.0, 1.0],
                [-0.983243, 0.172486, -0.059003, 0.0, 0.172474, 0.985, 0.005331, 0.036206, 0.059038, -0.004935, -0.998244, -0.0, 0.0, 0.0, 0.0, 1.0]
            ]
        },
        {
            "name": "ThumbFinger1_L",
            "time": [0.0, 3.2],
            "transform": [
                [-0.030237, 0.490304, -0.871027, 0.03033, -0.181683, 0.854213, 0.487146, 0.022682, 0.982892, 0.172981, 0.063251, 0.036873, 0.0, 0.0, 0.0, 1.0],
                [-0.030237, 0.490304, -0.871027, 0.03033, -0.181683, 0.854213, 0.487146, 0.022682, 0.982892, 0.172981, 0.063251, 0.036873, 0.0, 0.0, 0.0, 1.0]
            ]
        },
        {
            "name": "ThumbFinger2_L",
            "time": [0.0, 3.2],
            "transform": [
                [0.982848, -0.182378, 0.027356, -0.0, 0.183942, 0.980119, -0.074386, 0.055952, -0.013246, 0.078142, 0.996854, -0.0, 0.0, 0.0, 0.0, 1.0],
                [0.982848, -0.182378, 0.027356, -0.0, 0.183942, 0.980119, -0.074386, 0.055952, -0.013246, 0.078142, 0.996854, -0.0, 0.0, 0.0, 0.0, 1.0]
            ]
        },
        {
            "name": "ThumbFinger3_L",
            "time": [0.0, 3.2],
            "transform": [
                [0.965533, -0.022713, 0.259289, -0.0, 0.018275, 0.999642, 0.019516, 0.049616, -0.25964, -0.014105, 0.965603, -0.0, 0.0, 0.0, 0.0, 1.0],
                [0.965533, -0.022713, 0.259289, -0.0, 0.018275, 0.999642, 0.019516, 0.049616, -0.25964, -0.014105, 0.965603, -0.0, 0.0, 0.0, 0.0, 1.0]
            ]
        },
        {
            "name": "Scapula_R",
            "time": [0.0, 3.2],
            "transform": [
                [0.784364, -0.168696, -0.596921, 0.051725, 0.591718, -0.08526, 0.801623, 0.136271, -0.186124, -0.981974, 0.032945, -0.126202, 0.0, 0.0, 0.0, 1.0],
                [0.784364, -0.168696, -0.596921, 0.051725, 0.591718, -0.08526, 0.801623, 0.136271, -0.186124, -0.981974, 0.032945, -0.126202, 0.0, 0.0, 0.0, 1.0]
            ]
        },
        {
            "name": "Shoulder_R",
            "time": [0.0, 3.2],
            "transform": [
                [0.249848, -0.92127, 0.298054, 0.001429, 0.734304, -0.020374, -0.678514, 0.199805, 0.631168, 0.388388, 0.671403, 4e-06, 0.0, 0.0, 0.0, 1.0],
                [0.249848, -0.92127, 0.298054, 0.001429, 0.734304, -0.020374, -0.678514, 0.199805, 0.631168, 0.388388, 0.671403, 4e-06, 0.0, 0.0, 0.0, 1.0]
            ]
        },
        {
            "name": "Elbow_R",
            "time": [0.0, 3.2],
            "transform": [
                [0.506637, -0.796329, 0.330422, -0.0, 0.77282, 0.24957, -0.583493, 0.352488, 0.382189, 0.550976, 0.741861, -0.0, 0.0, 0.0, 0.0, 1.0],
                [0.506637, -0.796329, 0.330422, -0.0, 0.77282, 0.24957, -0.583493, 0.352488, 0.382189, 0.550976, 0.741861, -0.0, 0.0, 0.0, 0.0, 1.0]
            ]
        },
        {
            "name": "Wrist_R",
            "time": [0.0, 3.2],
            "transform": [
                [0.957811, -0.216176, 0.189385, -0.0, 0.217907, 0.975897, 0.011889, 0.302724, -0.18739, 0.029881, 0.981831, 0.0, 0.0, 0.0, 0.0, 1.0],
                [0.957811, -0.216176, 0.189385, -0.0, 0.217907, 0.975897, 0.011889, 0.302724, -0.18739, 0.029881, 0.981831, 0.0, 0.0, 0.0, 0.0, 1.0]
            ]
        },
        {
            "name": "IndexFinger1_R",
            "time": [0.0, 3.2],
            "transform": [
                [0.928859, -0.335261, -0.157549, -0.008304, 0.336005, 0.941586, -0.022695, 0.108229, 0.155954, -0.031857, 0.98725, 0.054963, 0.0, 0.0, 0.0, 1.0],
                [0.928859, -0.335261, -0.157549, -0.008304, 0.336005, 0.941586, -0.022695, 0.108229, 0.155954, -0.031857, 0.98725, 0.054963, 0.0, 0.0, 0.0, 1.0]
            ]
        },
        {
            "name": "IndexFinger2_R",
            "time": [0.0, 3.2],
            "transform": [
                [0.987578, -0.156668, -0.012047, -0.0, 0.156281, 0.987309, -0.02825, 0.060327, 0.01632, 0.026017, 0.999528, 0.0, 0.0, 0.0, 0.0, 1.0],
                [0.987578, -0.156668, -0.012047, -0.0, 0.156281, 0.987309, -0.02825, 0.060327, 0.01632, 0.026017, 0.999528, 0.0, 0.0, 0.0, 0.0, 1.0]
            ]
        },
        {
            "name": "IndexFinger3_R",
            "time": [0.0, 3.2],
            "transform": [
                [0.97003, -0.232593, 0.0703, 0.0, 0.233261, 0.972413, -0.001341, 0.043548, -0.068048, 0.017699, 0.997525, -0.0, 0.0, 0.0, 0.0, 1.0],
                [0.97003, -0.232593, 0.0703, 0.0, 0.233261, 0.972413, -0.001341, 0.043548, -0.068048, 0.017699, 0.997525, -0.0, 0.0, 0.0, 0.0, 1.0]
            ]
        },
        {
            "name": "MiddleFinger1_R",
            "time": [0.0, 3.2],
            "transform": [
                [0.934599, -0.355671, -0.004843, -0.00336, 0.355697, 0.934413, 0.018768, 0.115016, -0.00215, -0.019264, 0.999812, 0.016401, 0.0, 0.0, 0.0, 1.0],
                [0.934599, -0.355671, -0.004843, -0.00336, 0.355697, 0.934413, 0.018768, 0.115016, -0.00215, -0.019264, 0.999812, 0.016401, 0.0, 0.0, 0.0, 1.0]
            ]
        },
        {
            "name": "MiddleFinger2_R",
            "time": [0.0, 3.2],
            "transform": [
                [0.996668, -0.078043, -0.023713, -0.0, 0.077954, 0.996946, -0.004671, 0.058173, 0.024005, 0.002807, 0.999708, 0.0, 0.0, 0.0, 0.0, 1.0],
                [0.996668, -0.078043, -0.023713, -0.0, 0.077954, 0.996946, -0.004671, 0.058173, 0.024005, 0.002807, 0.999708, 0.0, 0.0, 0.0, 0.0, 1.0]
            ]
        },
        {
            "name": "MiddleFinger3_R",
            "time": [0.0, 3.2],
            "transform": [
                [0.979299, -0.201911, -0.01436, -0.0, 0.201812, 0.979391, -0.008046, 0.044437, 0.015688, 0.004981, 0.999865, 0.0, 0.0, 0.0, 0.0, 1.0],
                [0.979299, -0.201911, -0.01436, -0.0, 0.201812, 0.979391, -0.008046, 0.044437, 0.015688, 0.004981, 0.999865, 0.0, 0.0, 0.0, 0.0, 1.0]
            ]
        },
        {
            "name": "PinkyFinger1_R",
            "time": [0.0, 3.2],
            "transform": [
                [0.872571, -0.468559, 0.138101, -0.008481, 0.468021, 0.882883, 0.038386, 0.106894, -0.139913, 0.03114, 0.989674, -0.056016, 0.0, 0.0, 0.0, 1.0],
                [0.872571, -0.468559, 0.138101, -0.008481, 0.468021, 0.882883, 0.038386, 0.106894, -0.139913, 0.03114, 0.989674, -0.056016, 0.0, 0.0, 0.0, 1.0]
            ]
        },
        {
            "name": "PinkyFinger2_R",
            "time": [0.0, 3.2],
            "transform": [
                [0.055635, -0.068413, -0.996104, 0.0, 0.007047, 0.997652, -0.068126, 0.043819, 0.998426, -0.00323, 0.055986, 0.0, 0.0, 0.0, 0.0, 1.0],
                [0.055635, -0.068413, -0.996104, 0.0, 0.007047, 0.997652, -0.068126, 0.043819, 0.998426, -0.00323, 0.055986, 0.0, 0.0, 0.0, 0.0, 1.0]
            ]
        },
        {
            "name": "PinkyFinger3_R",
            "time": [0.0, 3.2],
            "transform": [
                [-0.143332, -0.056765, 0.988046, 0.0, 0.174896, 0.981188, 0.081742, 0.033883, -0.974098, 0.184521, -0.130707, 0.0, 0.0, 0.0, 0.0, 1.0],
                [-0.143332, -0.056765, 0.988046, 0.0, 0.174896, 0.981188, 0.081742, 0.033883, -0.974098, 0.184521, -0.130707, 0.0, 0.0, 0.0, 0.0, 1.0]
            ]
        },
        {
            "name": "RingFinger1_R",
            "time": [0.0, 3.2],
            "transform": [
                [0.932805, -0.359821, 0.020081, -0.00714, 0.359956, 0.932963, -0.003451, 0.111791, -0.017493, 0.010447, 0.999792, -0.022041, 0.0, 0.0, 0.0, 1.0],
                [0.932805, -0.359821, 0.020081, -0.00714, 0.359956, 0.932963, -0.003451, 0.111791, -0.017493, 0.010447, 0.999792, -0.022041, 0.0, 0.0, 0.0, 1.0]
            ]
        },
        {
            "name": "RingFinger2_R",
            "time": [0.0, 3.2],
            "transform": [
                [0.997341, -0.043454, 0.058502, -0.0, 0.04369, 0.999041, -0.002762, 0.058357, -0.058326, 0.00531, 0.998283, 0.0, 0.0, 0.0, 0.0, 1.0],
                [0.997341, -0.043454, 0.058502, -0.0, 0.04369, 0.999041, -0.002762, 0.058357, -0.058326, 0.00531, 0.998283, 0.0, 0.0, 0.0, 0.0, 1.0]
            ]
        },
        {
            "name": "RingFinger3_R",
            "time": [0.0, 3.2],
            "transform": [
                [-0.983234, -0.172513, 0.059078, 0.0, -0.172502, 0.984995, 0.005333, 0.036206, -0.059111, -0.004948, -0.998239, -0.0, 0.0, 0.0, 0.0, 1.0],
                [-0.983234, -0.172513, 0.059078, 0.0, -0.172502, 0.984995, 0.005333, 0.036206, -0.059111, -0.004948, -0.998239, -0.0, 0.0, 0.0, 0.0, 1.0]
            ]
        },
        {
            "name": "ThumbFinger1_R",
            "time": [0.0, 3.2],
            "transform": [
                [-0.168079, -0.643452, 0.746806, -0.03033, 0.173934, 0.72634, 0.664964, 0.022682, -0.970307, 0.241662, -0.010164, 0.036873, 0.0, 0.0, 0.0, 1.0],
                [-0.168079, -0.643452, 0.746806, -0.03033, 0.173934, 0.72634, 0.664964, 0.022682, -0.970307, 0.241662, -0.010164, 0.036873, 0.0, 0.0, 0.0, 1.0]
            ]
        },
        {
            "name": "ThumbFinger2_R",
            "time": [0.0, 3.2],
            "transform": [
                [0.982857, 0.182385, -0.026986, 0.0, -0.183922, 0.980115, -0.074475, 0.055953, 0.012867, 0.078161, 0.996858, 0.0, 0.0, 0.0, 0.0, 1.0],
                [0.982857, 0.182385, -0.026986, 0.0, -0.183922, 0.980115, -0.074475, 0.055953, 0.012867, 0.078161, 0.996858, 0.0, 0.0, 0.0, 0.0, 1.0]
            ]
        },
        {
            "name": "ThumbFinger3_R",
            "time": [0.0, 3.2],
            "transform": [
                [0.965459, 0.022716, -0.259561, 0.0, -0.018268, 0.999642, 0.019536, 0.049616, 0.259912, -0.01412, 0.965529, -0.0, 0.0, 0.0, 0.0, 1.0],
                [0.965459, 0.022716, -0.259561, 0.0, -0.018268, 0.999642, 0.019536, 0.049616, 0.259912, -0.01412, 0.965529, -0.0, 0.0, 0.0, 0.0, 1.0]
            ]
        }
    ]
}