{
    "animation": [
        {
            "name": "Root",
            "time": [0.0, 1.0, 2.6667],
            "transform": [
                [0.882948, -0.0, -0.469472, -0.004793, -0.469472, 0.0, -0.882948, 0.000946, 0.0, 1.0, -0.0, 0.739295, 0.0, 0.0, 0.0, 1.0],
                [0.882948, -0.0, -0.469472, -0.004793, -0.469472, 0.0, -0.882948, 0.000946, 0.0, 1.0, -0.0, 0.749295, 0.0, 0.0, 0.0, 1.0],
                [0.882948, -0.0, -0.469472, -0.004793, -0.469472, 0.0, -0.882948, 0.000946, 0.0, 1.0, -0.0, 0.739295, 0.0, 0.0, 0.0, 1.0]
            ]
        },
        {
            "name": "Thigh_R",
            "time": [0.0, 1.0, 2.6667],
            "transform": [
                [0.983629, 0.083208, 0.159843, 0.124994, 0.071557, -0.994433, 0.077323, -0.002831, 0.165387, -0.064619, -0.98411, -1.2e-05, 0.0, 0.0, 0.0, 1.0],
                [0.983649, 0.057096, 0.170806, 0.124994, 0.070624, -0.994738, -0.074199, -0.002831, 0.165672, 0.085049, -0.982507, -1.2e-05, 0.0, 0.0, 0.0, 1.0],
                [0.983629, 0.083208, 0.159843, 0.124994, 0.071557, -0.994433, 0.077323, -0.002831, 0.165387, -0.064619, -0.98411, -1.2e-05, 0.0, 0.0, 0.0, 1.0]
            ]
        },
        {
            "name": "Leg_R",
            "time": [0.0, 1.0, 2.6667],
            "transform": [
                [1.0, 3e-06, 4e-06, 0.0, -4e-06, 0.951796, 0.306736, 0.37472, -3e-06, -0.306735, 0.951794, -0.0, 0.0, 0.0, 0.0, 1.0],
                [1.0, 4e-06, 3e-06, 0.0, -4e-06, 0.999987, 0.005403, 0.37472, -3e-06, -0.005403, 0.999985, -0.0, 0.0, 0.0, 0.0, 1.0],
                [1.0, 3e-06, 4e-06, 0.0, -4e-06, 0.951796, 0.306736, 0.37472, -3e-06, -0.306735, 0.951794, -0.0, 0.0, 0.0, 0.0, 1.0]
            ]
        },
        {
            "name": "Knee_R",
            "time": [0.0, 1.0, 2.6667],
            "transform": [
                [1.0, 2e-06, -4e-06, 0.0, -4e-06, 3e-06, -1.0, 0.37472, -2e-06, 1.0, 3e-06, -0.0, 0.0, 0.0, 0.0, 1.0],
                [1.0, 2e-06, -4e-06, 0.0, -4e-06, 3e-06, -1.0, 0.37472, -2e-06, 1.0, 3e-06, -0.0, 0.0, 0.0, 0.0, 1.0],
                [1.0, 2e-06, -4e-06, 0.0, -4e-06, 3e-06, -1.0, 0.37472, -2e-06, 1.0, 3e-06, -0.0, 0.0, 0.0, 0.0, 1.0]
            ]
        },
        {
            "name": "Thigh_L",
            "time": [0.0, 1.0, 2.6667],
            "transform": [
                [0.964442, -0.03599, 0.261835, -0.125006, -0.082636, -0.982067, 0.169384, -0.002831, 0.25105, -0.184998, -0.950119, -1.2e-05, 0.0, 0.0, 0.0, 1.0],
                [0.964701, -0.067165, 0.254639, -0.125006, -0.081536, -0.995583, 0.046289, -0.002831, 0.250412, -0.065417, -0.965914, -1.2e-05, 0.0, 0.0, 0.0, 1.0],
                [0.964442, -0.03599, 0.261835, -0.125006, -0.082636, -0.982067, 0.169384, -0.002831, 0.25105, -0.184998, -0.950119, -1.2e-05, 0.0, 0.0, 0.0, 1.0]
            ]
        },
        {
            "name": "Leg_L",
            "time": [0.0, 1.0, 2.6667],
            "transform": [
                [0.999999, 1e-06, 1e-06, 0.0, -1e-06, 0.943211, 0.332229, 0.37472, -1e-06, -0.332229, 0.943212, -0.0, 0.0, 0.0, 0.0, 1.0],
                [0.999999, 1e-06, 1e-06, 0.0, -1e-06, 0.995975, 0.089768, 0.37472, -1e-06, -0.089768, 0.995975, -0.0, 0.0, 0.0, 0.0, 1.0],
                [0.999999, 1e-06, 1e-06, 0.0, -1e-06, 0.943211, 0.332229, 0.37472, -1e-06, -0.332229, 0.943212, -0.0, 0.0, 0.0, 0.0, 1.0]
            ]
        },
        {
            "name": "Knee_L",
            "time": [0.0, 1.0, 2.6667],
            "transform": [
                [1.0, 1e-06, -1e-06, -0.0, -1e-06, 0.168524, -0.985698, 0.37472, -0.0, 0.985698, 0.168524, 0.0, 0.0, 0.0, 0.0, 1.0],
                [1.0, 0.0, -1e-06, 0.0, -1e-06, 0.04493, -0.998991, 0.37472, -0.0, 0.99899, 0.04493, -0.0, 0.0, 0.0, 0.0, 1.0],
                [1.0, 1e-06, -1e-06, -0.0, -1e-06, 0.168524, -0.985698, 0.37472, -0.0, 0.985698, 0.168524, 0.0, 0.0, 0.0, 0.0, 1.0]
            ]
        },
        {
            "name": "Torso",
            "time": [0.0, 1.0, 2.6667],
            "transform": [
                [0.999682, -0.025213, 9.9e-05, 0.0, 0.025213, 0.999651, -0.007853, 0.05, 9.9e-05, 0.007853, 0.999969, -0.0, 0.0, 0.0, 0.0, 1.0],
                [0.999855, -0.017022, -2.9e-05, 0.0, 0.017017, 0.999585, -0.023261, 0.05, 0.000425, 0.023258, 0.99973, -0.0, 0.0, 0.0, 0.0, 1.0],
                [0.999682, -0.025213, 9.9e-05, 0.0, 0.025213, 0.999651, -0.007853, 0.05, 9.9e-05, 0.007853, 0.999969, -0.0, 0.0, 0.0, 0.0, 1.0]
            ]
        },
        {
            "name": "Chest",
            "time": [0.0, 1.0, 2.6667],
            "transform": [
                [0.965926, -1e-06, -0.258818, 0.0, -7.7e-05, 1.0, -0.00029, 0.3, 0.258818, 0.0003, 0.965926, -0.0, 0.0, 0.0, 0.0, 1.0],
                [0.965926, -1e-06, -0.258818, 0.0, -7.7e-05, 1.0, -0.00029, 0.3, 0.258818, 0.0003, 0.965926, 0.0, 0.0, 0.0, 0.0, 1.0],
                [0.965926, -1e-06, -0.258818, 0.0, -7.7e-05, 1.0, -0.00029, 0.3, 0.258818, 0.0003, 0.965926, -0.0, 0.0, 0.0, 0.0, 1.0]
            ]
        },
        {
            "name": "Head",
            "time": [0.0, 1.0, 2.6667],
            "transform": [
                [0.742943, -0.061174, 0.666553, 0.0, -0.037385, 0.990469, 0.132572, 0.4, -0.668309, -0.123413, 0.733574, -0.0, 0.0, 0.0, 0.0, 1.0],
                [0.743082, -0.073006, 0.665206, -0.0, -0.03707, 0.988015, 0.149843, 0.400001, -0.668173, -0.136005, 0.731469, -0.0, 0.0, 0.0, 0.0, 1.0],
                [0.742943, -0.061174, 0.666553, 0.0, -0.037385, 0.990469, 0.132572, 0.4, -0.668309, -0.123413, 0.733574, -0.0, 0.0, 0.0, 0.0, 1.0]
            ]
        },
        {
            "name": "Shoulder_R",
            "time": [0.0, 0.5, 1.0, 1.8, 2.6667],
            "transform": [
                [0.000148, 0.95278, 0.30366, 0.0, -4.3e-05, -0.303659, 0.952781, 0.4, 1.0, -0.000154, -4e-06, -0.0, 0.0, 0.0, 0.0, 1.0],
                [-0.001286, 0.948144, 0.31784, -0.0, 0.000342, -0.317839, 0.948145, 0.400001, 0.999999, 0.001328, 8.5e-05, 0.0, 0.0, 0.0, 0.0, 1.0],
                [0.00278, 0.961218, 0.275775, -0.0, -0.000747, -0.275774, 0.961223, 0.400001, 0.999996, -0.002878, -4.8e-05, -0.0, 0.0, 0.0, 0.0, 1.0],
                [0.00278, 0.961218, 0.275775, -0.0, -0.000747, -0.275774, 0.961223, 0.4, 0.999996, -0.002878, -4.8e-05, 0.0, 0.0, 0.0, 0.0, 1.0],
                [0.000148, 0.95278, 0.30366, 0.0, -4.3e-05, -0.303659, 0.952781, 0.4, 1.0, -0.000154, -4e-06, -0.0, 0.0, 0.0, 0.0, 1.0]
            ]
        },
        {
            "name": "Arm_R",
            "time": [0.0, 0.5, 1.0, 1.8, 2.6667],
            "transform": [
                [0.253011, 0.122975, -0.959616, -1.9e-05, 0.773229, 0.570442, 0.276971, 0.388502, 0.581466, -0.812079, 0.04924, -0.00091, 0.0, 0.0, 0.0, 1.0],
                [0.250672, 0.12071, -0.960517, -1.9e-05, 0.762119, 0.587209, 0.272691, 0.388502, 0.59694, -0.800384, 0.055201, -0.00091, 0.0, 0.0, 0.0, 1.0],
                [0.257572, 0.127195, -0.957851, -1.9e-05, 0.793439, 0.537912, 0.284791, 0.388502, 0.551463, -0.83335, 0.03763, -0.00091, 0.0, 0.0, 0.0, 1.0],
                [0.257571, 0.127195, -0.957851, -1.9e-05, 0.793438, 0.537912, 0.28479, 0.388502, 0.551463, -0.83335, 0.037629, -0.00091, 0.0, 0.0, 0.0, 1.0],
                [0.253011, 0.122975, -0.959616, -1.9e-05, 0.773229, 0.570442, 0.276971, 0.388502, 0.581466, -0.812079, 0.04924, -0.00091, 0.0, 0.0, 0.0, 1.0]
            ]
        },
        {
            "name": "Hand_R",
            "time": [0.0, 1.0, 2.6667],
            "transform": [
                [0.99975, 0.022275, -0.002089, 0.0, -0.02228, 0.982753, -0.18358, 0.329779, -0.002037, 0.18358, 0.983002, 0.0, 0.0, 0.0, 0.0, 1.0],
                [0.99975, 0.022275, -0.002089, -0.0, -0.02228, 0.982752, -0.183579, 0.329779, -0.002037, 0.18358, 0.983002, -0.0, 0.0, 0.0, 0.0, 1.0],
                [0.99975, 0.022275, -0.002089, 0.0, -0.02228, 0.982753, -0.18358, 0.329779, -0.002037, 0.18358, 0.983002, 0.0, 0.0, 0.0, 0.0, 1.0]
            ]
        },
        {
            "name": "Tool_R",
            "time": [0.0, 1.0, 2.6667],
            "transform": [
                [1.0, 0.0, 0.0, -0.02, 0.0, -0.897891, -0.440217, 0.291425, 0.0, 0.440217, -0.897891, 0.0, 0.0, 0.0, 0.0, 1.0],
                [1.0, 0.0, 0.0, -0.02, 0.0, -0.897891, -0.440218, 0.291425, -0.0, 0.440217, -0.897892, -0.0, 0.0, 0.0, 0.0, 1.0],
                [1.0, 0.0, 0.0, -0.02, 0.0, -0.897891, -0.440217, 0.291425, 0.0, 0.440217, -0.897891, 0.0, 0.0, 0.0, 0.0, 1.0]
            ]
        },
        {
            "name": "Elbow_R",
            "time": [0.0, 1.0, 2.6667],
            "transform": [
                [-0.999999, 0.0, -0.0, 0.0, 0.0, 0.092183, -0.995742, 0.329779, 0.0, -0.995741, -0.092183, 0.0, 0.0, 0.0, 0.0, 1.0],
                [-1.0, 0.0, -1e-06, -0.0, 0.0, 0.092183, -0.995742, 0.329779, -0.0, -0.995742, -0.092183, -0.0, 0.0, 0.0, 0.0, 1.0],
                [-0.999999, 0.0, -0.0, 0.0, 0.0, 0.092183, -0.995742, 0.329779, 0.0, -0.995741, -0.092183, 0.0, 0.0, 0.0, 0.0, 1.0]
            ]
        },
        {
            "name": "Shoulder_L",
            "time": [0.0, 0.5, 1.0, 1.8, 2.6667],
            "transform": [
                [0.000149, -0.952781, -0.303659, 0.0, 4e-05, -0.303659, 0.952781, 0.4, -1.0, -0.000154, -8e-06, -0.0, 0.0, 0.0, 0.0, 1.0],
                [-0.000786, -0.948494, -0.316794, -0.0, -0.000211, -0.316794, 0.948494, 0.400001, -1.0, 0.000812, 4.9e-05, 0.0, 0.0, 0.0, 0.0, 1.0],
                [0.001923, -0.9607, -0.277581, -0.0, 0.000515, -0.277581, 0.960702, 0.400001, -0.999998, -0.001991, -3.9e-05, -0.0, 0.0, 0.0, 0.0, 1.0],
                [0.001923, -0.9607, -0.277581, -0.0, 0.000515, -0.277581, 0.960702, 0.4, -0.999998, -0.001991, -3.9e-05, 0.0, 0.0, 0.0, 0.0, 1.0],
                [0.000149, -0.952781, -0.303659, 0.0, 4e-05, -0.303659, 0.952781, 0.4, -1.0, -0.000154, -8e-06, -0.0, 0.0, 0.0, 0.0, 1.0]
            ]
        },
        {
            "name": "Arm_L",
            "time": [0.0, 0.5, 1.0, 1.8, 2.6667],
            "transform": [
                [0.018101, -0.108186, 0.993966, 1.9e-05, -0.895813, 0.439772, 0.06418, 0.388503, -0.444062, -0.891569, -0.088954, -0.000909, 0.0, 0.0, 0.0, 1.0],
                [0.016175, -0.106783, 0.994151, 1.9e-05, -0.887134, 0.457118, 0.063534, 0.388503, -0.461228, -0.882972, -0.087336, -0.000909, 0.0, 0.0, 0.0, 1.0],
                [0.021887, -0.110833, 0.993599, 1.9e-05, -0.911598, 0.405855, 0.065353, 0.388503, -0.4105, -0.907192, -0.092152, -0.000909, 0.0, 0.0, 0.0, 1.0],
                [0.021888, -0.110833, 0.993599, 1.9e-05, -0.911598, 0.405855, 0.065353, 0.388503, -0.4105, -0.907192, -0.092152, -0.000909, 0.0, 0.0, 0.0, 1.0],
                [0.018101, -0.108186, 0.993966, 1.9e-05, -0.895813, 0.439772, 0.06418, 0.388503, -0.444062, -0.891569, -0.088954, -0.000909, 0.0, 0.0, 0.0, 1.0]
            ]
        },
        {
            "name": "Hand_L",
            "time": [0.0, 1.0, 2.6667],
            "transform": [
                [1.0, 0.0, 0.0, 0.0, -0.0, 0.979783, -0.200062, 0.329779, -0.0, 0.200062, 0.979782, 0.0, 0.0, 0.0, 0.0, 1.0],
                [1.0, 0.0, 0.0, 0.0, -0.0, 0.979783, -0.200062, 0.329779, -0.0, 0.200062, 0.979781, 0.0, 0.0, 0.0, 0.0, 1.0],
                [1.0, 0.0, 0.0, 0.0, -0.0, 0.979783, -0.200062, 0.329779, -0.0, 0.200062, 0.979782, 0.0, 0.0, 0.0, 0.0, 1.0]
            ]
        },
        {
            "name": "Tool_L",
            "time": [0.0, 1.0, 2.6667],
            "transform": [
                [1.0, 0.0, 0.0, 0.02, -0.0, -1.0, 0.0, 0.291426, 0.0, -0.0, -1.000001, -0.0, 0.0, 0.0, 0.0, 1.0],
                [1.0, 0.0, 0.0, 0.02, -0.0, -1.0, 0.0, 0.291426, 0.0, -0.0, -1.000001, -0.0, 0.0, 0.0, 0.0, 1.0],
                [1.0, 0.0, 0.0, 0.02, -0.0, -1.0, 0.0, 0.291426, 0.0, -0.0, -1.000001, -0.0, 0.0, 0.0, 0.0, 1.0]
            ]
        },
        {
            "name": "Elbow_L",
            "time": [0.0, 1.0, 2.6667],
            "transform": [
                [-1.0, -0.0, -0.0, 0.0, 0.0, 0.10054, -0.994933, 0.329779, 0.0, -0.994933, -0.10054, 0.0, 0.0, 0.0, 0.0, 1.0],
                [-1.0, -0.0, -0.0, 0.0, 0.0, 0.10054, -0.994933, 0.329779, -0.0, -0.994933, -0.10054, 0.0, 0.0, 0.0, 0.0, 1.0],
                [-1.0, -0.0, -0.0, 0.0, 0.0, 0.10054, -0.994933, 0.329779, 0.0, -0.994933, -0.10054, 0.0, 0.0, 0.0, 0.0, 1.0]
            ]
        }
    ]
}