{
    "animation": [
        {
            "name": "Root",
            "time": [0.0, 0.1, 0.2, 0.3, 0.4, 0.5, 0.6],
            "transform": [
                [0.999741, -0.022558, -0.002958, -5e-06, 0.002958, 0.257834, -0.966185, 0.000946, 0.022558, 0.965926, 0.257834, 0.753972, 0.0, 0.0, 0.0, 1.0],
                [0.999232, -0.022558, -0.032035, -5e-06, -0.025144, 0.257834, -0.965862, 0.000946, 0.030047, 0.965926, 0.257069, 0.713972, 0.0, 0.0, 0.0, 1.0],
                [0.987229, -0.0, -0.159307, -5e-06, -0.153879, 0.258819, -0.95359, 0.000946, 0.041232, 0.965926, 0.255514, 0.533972, 0.0, 0.0, 0.0, 1.0],
                [0.985067, 0.022558, -0.17069, -5e-06, -0.17069, 0.257834, -0.950992, 0.000946, 0.022558, 0.965926, 0.257834, 0.753972, 0.0, 0.0, 0.0, 1.0],
                [0.973475, 0.022558, -0.227677, -5e-06, -0.225696, 0.257834, -0.939459, 0.000946, 0.037511, 0.965926, 0.256086, 0.713972, 0.0, 0.0, 0.0, 1.0],
                [0.994822, -0.0, -0.101635, -5e-06, -0.098172, 0.258819, -0.960924, 0.000946, 0.026305, 0.965926, 0.257479, 0.533972, 0.0, 0.0, 0.0, 1.0],
                [0.999741, -0.022558, -0.002958, -5e-06, 0.002958, 0.257834, -0.966185, 0.000946, 0.022558, 0.965926, 0.257834, 0.753972, 0.0, 0.0, 0.0, 1.0]
            ]
        },
        {
            "name": "Thigh_R",
            "time": [0.0, 0.1, 0.2, 0.3, 0.4, 0.5, 0.6],
            "transform": [
                [0.98645, 0.162924, 0.019316, 0.124994, -0.009821, -0.05888, 0.998217, -0.002831, 0.163771, -0.984879, -0.056482, -1.2e-05, 0.0, 0.0, 0.0, 1.0],
                [0.997706, 0.030086, 0.060638, 0.124994, -0.037361, -0.502249, 0.863915, -0.00283, 0.056448, -0.8642, -0.499972, -1.2e-05, 0.0, 0.0, 0.0, 1.0],
                [0.992852, 0.046879, 0.109747, 0.124994, -0.099055, -0.189179, 0.976934, -0.002831, 0.06656, -0.980823, -0.183183, -1.2e-05, 0.0, 0.0, 0.0, 1.0],
                [0.997862, 0.046479, -0.045954, 0.124994, 0.040584, -0.991724, -0.121797, -0.002831, -0.051235, 0.119671, -0.991491, -1.2e-05, 0.0, 0.0, 0.0, 1.0],
                [0.990506, 0.129075, 0.04731, 0.124994, 0.124524, -0.696608, -0.706563, -0.002831, -0.058243, 0.705745, -0.706067, -1.2e-05, 0.0, 0.0, 0.0, 1.0],
                [0.995685, 0.092277, 0.009759, 0.124994, 0.092146, -0.995659, 0.013054, -0.00283, 0.010921, -0.012098, -0.999867, -1.2e-05, 0.0, 0.0, 0.0, 1.0],
                [0.98645, 0.162924, 0.019316, 0.124994, -0.009821, -0.05888, 0.998217, -0.002831, 0.163771, -0.984879, -0.056482, -1.2e-05, 0.0, 0.0, 0.0, 1.0]
            ]
        },
        {
            "name": "Leg_R",
            "time": [0.0, 0.1, 0.2, 0.3, 0.4, 0.5, 0.6],
            "transform": [
                [1.0, -3e-06, 4e-06, -0.0, -4e-06, -0.044851, 0.998994, 0.37472, -2e-06, -0.998995, -0.04485, -0.0, 0.0, 0.0, 0.0, 1.0],
                [1.0, 4e-06, 3e-06, -0.0, -4e-06, 0.999987, 0.004801, 0.37472, -2e-06, -0.004801, 0.99999, -0.0, 0.0, 0.0, 0.0, 1.0],
                [1.000003, -0.0, 5e-06, 0.0, -4e-06, 0.435835, 0.900026, 0.37472, -2e-06, -0.900026, 0.435835, 0.0, 0.0, 0.0, 0.0, 1.0],
                [1.0, 2e-06, 4e-06, -0.0, -4e-06, 0.834447, 0.55109, 0.37472, -2e-06, -0.551088, 0.834446, 0.0, 0.0, 0.0, 0.0, 1.0],
                [1.0, 2e-06, 4e-06, 0.0, -4e-06, 0.802747, 0.59632, 0.37472, -2e-06, -0.59632, 0.802748, 0.0, 0.0, 0.0, 0.0, 1.0],
                [1.0, -3e-06, 4e-06, 0.0, -4e-06, -0.022126, 0.999757, 0.37472, -2e-06, -0.999755, -0.022126, -0.0, 0.0, 0.0, 0.0, 1.0],
                [1.0, -3e-06, 4e-06, -0.0, -4e-06, -0.044851, 0.998994, 0.37472, -2e-06, -0.998995, -0.04485, -0.0, 0.0, 0.0, 0.0, 1.0]
            ]
        },
        {
            "name": "Knee_R",
            "time": [0.0, 0.1, 0.2, 0.3, 0.4, 0.5, 0.6],
            "transform": [
                [1.0, 2e-06, -4e-06, -0.0, -4e-06, 3e-06, -1.0, 0.37472, -2e-06, 1.0, 3e-06, -0.0, 0.0, 0.0, 0.0, 1.0],
                [1.0, 2e-06, -4e-06, -0.0, -4e-06, 3e-06, -1.0, 0.37472, -2e-06, 1.0, 3e-06, 0.0, 0.0, 0.0, 0.0, 1.0],
                [1.0, 2e-06, -4e-06, 0.0, -4e-06, 3e-06, -1.0, 0.37472, -2e-06, 1.0, 3e-06, 0.0, 0.0, 0.0, 0.0, 1.0],
                [1.0, 2e-06, -4e-06, -0.0, -4e-06, 3e-06, -1.0, 0.37472, -2e-06, 1.0, 3e-06, -0.0, 0.0, 0.0, 0.0, 1.0],
                [1.0, 2e-06, -4e-06, 0.0, -4e-06, 3e-06, -1.0, 0.37472, -2e-06, 1.0, 3e-06, -0.0, 0.0, 0.0, 0.0, 1.0],
                [1.0, 2e-06, -4e-06, 0.0, -4e-06, 3e-06, -1.0, 0.37472, -2e-06, 1.0, 3e-06, 0.0, 0.0, 0.0, 0.0, 1.0],
                [1.0, 2e-06, -4e-06, -0.0, -4e-06, 3e-06, -1.0, 0.37472, -2e-06, 1.0, 3e-06, -0.0, 0.0, 0.0, 0.0, 1.0]
            ]
        },
        {
            "name": "Thigh_L",
            "time": [0.0, 0.1, 0.2, 0.3, 0.4, 0.5, 0.6],
            "transform": [
                [0.989859, -0.030809, 0.138669, -0.125006, -0.001048, -0.977753, -0.209754, -0.002831, 0.142047, 0.207481, -0.967871, -1.2e-05, 0.0, 0.0, 0.0, 1.0],
                [0.995858, -0.069014, 0.05918, -0.125006, -0.004634, -0.688638, -0.725091, -0.00283, 0.090795, 0.721813, -0.686106, -1.2e-05, 0.0, 0.0, 0.0, 1.0],
                [0.997117, 0.074997, 0.011428, -0.125006, 0.074634, -0.996778, 0.02938, -0.00283, 0.013594, -0.028442, -0.999503, -1.2e-05, 0.0, 0.0, 0.0, 1.0],
                [0.982515, -0.178865, -0.051706, -0.125006, 0.054846, 0.012656, 0.998415, -0.002831, -0.177928, -0.983791, 0.022244, -1.2e-05, 0.0, 0.0, 0.0, 1.0],
                [0.976672, -0.201305, -0.074748, -0.125006, -0.010532, -0.392584, 0.919655, -0.002831, -0.214476, -0.897414, -0.385547, -1.2e-05, 0.0, 0.0, 0.0, 1.0],
                [0.997319, -0.059004, 0.043273, -0.125006, -0.0522, -0.159311, 0.985848, -0.00283, -0.051275, -0.985464, -0.161964, -1.2e-05, 0.0, 0.0, 0.0, 1.0],
                [0.989859, -0.030809, 0.138669, -0.125006, -0.001048, -0.977753, -0.209754, -0.002831, 0.142047, 0.207481, -0.967871, -1.2e-05, 0.0, 0.0, 0.0, 1.0]
            ]
        },
        {
            "name": "Leg_L",
            "time": [0.0, 0.1, 0.2, 0.3, 0.4, 0.5, 0.6],
            "transform": [
                [1.0, 0.0, 1e-06, -0.0, -1e-06, 0.841102, 0.540875, 0.37472, -1e-06, -0.540873, 0.841104, -0.0, 0.0, 0.0, 0.0, 1.0],
                [1.000001, 0.0, 2e-06, 0.0, -1e-06, 0.684665, 0.728858, 0.37472, -1e-06, -0.728858, 0.684665, 0.0, 0.0, 0.0, 0.0, 1.0],
                [1.000001, -1e-06, 1e-06, -0.0, -1e-06, -0.012007, 0.999929, 0.37472, -1e-06, -0.999928, -0.012007, 0.0, 0.0, 0.0, 0.0, 1.0],
                [1.0, -1e-06, 1e-06, -0.0, -1e-06, -0.078922, 0.996881, 0.37472, -1e-06, -0.996881, -0.078922, 0.0, 0.0, 0.0, 0.0, 1.0],
                [1.0, 1e-06, 1e-06, 0.0, -1e-06, 0.999989, 0.004804, 0.37472, -1e-06, -0.004804, 0.999988, -0.0, 0.0, 0.0, 0.0, 1.0],
                [1.0, -0.0, 2e-06, -0.0, -1e-06, 0.432064, 0.901842, 0.37472, -1e-06, -0.901842, 0.432064, 0.0, 0.0, 0.0, 0.0, 1.0],
                [1.0, 0.0, 1e-06, -0.0, -1e-06, 0.841102, 0.540875, 0.37472, -1e-06, -0.540873, 0.841104, -0.0, 0.0, 0.0, 0.0, 1.0]
            ]
        },
        {
            "name": "Knee_L",
            "time": [0.0, 0.1, 0.2, 0.3, 0.4, 0.5, 0.6],
            "transform": [
                [1.0, 1e-06, -1e-06, -0.0, -1e-06, 0.281867, -0.959454, 0.37472, -0.0, 0.959454, 0.281867, -0.0, 0.0, 0.0, 0.0, 1.0],
                [1.0, 1e-06, -1e-06, 0.0, -1e-06, 0.397075, -0.917786, 0.37472, -0.0, 0.917786, 0.397075, 0.0, 0.0, 0.0, 0.0, 1.0],
                [1.0, 1e-06, -1e-06, -0.0, -1e-06, 0.711341, -0.702848, 0.37472, -0.0, 0.702847, 0.71134, 0.0, 0.0, 0.0, 0.0, 1.0],
                [1.0, 1e-06, -1e-06, -0.0, -1e-06, 0.734481, -0.67863, 0.37472, -0.0, 0.678629, 0.734481, -0.0, 0.0, 0.0, 0.0, 1.0],
                [1.0, 0.0, -1e-06, 0.0, -1e-06, 0.002405, -0.999997, 0.37472, -0.0, 0.999997, 0.002404, -0.0, 0.0, 0.0, 0.0, 1.0],
                [1.0, 1e-06, -1e-06, 0.0, -2e-06, 0.532888, -0.846186, 0.37472, -1e-06, 0.846186, 0.532887, 0.0, 0.0, 0.0, 0.0, 1.0],
                [1.0, 1e-06, -1e-06, -0.0, -1e-06, 0.281867, -0.959454, 0.37472, -0.0, 0.959454, 0.281867, -0.0, 0.0, 0.0, 0.0, 1.0]
            ]
        },
        {
            "name": "Torso",
            "time": [0.0, 0.1, 0.2, 0.3, 0.4, 0.5, 0.6],
            "transform": [
                [0.96412, 0.030048, -0.263761, -0.0, 0.057079, 0.946872, 0.316506, 0.05, 0.259258, -0.320205, 0.911183, -0.0, 0.0, 0.0, 0.0, 1.0],
                [0.980431, 0.040416, -0.192669, -0.0, 0.031486, 0.933907, 0.356127, 0.05, 0.194328, -0.355224, 0.914359, -0.0, 0.0, 0.0, 0.0, 1.0],
                [0.98746, -0.008557, -0.157636, -0.0, 0.05214, 0.960175, 0.274493, 0.05, 0.14901, -0.27927, 0.94858, -0.0, 0.0, 0.0, 0.0, 1.0],
                [0.99699, -0.071828, -0.029172, 0.0, 0.0774, 0.943654, 0.321756, 0.05, 0.004418, -0.323046, 0.946373, 0.0, 0.0, 0.0, 0.0, 1.0],
                [0.992567, -0.119389, 0.023611, 0.0, 0.104028, 0.932998, 0.344519, 0.05, -0.063161, -0.339502, 0.938482, -0.0, 0.0, 0.0, 0.0, 1.0],
                [0.998569, -0.036476, -0.039095, -0.0, 0.044383, 0.973202, 0.225626, 0.05, 0.029817, -0.227039, 0.973429, 0.0, 0.0, 0.0, 0.0, 1.0],
                [0.96412, 0.030048, -0.263761, -0.0, 0.057079, 0.946872, 0.316506, 0.05, 0.259258, -0.320205, 0.911183, -0.0, 0.0, 0.0, 0.0, 1.0]
            ]
        },
        {
            "name": "Chest",
            "time": [0.0, 0.1, 0.2, 0.3, 0.4, 0.5, 0.6],
            "transform": [
                [0.711196, 0.028734, -0.702406, 0.0, -0.01791, 0.999581, 0.022756, 0.3, 0.702765, -0.003604, 0.711413, -0.0, 0.0, 0.0, 0.0, 1.0],
                [0.82985, 0.014953, -0.557787, 0.0, -0.009601, 0.999876, 0.01252, 0.3, 0.557905, -0.005034, 0.82989, -0.0, 0.0, 0.0, 0.0, 1.0],
                [0.981591, -0.026982, -0.189082, -0.0, 0.043134, 0.995712, 0.081837, 0.3, 0.186063, -0.088486, 0.978545, 0.0, 0.0, 0.0, 0.0, 1.0],
                [0.995688, -0.020598, -0.090453, 0.0, 0.020449, 0.999788, -0.002572, 0.3, 0.090487, 0.000711, 0.995897, -0.0, 0.0, 0.0, 0.0, 1.0],
                [0.999893, -0.005195, -0.013698, -0.0, 0.005251, 0.999978, 0.004051, 0.3, 0.013677, -0.004123, 0.999898, -0.0, 0.0, 0.0, 0.0, 1.0],
                [0.827904, -0.004949, -0.560849, -0.0, 0.054438, 0.995949, 0.071571, 0.3, 0.558222, -0.089785, 0.824819, -0.0, 0.0, 0.0, 0.0, 1.0],
                [0.711196, 0.028734, -0.702406, 0.0, -0.01791, 0.999581, 0.022756, 0.3, 0.702765, -0.003604, 0.711413, -0.0, 0.0, 0.0, 0.0, 1.0]
            ]
        },
        {
            "name": "Head",
            "time": [0.0, 0.1, 0.2, 0.3, 0.4, 0.5, 0.6],
            "transform": [
                [0.562943, 0.188078, 0.804812, 0.0, 0.011556, 0.971878, -0.235203, 0.4, -0.826415, 0.141707, 0.544938, 0.0, 0.0, 0.0, 0.0, 1.0],
                [0.724749, 0.174191, 0.666631, -0.0, 0.022117, 0.961135, -0.275191, 0.4, -0.688658, 0.214188, 0.692729, -0.0, 0.0, 0.0, 0.0, 1.0],
                [0.895181, 0.108537, 0.432285, -0.0, 0.021986, 0.957962, -0.286051, 0.400001, -0.44516, 0.265572, 0.855164, -0.0, 0.0, 0.0, 0.0, 1.0],
                [0.962272, 0.084929, 0.258494, 0.0, -0.017255, 0.967172, -0.253534, 0.4, -0.27154, 0.239509, 0.932149, 0.0, 0.0, 0.0, 0.0, 1.0],
                [0.983361, 0.079985, 0.163104, 0.0, -0.031493, 0.959317, -0.280571, 0.400001, -0.17891, 0.270766, 0.945873, -0.0, 0.0, 0.0, 0.0, 1.0],
                [0.772219, 0.164367, 0.613728, 0.0, -0.022178, 0.972343, -0.232505, 0.400001, -0.63497, 0.165933, 0.754506, 0.0, 0.0, 0.0, 0.0, 1.0],
                [0.562943, 0.188078, 0.804812, 0.0, 0.011556, 0.971878, -0.235203, 0.4, -0.826415, 0.141707, 0.544938, 0.0, 0.0, 0.0, 0.0, 1.0]
            ]
        },
        {
            "name": "Shoulder_R",
            "time": [0.0, 0.1, 0.2, 0.3, 0.4, 0.5, 0.6],
            "transform": [
                [-0.016216, 0.967969, 0.250545, 0.0, 0.004339, -0.250507, 0.968105, 0.4, 0.999859, 0.016786, -0.000138, 0.0, 0.0, 0.0, 0.0, 1.0],
                [-0.033414, 0.965913, 0.2567, -0.0, 0.008945, -0.256544, 0.966491, 0.4, 0.999401, 0.03459, -6.8e-05, -0.0, 0.0, 0.0, 0.0, 1.0],
                [-1e-06, 0.965965, 0.258674, -0.0, -3e-06, -0.258674, 0.965965, 0.400001, 1.0, 0.0, 3e-06, -0.0, 0.0, 0.0, 0.0, 1.0],
                [-0.08419, 0.962289, 0.258674, 0.0, 0.022542, -0.25769, 0.965965, 0.4, 0.996195, 0.087156, 3e-06, 0.0, 0.0, 0.0, 0.0, 1.0],
                [-0.08419, 0.962289, 0.258674, 0.0, 0.022542, -0.25769, 0.965965, 0.400001, 0.996195, 0.087156, 3e-06, -0.0, 0.0, 0.0, 0.0, 1.0],
                [0.084189, 0.962289, 0.258674, 0.0, -0.022548, -0.257689, 0.965965, 0.400001, 0.996195, -0.087156, 3e-06, 0.0, 0.0, 0.0, 0.0, 1.0],
                [-0.016216, 0.967969, 0.250545, 0.0, 0.004339, -0.250507, 0.968105, 0.4, 0.999859, 0.016786, -0.000138, 0.0, 0.0, 0.0, 0.0, 1.0]
            ]
        },
        {
            "name": "Arm_R",
            "time": [0.0, 0.1, 0.2, 0.3, 0.4, 0.5, 0.6],
            "transform": [
                [-0.140065, 0.192879, -0.971174, -0.0, 0.711501, 0.701724, 0.036751, 0.388213, 0.688585, -0.685843, -0.23552, 0.0, 0.0, 0.0, 0.0, 1.0],
                [0.002301, 0.273321, -0.96192, -0.0, 0.68325, 0.70195, 0.201087, 0.388213, 0.730181, -0.657695, -0.185131, 1e-06, 0.0, 0.0, 0.0, 1.0],
                [0.318515, 0.313318, -0.89464, 0.0, 0.571165, 0.689791, 0.444926, 0.388213, 0.756518, -0.652702, 0.040752, 0.0, 0.0, 0.0, 0.0, 1.0],
                [0.406183, 0.201319, -0.891339, -0.0, 0.616634, 0.659474, 0.429949, 0.388213, 0.674373, -0.724268, 0.143727, 1e-06, 0.0, 0.0, 0.0, 1.0],
                [0.386375, 0.317774, -0.865872, -0.0, 0.586061, 0.640318, 0.496513, 0.388213, 0.712212, -0.699294, 0.061168, 0.0, 0.0, 0.0, 0.0, 1.0],
                [0.157668, 0.396195, -0.904528, -0.0, 0.642402, 0.654514, 0.398662, 0.388213, 0.749973, -0.643927, -0.15132, 0.0, 0.0, 0.0, 0.0, 1.0],
                [-0.140065, 0.192879, -0.971174, -0.0, 0.711501, 0.701724, 0.036751, 0.388213, 0.688585, -0.685843, -0.23552, 0.0, 0.0, 0.0, 0.0, 1.0]
            ]
        },
        {
            "name": "Hand_R",
            "time": [0.0, 0.1, 0.2, 0.3, 0.4, 0.5, 0.6],
            "transform": [
                [1.0, 1e-06, 0.0, -0.0, -0.0, 0.876858, -0.480749, 0.329779, -0.0, 0.480749, 0.876858, -0.0, 0.0, 0.0, 0.0, 1.0],
                [1.0, 0.0, 0.0, -0.0, -0.0, 0.966059, -0.258323, 0.329779, -1e-06, 0.258323, 0.966059, 0.0, 0.0, 0.0, 0.0, 1.0],
                [1.0, 0.0, 0.0, -0.0, -0.0, 0.994548, -0.104276, 0.329779, -0.0, 0.104276, 0.994548, -0.0, 0.0, 0.0, 0.0, 1.0],
                [1.0, 0.0, 0.0, -0.0, -0.0, 0.960835, -0.277122, 0.329779, -0.0, 0.277122, 0.960835, -0.0, 0.0, 0.0, 0.0, 1.0],
                [0.999758, -0.021949, -0.001372, -0.0, 0.020797, 0.963852, -0.265624, 0.329779, 0.007152, 0.265532, 0.964076, 0.0, 0.0, 0.0, 0.0, 1.0],
                [0.999774, -0.021218, -0.001281, -0.0, 0.019604, 0.943662, -0.330331, 0.329779, 0.008218, 0.330231, 0.943865, -0.0, 0.0, 0.0, 0.0, 1.0],
                [1.0, 1e-06, 0.0, -0.0, -0.0, 0.876858, -0.480749, 0.329779, -0.0, 0.480749, 0.876858, -0.0, 0.0, 0.0, 0.0, 1.0]
            ]
        },
        {
            "name": "Tool_R",
            "time": [0.0, 0.1, 0.2, 0.3, 0.4, 0.5, 0.6],
            "transform": [
                [1.0, 0.0, 0.0, -0.02, 0.0, -0.956305, -0.292372, 0.272299, 0.0, 0.292372, -0.956305, 0.005847, 0.0, 0.0, 0.0, 1.0],
                [1.0, 0.0, 0.0, -0.02, 0.0, -0.993363, -0.115021, 0.271558, 0.0, 0.115021, -0.993363, 0.0023, 0.0, 0.0, 0.0, 1.0],
                [1.0, 0.0, 0.0, -0.02, 0.0, -0.983163, -0.182732, 0.271598, 0.0, 0.182733, -0.983163, 0.00262, 0.0, 0.0, 0.0, 1.0],
                [1.0, 0.0, 0.0, -0.02, 0.0, -0.920052, -0.391796, 0.273024, 0.0, 0.391796, -0.920053, 0.007836, 0.0, 0.0, 0.0, 1.0],
                [1.0, -0.0, 0.0, -0.02, 0.0, -0.961332, -0.275393, 0.271937, 0.0, 0.275393, -0.961332, 0.004494, 0.0, 0.0, 0.0, 1.0],
                [1.0, 0.0, 0.0, -0.02, 0.0, -0.981952, -0.18913, 0.271615, 0.0, 0.18913, -0.981952, 0.002749, 0.0, 0.0, 0.0, 1.0],
                [1.0, 0.0, 0.0, -0.02, 0.0, -0.956305, -0.292372, 0.272299, 0.0, 0.292372, -0.956305, 0.005847, 0.0, 0.0, 0.0, 1.0]
            ]
        },
        {
            "name": "Elbow_R",
            "time": [0.0, 0.1, 0.2, 0.3, 0.4, 0.5, 0.6],
            "transform": [
                [-1.0, -0.0, -1e-06, -0.0, 1e-06, 0.248135, -0.968725, 0.329779, 0.0, -0.968726, -0.248135, -0.0, 0.0, 0.0, 0.0, 1.0],
                [-1.0, -0.0, -1e-06, -0.0, 1e-06, 0.130272, -0.991479, 0.329779, 0.0, -0.991479, -0.130272, 0.0, 0.0, 0.0, 0.0, 1.0],
                [-1.0, -0.0, -0.0, -0.0, 1e-06, 0.052209, -0.998636, 0.329779, 0.0, -0.998636, -0.052209, 0.0, 0.0, 0.0, 0.0, 1.0],
                [-1.0, -0.0, -1e-06, -0.0, 1e-06, 0.139938, -0.99016, 0.329779, 0.0, -0.99016, -0.139938, -0.0, 0.0, 0.0, 0.0, 1.0],
                [-1.0, -0.0, -1e-06, -0.0, 0.0, 0.133977, -0.990985, 0.329779, 0.0, -0.990985, -0.133977, 0.0, 0.0, 0.0, 0.0, 1.0],
                [-1.0, -0.0, -0.0, -0.0, 0.0, 0.167487, -0.985874, 0.329779, 0.0, -0.985874, -0.167487, -0.0, 0.0, 0.0, 0.0, 1.0],
                [-1.0, -0.0, -1e-06, -0.0, 1e-06, 0.248135, -0.968725, 0.329779, 0.0, -0.968726, -0.248135, -0.0, 0.0, 0.0, 0.0, 1.0]
            ]
        },
        {
            "name": "Shoulder_L",
            "time": [0.0, 0.1, 0.2, 0.3, 0.4, 0.5, 0.6],
            "transform": [
                [-0.084189, -0.962289, -0.258674, 0.0, -0.022545, -0.257689, 0.965965, 0.4, -0.996195, 0.087155, -0.0, 0.0, 0.0, 0.0, 0.0, 1.0],
                [-0.084189, -0.962289, -0.258674, -0.0, -0.022545, -0.257689, 0.965965, 0.4, -0.996195, 0.087155, -0.0, -0.0, 0.0, 0.0, 0.0, 1.0],
                [0.0, -0.965965, -0.258673, -0.0, -0.0, -0.258674, 0.965965, 0.400001, -1.0, -0.0, -0.0, -0.0, 0.0, 0.0, 0.0, 1.0],
                [-0.100329, -0.962889, -0.250556, 0.0, -0.026867, -0.249113, 0.968102, 0.4, -0.994591, 0.103861, -0.000877, 0.0, 0.0, 0.0, 0.0, 1.0],
                [-0.033413, -0.965913, -0.2567, 0.0, -0.008948, -0.256544, 0.966491, 0.400001, -0.999401, 0.03459, -7.1e-05, -0.0, 0.0, 0.0, 0.0, 1.0],
                [-0.084189, -0.962289, -0.258674, 0.0, -0.022545, -0.257689, 0.965965, 0.400001, -0.996195, 0.087155, -0.0, 0.0, 0.0, 0.0, 0.0, 1.0],
                [-0.084189, -0.962289, -0.258674, 0.0, -0.022545, -0.257689, 0.965965, 0.4, -0.996195, 0.087155, -0.0, 0.0, 0.0, 0.0, 0.0, 1.0]
            ]
        },
        {
            "name": "Arm_L",
            "time": [0.0, 0.1, 0.2, 0.3, 0.4, 0.5, 0.6],
            "transform": [
                [0.084486, 0.141545, 0.98632, -0.0, -0.773112, 0.633787, -0.024731, 0.388212, -0.628617, -0.760447, 0.162976, 1e-06, 0.0, 0.0, 0.0, 1.0],
                [-0.109529, 0.308421, 0.944923, -0.0, -0.806342, 0.528307, -0.265904, 0.388212, -0.58122, -0.791056, 0.190828, 1e-06, 0.0, 0.0, 0.0, 1.0],
                [-0.139835, -0.159736, 0.977206, -0.0, -0.822101, 0.568807, -0.024661, 0.388212, -0.551902, -0.806811, -0.210858, 1e-06, 0.0, 0.0, 0.0, 1.0],
                [-0.31384, -0.012956, 0.949387, -0.0, -0.750202, 0.616276, -0.239585, 0.388212, -0.581981, -0.787423, -0.203132, 1e-06, 0.0, 0.0, 0.0, 1.0],
                [-0.341833, -0.225349, 0.912342, -0.0, -0.761645, 0.635127, -0.128493, 0.388212, -0.550497, -0.738805, -0.388743, 1e-06, 0.0, 0.0, 0.0, 1.0],
                [0.005711, -0.211617, 0.977336, 0.0, -0.801232, 0.583817, 0.131092, 0.388212, -0.598326, -0.783822, -0.16622, 1e-06, 0.0, 0.0, 0.0, 1.0],
                [0.084486, 0.141545, 0.98632, -0.0, -0.773112, 0.633787, -0.024731, 0.388212, -0.628617, -0.760447, 0.162976, 1e-06, 0.0, 0.0, 0.0, 1.0]
            ]
        },
        {
            "name": "Hand_L",
            "time": [0.0, 0.1, 0.2, 0.3, 0.4, 0.5, 0.6],
            "transform": [
                [0.999958, 0.009124, 0.000477, 0.0, -0.00806, 0.905515, -0.424236, 0.329779, -0.004303, 0.424215, 0.905551, 0.0, 0.0, 0.0, 0.0, 1.0],
                [0.999478, 0.031735, 0.00596, 0.0, -0.022988, 0.828938, -0.558867, 0.329779, -0.022677, 0.558439, 0.829235, 0.0, 0.0, 0.0, 0.0, 1.0],
                [1.0, 1e-06, 0.0, -0.0, -0.0, 0.695689, -0.718343, 0.329779, -1e-06, 0.718343, 0.695689, 0.0, 0.0, 0.0, 0.0, 1.0],
                [1.0, 0.0, 0.0, 0.0, -0.0, 0.715331, -0.698786, 0.329779, -0.0, 0.698786, 0.715331, 0.0, 0.0, 0.0, 0.0, 1.0],
                [0.999543, 0.030134, 0.002294, -0.0, -0.026756, 0.917667, -0.396448, 0.329779, -0.014051, 0.396206, 0.918054, 0.0, 0.0, 0.0, 0.0, 1.0],
                [0.99963, 0.027198, -0.000354, -0.0, -0.026119, 0.956173, -0.291636, 0.329779, -0.007593, 0.291537, 0.956529, 0.0, 0.0, 0.0, 0.0, 1.0],
                [0.999958, 0.009124, 0.000477, 0.0, -0.00806, 0.905515, -0.424236, 0.329779, -0.004303, 0.424215, 0.905551, 0.0, 0.0, 0.0, 0.0, 1.0]
            ]
        },
        {
            "name": "Tool_L",
            "time": [0.0, 0.1, 0.2, 0.3, 0.4, 0.5, 0.6],
            "transform": [
                [1.0, -0.0, 0.0, 0.02, -0.0, -1.0, 0.0, 0.291426, 0.0, 0.0, -1.0, -0.0, 0.0, 0.0, 0.0, 1.0],
                [1.0, -0.0, 0.0, 0.02, 0.0, -1.0, -0.0, 0.291426, 1e-06, 0.0, -1.0, -0.0, 0.0, 0.0, 0.0, 1.0],
                [1.0, -0.0, 0.0, 0.02, -0.0, -1.0, -0.0, 0.291426, 0.0, 0.0, -1.0, -0.0, 0.0, 0.0, 0.0, 1.0],
                [1.0, -0.0, 1e-06, 0.02, -0.0, -1.0, 0.0, 0.291426, 1e-06, -0.0, -1.0, -0.0, 0.0, 0.0, 0.0, 1.0],
                [1.0, -0.0, 0.0, 0.02, -0.0, -1.0, 0.0, 0.291426, 0.0, -0.0, -1.0, -0.0, 0.0, 0.0, 0.0, 1.0],
                [1.0, -0.0, 1e-06, 0.02, -0.0, -1.0, -0.0, 0.291426, 0.0, -0.0, -1.0, -0.0, 0.0, 0.0, 0.0, 1.0],
                [1.0, -0.0, 0.0, 0.02, -0.0, -1.0, 0.0, 0.291426, 0.0, 0.0, -1.0, -0.0, 0.0, 0.0, 0.0, 1.0]
            ]
        },
        {
            "name": "Elbow_L",
            "time": [0.0, 0.1, 0.2, 0.3, 0.4, 0.5, 0.6],
            "transform": [
                [-1.0, 0.0, -0.0, 0.0, 0.0, 0.217302, -0.976104, 0.329779, -0.0, -0.976105, -0.217302, 0.0, 0.0, 0.0, 0.0, 1.0],
                [-1.0, 0.0, -0.0, 0.0, 0.0, 0.29202, -0.956412, 0.329779, 0.0, -0.956413, -0.29202, 0.0, 0.0, 0.0, 0.0, 1.0],
                [-1.0, 0.0, -0.0, -0.0, 0.0, 0.390071, -0.920785, 0.329779, 0.0, -0.920785, -0.390071, 0.0, 0.0, 0.0, 0.0, 1.0],
                [-1.0, 0.0, -0.0, 0.0, 0.0, 0.377272, -0.926102, 0.329779, -0.0, -0.926102, -0.377272, 0.0, 0.0, 0.0, 0.0, 1.0],
                [-1.0, -0.0, -0.0, -0.0, 0.0, 0.202305, -0.979323, 0.329779, 0.0, -0.979323, -0.202305, 0.0, 0.0, 0.0, 0.0, 1.0],
                [-1.0, 0.0, -0.0, -0.0, 0.0, 0.147382, -0.98908, 0.329779, 0.0, -0.98908, -0.147382, 0.0, 0.0, 0.0, 0.0, 1.0],
                [-1.0, 0.0, -0.0, 0.0, 0.0, 0.217302, -0.976104, 0.329779, -0.0, -0.976105, -0.217302, 0.0, 0.0, 0.0, 0.0, 1.0]
            ]
        }
    ]
}