{
    "animation": [
        {
            "name": "Root",
            "time": [0.0, 0.1333, 0.2667, 0.4, 0.5333, 0.6667, 0.8],
            "transform": [
                [0.984808, -0.0, -0.173648, -5e-06, -0.17101, 0.173648, -0.969846, 0.000946, 0.030154, 0.984808, 0.17101, 0.753972, 0.0, 0.0, 0.0, 1.0],
                [0.984808, -0.0, -0.173648, -5e-06, -0.17101, 0.173648, -0.969846, 0.000946, 0.030154, 0.984808, 0.17101, 0.633972, 0.0, 0.0, 0.0, 1.0],
                [0.984808, -0.0, -0.173648, -5e-06, -0.17101, 0.173648, -0.969846, 0.000946, 0.030154, 0.984808, 0.17101, 0.683972, 0.0, 0.0, 0.0, 1.0],
                [0.99588, -0.013962, -0.089599, -5e-06, -0.085832, 0.173648, -0.98106, 0.000946, 0.029256, 0.984709, 0.171734, 0.723972, 0.0, 0.0, 0.0, 1.0],
                [0.996195, -0.0, -0.087156, -5e-06, -0.085832, 0.173648, -0.98106, 0.000946, 0.015134, 0.984808, 0.172987, 0.653972, 0.0, 0.0, 0.0, 1.0],
                [0.984808, -0.0, -0.173648, -5e-06, -0.17101, 0.173648, -0.969846, 0.000946, 0.030154, 0.984808, 0.17101, 0.683972, 0.0, 0.0, 0.0, 1.0],
                [0.984808, -0.0, -0.173648, -5e-06, -0.17101, 0.173648, -0.969846, 0.000946, 0.030154, 0.984808, 0.17101, 0.753972, 0.0, 0.0, 0.0, 1.0]
            ]
        },
        {
            "name": "Thigh_R",
            "time": [0.0, 0.1333, 0.2667, 0.4, 0.5333, 0.6667, 0.8],
            "transform": [
                [0.999749, 0.008095, -0.020862, 0.124994, 0.020359, -0.715961, 0.697844, -0.00283, -0.009287, -0.698094, -0.715947, -1.2e-05, 0.0, 0.0, 0.0, 1.0],
                [0.998012, -0.051842, 0.035857, 0.124994, -0.059015, -0.568619, 0.820482, -0.00283, -0.022147, -0.820966, -0.570547, -1.2e-05, 0.0, 0.0, 0.0, 1.0],
                [0.998935, -0.04554, -0.007274, 0.124994, -0.027776, -0.720023, 0.693395, -0.00283, -0.036815, -0.692455, -0.720521, -1.2e-05, 0.0, 0.0, 0.0, 1.0],
                [0.999705, 0.022854, 0.008277, 0.124994, 0.019693, -0.961148, 0.275324, -0.002831, 0.014248, -0.275079, -0.961316, -1.2e-05, 0.0, 0.0, 0.0, 1.0],
                [0.995631, 0.068515, 0.06341, 0.124994, 0.084342, -0.951341, -0.296363, -0.00283, 0.040019, 0.300416, -0.952968, -1.2e-05, 0.0, 0.0, 0.0, 1.0],
                [0.997292, 0.058347, -0.044772, 0.124994, 0.067402, -0.968679, 0.23899, -0.00283, -0.029425, -0.24136, -0.96999, -1.2e-05, 0.0, 0.0, 0.0, 1.0],
                [0.999749, 0.008095, -0.020862, 0.124994, 0.020359, -0.715961, 0.697844, -0.00283, -0.009287, -0.698094, -0.715947, -1.2e-05, 0.0, 0.0, 0.0, 1.0]
            ]
        },
        {
            "name": "Leg_R",
            "time": [0.0, 0.1333, 0.2667, 0.4, 0.5333, 0.6667, 0.8],
            "transform": [
                [1.000001, -1e-06, 5e-06, 0.0, -4e-06, 0.367395, 0.930065, 0.37472, -2e-06, -0.930065, 0.367395, 0.0, 0.0, 0.0, 0.0, 1.0],
                [1.0, 2e-06, 4e-06, -0.0, -4e-06, 0.785096, 0.619374, 0.37472, -2e-06, -0.619373, 0.785097, -0.0, 0.0, 0.0, 0.0, 1.0],
                [1.000001, 2e-06, 4e-06, 0.0, -4e-06, 0.860193, 0.509968, 0.37472, -2e-06, -0.509968, 0.860193, 0.0, 0.0, 0.0, 0.0, 1.0],
                [1.000001, 3e-06, 4e-06, 0.0, -4e-06, 0.900753, 0.434338, 0.37472, -3e-06, -0.434338, 0.900749, 0.0, 0.0, 0.0, 0.0, 1.0],
                [1.000001, 4e-06, 3e-06, -0.0, -4e-06, 0.998593, 0.053019, 0.37472, -2e-06, -0.053019, 0.998597, -0.0, 0.0, 0.0, 0.0, 1.0],
                [1.000001, 1e-06, 5e-06, -0.0, -4e-06, 0.699928, 0.714216, 0.37472, -2e-06, -0.714214, 0.699928, 0.0, 0.0, 0.0, 0.0, 1.0],
                [1.000001, -1e-06, 5e-06, 0.0, -4e-06, 0.367395, 0.930065, 0.37472, -2e-06, -0.930065, 0.367395, 0.0, 0.0, 0.0, 0.0, 1.0]
            ]
        },
        {
            "name": "Knee_R",
            "time": [0.0, 0.1333, 0.2667, 0.4, 0.5333, 0.6667, 0.8],
            "transform": [
                [1.0, 4e-06, -3e-06, 0.0, -4e-06, 0.562409, -0.826859, 0.37472, -2e-06, 0.826859, 0.562409, 0.0, 0.0, 0.0, 0.0, 1.0],
                [1.0, 3e-06, -3e-06, -0.0, -4e-06, 0.3278, -0.944747, 0.37472, -2e-06, 0.944747, 0.3278, -0.0, 0.0, 0.0, 0.0, 1.0],
                [1.0, 3e-06, -4e-06, -0.0, -4e-06, 0.264394, -0.964415, 0.37472, -2e-06, 0.964415, 0.264394, -0.0, 0.0, 0.0, 0.0, 1.0],
                [1.0, 3e-06, -4e-06, -0.0, -4e-06, 0.222768, -0.974871, 0.37472, -2e-06, 0.974871, 0.222768, 0.0, 0.0, 0.0, 0.0, 1.0],
                [1.0, 2e-06, -4e-06, 0.0, -4e-06, 0.02652, -0.999648, 0.37472, -2e-06, 0.999648, 0.02652, 0.0, 0.0, 0.0, 0.0, 1.0],
                [1.0, 3e-06, -3e-06, 0.0, -4e-06, 0.387347, -0.921935, 0.37472, -2e-06, 0.921934, 0.387347, -0.0, 0.0, 0.0, 0.0, 1.0],
                [1.0, 4e-06, -3e-06, 0.0, -4e-06, 0.562409, -0.826859, 0.37472, -2e-06, 0.826859, 0.562409, 0.0, 0.0, 0.0, 0.0, 1.0]
            ]
        },
        {
            "name": "Thigh_L",
            "time": [0.0, 0.1333, 0.2667, 0.4, 0.5333, 0.6667, 0.8],
            "transform": [
                [0.996915, -0.041392, -0.066695, -0.125006, -0.041343, -0.999141, 0.002116, -0.00283, -0.066725, 0.000648, -0.997772, -1.2e-05, 0.0, 0.0, 0.0, 1.0],
                [0.99795, 0.011869, -0.06288, -0.125006, -0.001337, -0.978566, -0.205924, -0.00283, -0.063976, 0.205586, -0.976547, -1.2e-05, 0.0, 0.0, 0.0, 1.0],
                [0.997154, -0.031963, -0.068293, -0.125006, -0.025427, -0.995197, 0.09452, -0.00283, -0.070986, -0.092514, -0.993178, -1.2e-05, 0.0, 0.0, 0.0, 1.0],
                [0.997148, -0.06888, 0.030868, -0.125006, -0.070928, -0.715194, 0.695319, -0.00283, -0.025817, -0.695524, -0.718039, -1.2e-05, 0.0, 0.0, 0.0, 1.0],
                [0.995865, -0.087466, 0.024537, -0.125006, -0.073165, -0.612171, 0.787333, -0.00283, -0.053844, -0.785872, -0.61604, -1.2e-05, 0.0, 0.0, 0.0, 1.0],
                [0.992061, -0.122548, 0.028242, -0.125006, -0.106269, -0.696801, 0.709349, -0.00283, -0.06725, -0.706719, -0.704292, -1.2e-05, 0.0, 0.0, 0.0, 1.0],
                [0.996915, -0.041392, -0.066695, -0.125006, -0.041343, -0.999141, 0.002116, -0.00283, -0.066725, 0.000648, -0.997772, -1.2e-05, 0.0, 0.0, 0.0, 1.0]
            ]
        },
        {
            "name": "Leg_L",
            "time": [0.0, 0.1333, 0.2667, 0.4, 0.5333, 0.6667, 0.8],
            "transform": [
                [1.000001, 1e-06, 1e-06, -0.0, -1e-06, 0.999991, 0.004941, 0.37472, -1e-06, -0.004941, 0.999987, -0.0, 0.0, 0.0, 0.0, 1.0],
                [1.000001, 1e-06, 1e-06, -0.0, -1e-06, 0.939962, 0.341279, 0.37472, -1e-06, -0.341276, 0.939965, 0.0, 0.0, 0.0, 0.0, 1.0],
                [1.0, 0.0, 2e-06, 0.0, -1e-06, 0.854002, 0.520273, 0.37472, -1e-06, -0.520272, 0.854, -0.0, 0.0, 0.0, 0.0, 1.0],
                [1.0, -1e-06, 1e-06, -0.0, -1e-06, 0.174323, 0.984688, 0.37472, -1e-06, -0.984689, 0.174323, -0.0, 0.0, 0.0, 0.0, 1.0],
                [1.0, 0.0, 2e-06, 0.0, -1e-06, 0.81047, 0.58578, 0.37472, -1e-06, -0.58578, 0.81047, -0.0, 0.0, 0.0, 0.0, 1.0],
                [0.999999, 0.0, 2e-06, 0.0, -1e-06, 0.814971, 0.579501, 0.37472, -1e-06, -0.579501, 0.81497, 0.0, 0.0, 0.0, 0.0, 1.0],
                [1.000001, 1e-06, 1e-06, -0.0, -1e-06, 0.999991, 0.004941, 0.37472, -1e-06, -0.004941, 0.999987, -0.0, 0.0, 0.0, 0.0, 1.0]
            ]
        },
        {
            "name": "Knee_L",
            "time": [0.0, 0.1333, 0.2667, 0.4, 0.5333, 0.6667, 0.8],
            "transform": [
                [1.0, 0.0, -1e-06, 0.0, -1e-06, 0.002472, -0.999997, 0.37472, -0.0, 0.999997, 0.002472, -0.0, 0.0, 0.0, 0.0, 1.0],
                [1.0, 1e-06, -1e-06, -0.0, -1e-06, 0.17326, -0.984876, 0.37472, -0.0, 0.984876, 0.17326, 0.0, 0.0, 0.0, 0.0, 1.0],
                [1.0, 1e-06, -1e-06, -0.0, -1e-06, 0.270186, -0.962808, 0.37472, -0.0, 0.962808, 0.270186, -0.0, 0.0, 0.0, 0.0, 1.0],
                [1.0, 1e-06, -1e-06, 0.0, -1e-06, 0.642526, -0.766263, 0.37472, -0.0, 0.766264, 0.642526, -0.0, 0.0, 0.0, 0.0, 1.0],
                [1.0, 1e-06, -1e-06, 0.0, -1e-06, 0.30784, -0.951438, 0.37472, -0.0, 0.951438, 0.30784, -0.0, 0.0, 0.0, 0.0, 1.0],
                [1.0, 1e-06, -1e-06, 0.0, -1e-06, 0.304163, -0.95262, 0.37472, -0.0, 0.95262, 0.304163, 0.0, 0.0, 0.0, 0.0, 1.0],
                [1.0, 0.0, -1e-06, 0.0, -1e-06, 0.002472, -0.999997, 0.37472, -0.0, 0.999997, 0.002472, -0.0, 0.0, 0.0, 0.0, 1.0]
            ]
        },
        {
            "name": "Torso",
            "time": [0.0, 0.1333, 0.2667, 0.4, 0.5333, 0.6667, 0.8],
            "transform": [
                [0.999933, -0.01143, -0.002016, 0.0, 0.011606, 0.984742, 0.173636, 0.05, 0.0, -0.173648, 0.984808, -0.0, 0.0, 0.0, 0.0, 1.0],
                [1.0, 0.0, -0.0, -0.0, -0.0, 0.984808, 0.173648, 0.05, 0.0, -0.173648, 0.984808, -0.0, 0.0, 0.0, 0.0, 1.0],
                [0.999962, 0.008543, 0.001506, -0.0, -0.008675, 0.984771, 0.173641, 0.05, 0.0, -0.173648, 0.984808, -0.0, 0.0, 0.0, 0.0, 1.0],
                [0.999421, 0.032584, 0.009754, -0.0, -0.03379, 0.983914, 0.175417, 0.05, -0.003881, -0.175645, 0.984446, 0.0, 0.0, 0.0, 0.0, 1.0],
                [0.999777, 0.019825, 0.00725, 0.0, -0.02079, 0.984284, 0.175363, 0.05, -0.00366, -0.175475, 0.984477, 0.0, 0.0, 0.0, 0.0, 1.0],
                [0.999962, -0.008543, -0.001507, -0.0, 0.008675, 0.984771, 0.173641, 0.05, 0.0, -0.173648, 0.984808, -0.0, 0.0, 0.0, 0.0, 1.0],
                [0.999933, -0.01143, -0.002016, 0.0, 0.011606, 0.984742, 0.173636, 0.05, 0.0, -0.173648, 0.984808, -0.0, 0.0, 0.0, 0.0, 1.0]
            ]
        },
        {
            "name": "Chest",
            "time": [0.0, 0.1333, 0.2667, 0.4, 0.5333, 0.6667, 0.8],
            "transform": [
                [0.818497, -0.015151, -0.574311, -0.0, 0.011643, 0.999884, -0.009784, 0.35, 0.574393, 0.001322, 0.818579, 0.0, 0.0, 0.0, 0.0, 1.0],
                [0.86698, 0.011312, -0.498214, 0.0, -0.010943, 0.999934, 0.003661, 0.35, 0.498222, 0.002277, 0.867046, -0.0, 0.0, 0.0, 0.0, 1.0],
                [0.922877, 0.004773, -0.385065, 0.0, -0.004264, 0.999988, 0.002175, 0.35, 0.385071, -0.000366, 0.922887, 0.0, 0.0, 0.0, 0.0, 1.0],
                [0.939216, -0.007689, -0.343241, 0.0, 0.007106, 0.99997, -0.002956, 0.35, 0.343253, 0.000337, 0.939243, 0.0, 0.0, 0.0, 0.0, 1.0],
                [0.964502, -0.034575, -0.261802, 0.0, 0.033029, 0.999401, -0.010305, 0.35, 0.262001, 0.001292, 0.965067, -0.0, 0.0, 0.0, 0.0, 1.0],
                [0.863533, -0.018374, -0.503958, 0.0, 0.015308, 0.999831, -0.010222, 0.35, 0.50406, 0.001113, 0.863668, -0.0, 0.0, 0.0, 0.0, 1.0],
                [0.818497, -0.015151, -0.574311, -0.0, 0.011643, 0.999884, -0.009784, 0.35, 0.574393, 0.001322, 0.818579, 0.0, 0.0, 0.0, 0.0, 1.0]
            ]
        },
        {
            "name": "Head",
            "time": [0.0, 0.1333, 0.2667, 0.4, 0.5333, 0.6667, 0.8],
            "transform": [
                [0.70686, 0.120701, 0.696979, 0.0, 0.003747, 0.984681, -0.174324, 0.35, -0.707343, 0.125834, 0.69558, -0.0, 0.0, 0.0, 0.0, 1.0],
                [0.768278, 0.075739, 0.63562, -0.0, 0.040902, 0.985138, -0.166825, 0.35, -0.638809, 0.154166, 0.753761, 0.0, 0.0, 0.0, 0.0, 1.0],
                [0.843378, 0.054659, 0.534534, -0.0, 0.043329, 0.984654, -0.16905, 0.35, -0.535571, 0.165734, 0.828067, -0.0, 0.0, 0.0, 0.0, 1.0],
                [0.908036, 0.048158, 0.416114, 0.0, 0.026762, 0.984671, -0.172359, 0.35, -0.418036, 0.167644, 0.892828, 0.0, 0.0, 0.0, 0.0, 1.0],
                [0.941495, 0.058404, 0.331928, 0.0, 0.000474, 0.98464, -0.174595, 0.35, -0.337027, 0.164537, 0.927006, 0.0, 0.0, 0.0, 0.0, 1.0],
                [0.763767, 0.110092, 0.636034, 0.0, 0.003451, 0.984638, -0.174576, 0.35, -0.645483, 0.13553, 0.751654, -0.0, 0.0, 0.0, 0.0, 1.0],
                [0.70686, 0.120701, 0.696979, 0.0, 0.003747, 0.984681, -0.174324, 0.35, -0.707343, 0.125834, 0.69558, -0.0, 0.0, 0.0, 0.0, 1.0]
            ]
        },
        {
            "name": "Shoulder_R",
            "time": [0.0, 0.1333, 0.2667, 0.4, 0.5333, 0.6667, 0.8],
            "transform": [
                [-1e-06, 0.965965, 0.258674, 0.0, -3e-06, -0.258674, 0.965965, 0.35, 1.0, -0.0, 3e-06, -0.0, 0.0, 0.0, 0.0, 1.0],
                [-1e-06, 0.965965, 0.258674, -0.0, -3e-06, -0.258674, 0.965965, 0.35, 1.0, 0.0, 3e-06, 0.0, 0.0, 0.0, 0.0, 1.0],
                [-1e-06, 0.965965, 0.258674, -0.0, -3e-06, -0.258674, 0.965965, 0.35, 1.0, 0.0, 3e-06, -0.0, 0.0, 0.0, 0.0, 1.0],
                [-1e-06, 0.965965, 0.258675, 0.0, -3e-06, -0.258675, 0.965965, 0.35, 1.0, -0.0, 3e-06, 0.0, 0.0, 0.0, 0.0, 1.0],
                [-0.068679, 0.96352, 0.258674, 0.0, 0.018389, -0.25802, 0.965965, 0.35, 0.997469, 0.071098, 3e-06, 0.0, 0.0, 0.0, 0.0, 1.0],
                [-0.000818, 0.965965, 0.258674, 0.0, 0.000216, -0.258674, 0.965965, 0.35, 1.0, 0.000846, 3e-06, -0.0, 0.0, 0.0, 0.0, 1.0],
                [-1e-06, 0.965965, 0.258674, 0.0, -3e-06, -0.258674, 0.965965, 0.35, 1.0, -0.0, 3e-06, -0.0, 0.0, 0.0, 0.0, 1.0]
            ]
        },
        {
            "name": "Arm_R",
            "time": [0.0, 0.1333, 0.2667, 0.4, 0.5333, 0.6667, 0.8],
            "transform": [
                [0.484909, 0.203335, -0.850598, -0.0, 0.731975, 0.43791, 0.521966, 0.388213, 0.478619, -0.875723, 0.063511, 0.0, 0.0, 0.0, 0.0, 1.0],
                [0.631293, 0.186862, -0.752697, 0.0, 0.602912, 0.492224, 0.627864, 0.388213, 0.487819, -0.850176, 0.198076, 0.0, 0.0, 0.0, 0.0, 1.0],
                [0.67677, 0.217497, -0.703334, -0.0, 0.553734, 0.479182, 0.681001, 0.388213, 0.485141, -0.850341, 0.20386, 1e-06, 0.0, 0.0, 0.0, 1.0],
                [0.779361, 0.238777, -0.579294, -0.0, 0.446722, 0.436545, 0.780941, 0.388213, 0.439358, -0.867418, 0.233559, 1e-06, 0.0, 0.0, 0.0, 1.0],
                [0.790098, 0.276696, -0.546978, 0.0, 0.427512, 0.390751, 0.815198, 0.388213, 0.439294, -0.877926, 0.190441, 1e-06, 0.0, 0.0, 0.0, 1.0],
                [0.524436, 0.15924, -0.836427, 0.0, 0.693908, 0.489343, 0.528238, 0.388213, 0.493416, -0.85743, 0.146131, 0.0, 0.0, 0.0, 0.0, 1.0],
                [0.484909, 0.203335, -0.850598, -0.0, 0.731975, 0.43791, 0.521966, 0.388213, 0.478619, -0.875723, 0.063511, 0.0, 0.0, 0.0, 0.0, 1.0]
            ]
        },
        {
            "name": "Hand_R",
            "time": [0.0, 0.1333, 0.2667, 0.4, 0.5333, 0.6667, 0.8],
            "transform": [
                [0.999335, -0.031776, 0.017833, 0.0, 0.036031, 0.934677, -0.353667, 0.329779, -0.00543, 0.354075, 0.935201, -0.0, 0.0, 0.0, 0.0, 1.0],
                [0.992866, -0.115352, 0.030155, -0.0, 0.118965, 0.941646, -0.31488, 0.329779, 0.007927, 0.316222, 0.948652, -0.0, 0.0, 0.0, 0.0, 1.0],
                [0.998642, -0.049101, 0.017391, -0.0, 0.051989, 0.960232, -0.274319, 0.329779, -0.003231, 0.274851, 0.961481, -0.0, 0.0, 0.0, 0.0, 1.0],
                [0.999336, -0.033209, 0.014996, -0.0, 0.036031, 0.961944, -0.270859, 0.329779, -0.00543, 0.271219, 0.962502, 0.0, 0.0, 0.0, 0.0, 1.0],
                [0.999343, -0.032543, 0.015941, -0.0, 0.035824, 0.953513, -0.299216, 0.32978, -0.005462, 0.29959, 0.954052, -0.0, 0.0, 0.0, 0.0, 1.0],
                [0.999337, -0.033304, 0.014666, 0.0, 0.035982, 0.964545, -0.261453, 0.329779, -0.005439, 0.261807, 0.965105, 0.0, 0.0, 0.0, 0.0, 1.0],
                [0.999335, -0.031776, 0.017833, 0.0, 0.036031, 0.934677, -0.353667, 0.329779, -0.00543, 0.354075, 0.935201, -0.0, 0.0, 0.0, 0.0, 1.0]
            ]
        },
        {
            "name": "Tool_R",
            "time": [0.0, 0.1333, 0.2667, 0.4, 0.5333, 0.6667, 0.8],
            "transform": [
                [1.0, -0.0, -0.0, -0.02, -0.0, -0.736175, -0.676791, 0.291425, 0.0, 0.676791, -0.736175, 0.0, 0.0, 0.0, 0.0, 1.0],
                [1.0, -0.0, 0.0, -0.02, -0.0, -0.736175, -0.676791, 0.291425, 0.0, 0.676791, -0.736175, 0.0, 0.0, 0.0, 0.0, 1.0],
                [1.0, -0.0, -0.0, -0.02, -0.0, -0.736175, -0.676791, 0.291425, 0.0, 0.676791, -0.736175, -0.0, 0.0, 0.0, 0.0, 1.0],
                [1.0, -0.0, -0.0, -0.02, -0.0, -0.736175, -0.676791, 0.291425, 0.0, 0.676791, -0.736175, 0.0, 0.0, 0.0, 0.0, 1.0],
                [1.0, -0.0, 0.0, -0.02, -0.0, -0.736175, -0.676791, 0.291425, 0.0, 0.676791, -0.736175, 0.0, 0.0, 0.0, 0.0, 1.0],
                [1.0, 0.0, -0.0, -0.02, 0.0, -0.736175, -0.676791, 0.291425, 0.0, 0.676791, -0.736175, 0.0, 0.0, 0.0, 0.0, 1.0],
                [1.0, -0.0, -0.0, -0.02, -0.0, -0.736175, -0.676791, 0.291425, 0.0, 0.676791, -0.736175, 0.0, 0.0, 0.0, 0.0, 1.0]
            ]
        },
        {
            "name": "Elbow_R",
            "time": [0.0, 0.1333, 0.2667, 0.4, 0.5333, 0.6667, 0.8],
            "transform": [
                [-0.999999, 0.0, -0.0, 0.0, 0.0, 0.179979, -0.98367, 0.329779, -0.0, -0.98367, -0.179979, -0.0, 0.0, 0.0, 0.0, 1.0],
                [-0.999999, 0.0, -0.0, -0.0, 0.0, 0.160184, -0.987087, 0.329779, -0.0, -0.987087, -0.160184, -0.0, 0.0, 0.0, 0.0, 1.0],
                [-0.999999, 0.0, -0.0, 0.0, 0.0, 0.138769, -0.990324, 0.329779, -0.0, -0.990324, -0.138769, -0.0, 0.0, 0.0, 0.0, 1.0],
                [-0.999999, 0.0, -0.0, -0.0, 0.0, 0.136901, -0.990584, 0.329779, -0.0, -0.990584, -0.136901, 0.0, 0.0, 0.0, 0.0, 1.0],
                [-1.0, 0.0, -0.0, -0.0, 0.0, 0.151548, -0.988449, 0.32978, 0.0, -0.98845, -0.151548, -0.0, 0.0, 0.0, 0.0, 1.0],
                [-0.999999, 0.0, -0.0, 0.0, 0.0, 0.132062, -0.991241, 0.329779, 0.0, -0.991241, -0.132062, -0.0, 0.0, 0.0, 0.0, 1.0],
                [-0.999999, 0.0, -0.0, 0.0, 0.0, 0.179979, -0.98367, 0.329779, -0.0, -0.98367, -0.179979, -0.0, 0.0, 0.0, 0.0, 1.0]
            ]
        },
        {
            "name": "Shoulder_L",
            "time": [0.0, 0.1333, 0.2667, 0.4, 0.5333, 0.6667, 0.8],
            "transform": [
                [0.0, -0.965965, -0.258674, 0.0, -0.0, -0.258674, 0.965965, 0.35, -1.0, -0.0, -0.0, -0.0, 0.0, 0.0, 0.0, 1.0],
                [0.0, -0.965965, -0.258673, -0.0, -0.0, -0.258673, 0.965965, 0.35, -1.0, -0.0, -0.0, 0.0, 0.0, 0.0, 0.0, 1.0],
                [-0.007471, -0.965936, -0.258673, -0.0, -0.002001, -0.258666, 0.965965, 0.35, -0.99997, 0.007734, -0.0, -0.0, 0.0, 0.0, 0.0, 1.0],
                [0.0, -0.965965, -0.258673, 0.0, -0.0, -0.258673, 0.965965, 0.35, -1.0, -0.0, -0.0, 0.0, 0.0, 0.0, 0.0, 1.0],
                [0.0, -0.965965, -0.258673, 0.0, -0.0, -0.258673, 0.965965, 0.35, -1.0, -0.0, -0.0, 0.0, 0.0, 0.0, 0.0, 1.0],
                [0.0, -0.965965, -0.258673, 0.0, -0.0, -0.258673, 0.965965, 0.35, -1.0, -0.0, -0.0, -0.0, 0.0, 0.0, 0.0, 1.0],
                [0.0, -0.965965, -0.258674, 0.0, -0.0, -0.258674, 0.965965, 0.35, -1.0, -0.0, -0.0, -0.0, 0.0, 0.0, 0.0, 1.0]
            ]
        },
        {
            "name": "Arm_L",
            "time": [0.0, 0.1333, 0.2667, 0.4, 0.5333, 0.6667, 0.8],
            "transform": [
                [-0.006975, -0.073765, 0.997251, -0.0, -0.788499, 0.613742, 0.039882, 0.388212, -0.614997, -0.786053, -0.062444, 1e-06, 0.0, 0.0, 0.0, 1.0],
                [0.089417, 0.228245, 0.969489, 0.0, -0.806141, 0.588237, -0.064136, 0.388212, -0.584928, -0.77581, 0.236596, 1e-06, 0.0, 0.0, 0.0, 1.0],
                [0.071013, 0.021, 0.997254, -0.0, -0.865884, 0.49762, 0.051179, 0.388212, -0.495179, -0.867141, 0.053521, 1e-06, 0.0, 0.0, 0.0, 1.0],
                [0.065179, -0.100581, 0.992792, 0.0, -0.873572, 0.475127, 0.105488, 0.388212, -0.482312, -0.87415, -0.056897, 1e-06, 0.0, 0.0, 0.0, 1.0],
                [0.07434, -0.30794, 0.948497, -0.0, -0.865762, 0.452095, 0.214633, 0.388212, -0.494905, -0.837128, -0.232994, 1e-06, 0.0, 0.0, 0.0, 1.0],
                [0.229737, -0.132346, 0.964212, -0.0, -0.770311, 0.580791, 0.263255, 0.388212, -0.594847, -0.803223, 0.031481, 1e-06, 0.0, 0.0, 0.0, 1.0],
                [-0.006975, -0.073765, 0.997251, -0.0, -0.788499, 0.613742, 0.039882, 0.388212, -0.614997, -0.786053, -0.062444, 1e-06, 0.0, 0.0, 0.0, 1.0]
            ]
        },
        {
            "name": "Hand_L",
            "time": [0.0, 0.1333, 0.2667, 0.4, 0.5333, 0.6667, 0.8],
            "transform": [
                [0.999504, 0.029997, -0.009495, 0.0, -0.031308, 0.918149, -0.394995, 0.329779, -0.003131, 0.395097, 0.918634, 0.0, 0.0, 0.0, 0.0, 1.0],
                [0.9984, 0.056539, 0.0, 0.0, -0.055187, 0.974524, -0.217385, 0.329779, -0.012291, 0.217038, 0.976086, -0.0, 0.0, 0.0, 0.0, 1.0],
                [0.999849, 0.016177, -0.00625, 0.0, -0.017189, 0.876613, -0.480888, 0.329779, -0.002301, 0.480923, 0.87676, 0.0, 0.0, 0.0, 0.0, 1.0],
                [0.999336, 0.030102, -0.020534, -0.0, -0.036032, 0.900296, -0.433783, 0.329779, 0.00543, 0.434235, 0.900783, -0.0, 0.0, 0.0, 0.0, 1.0],
                [0.999706, 0.021002, -0.012125, -0.0, -0.023881, 0.765508, -0.642983, 0.329779, -0.004222, 0.643084, 0.765784, -0.0, 0.0, 0.0, 0.0, 1.0],
                [0.984788, 0.17242, -0.021502, -0.0, -0.16842, 0.916781, -0.362143, 0.329779, -0.042728, 0.360256, 0.931874, 0.0, 0.0, 0.0, 0.0, 1.0],
                [0.999504, 0.029997, -0.009495, 0.0, -0.031308, 0.918149, -0.394995, 0.329779, -0.003131, 0.395097, 0.918634, 0.0, 0.0, 0.0, 0.0, 1.0]
            ]
        },
        {
            "name": "Tool_L",
            "time": [0.0, 0.1333, 0.2667, 0.4, 0.5333, 0.6667, 0.8],
            "transform": [
                [1.0, -0.0, 1e-06, 0.02, -0.0, -1.0, -0.0, 0.291426, 0.0, -0.0, -1.0, -0.0, 0.0, 0.0, 0.0, 1.0],
                [1.0, -0.0, 0.0, 0.02, -0.0, -1.0, -0.0, 0.291426, 0.0, -0.0, -1.0, 0.0, 0.0, 0.0, 0.0, 1.0],
                [1.0, -0.0, 1e-06, 0.02, -0.0, -1.0, 0.0, 0.291426, 0.0, -0.0, -1.0, 0.0, 0.0, 0.0, 0.0, 1.0],
                [1.0, -0.0, 0.0, 0.02, -0.0, -1.0, 0.0, 0.291426, 0.0, -0.0, -1.0, -0.0, 0.0, 0.0, 0.0, 1.0],
                [1.0, -0.0, 0.0, 0.02, -0.0, -1.0, 0.0, 0.291426, 0.0, -0.0, -1.0, -0.0, 0.0, 0.0, 0.0, 1.0],
                [1.0, -0.0, 1e-06, 0.02, -0.0, -1.0, 0.0, 0.291426, 0.0, -0.0, -1.0, -0.0, 0.0, 0.0, 0.0, 1.0],
                [1.0, -0.0, 1e-06, 0.02, -0.0, -1.0, -0.0, 0.291426, 0.0, -0.0, -1.0, -0.0, 0.0, 0.0, 0.0, 1.0]
            ]
        },
        {
            "name": "Elbow_L",
            "time": [0.0, 0.1333, 0.2667, 0.4, 0.5333, 0.6667, 0.8],
            "transform": [
                [-1.0, -0.0, -0.0, 0.0, 0.0, 0.201694, -0.979449, 0.329779, 0.0, -0.979449, -0.201694, 0.0, 0.0, 0.0, 0.0, 1.0],
                [-1.0, -0.0, -0.0, 0.0, 0.0, 0.10918, -0.994022, 0.329779, 0.0, -0.994022, -0.10918, -0.0, 0.0, 0.0, 0.0, 1.0],
                [-1.0, -0.0, -1e-06, 0.0, 0.0, 0.248232, -0.968701, 0.329779, 0.0, -0.9687, -0.248232, -0.0, 0.0, 0.0, 0.0, 1.0],
                [-1.0, -0.0, -0.0, -0.0, 0.0, 0.222714, -0.974883, 0.329779, 0.0, -0.974883, -0.222714, -0.0, 0.0, 0.0, 0.0, 1.0],
                [-1.0, -0.0, -0.0, -0.0, 0.0, 0.342205, -0.939625, 0.329779, 0.0, -0.939625, -0.342205, -0.0, 0.0, 0.0, 0.0, 1.0],
                [-1.0, -0.0, -0.0, 0.0, 0.0, 0.183403, -0.983038, 0.329779, 0.0, -0.983038, -0.183403, 0.0, 0.0, 0.0, 0.0, 1.0],
                [-1.0, -0.0, -0.0, 0.0, 0.0, 0.201694, -0.979449, 0.329779, 0.0, -0.979449, -0.201694, 0.0, 0.0, 0.0, 0.0, 1.0]
            ]
        }
    ]
}