{
    "animation": [
        {
            "name": "Root",
            "time": [0.0, 0.1, 0.1167, 0.1333, 0.15, 0.2, 0.2167, 0.2333, 0.25, 0.2667, 0.2833, 0.3167, 0.3667, 0.4833, 0.5333, 0.6333, 0.7333, 0.8333, 0.9333, 1.1333],
            "transform": [
                [0.01433, -0.001428, 0.999896, -5e-06, 0.956379, 0.291825, -0.01329, 0.200946, -0.291776, 0.956471, 0.005547, 0.42762, 0.0, 0.0, 0.0, 1.0],
                [0.063713, 0.001884, 0.997966, -5e-06, 0.976254, 0.207352, -0.062718, 0.400946, -0.207049, 0.978265, 0.011372, 0.35262, 0.0, 0.0, 0.0, 1.0],
                [0.125429, -0.009575, 0.992056, -5e-06, 0.959832, 0.254135, -0.118902, 0.500946, -0.250978, 0.967121, 0.041067, 0.409926, 0.0, 0.0, 0.0, 1.0],
                [0.189848, -0.018321, 0.981643, -5e-06, 0.936703, 0.302964, -0.175502, 0.600946, -0.294187, 0.952826, 0.074679, 0.467232, 0.0, 0.0, 0.0, 1.0],
                [0.256447, -0.023871, 0.966264, -5e-06, 0.906282, 0.353445, -0.231796, 0.800946, -0.335988, 0.935151, 0.112273, 0.674537, 0.0, 0.0, 0.0, 1.0],
                [0.324553, -0.025745, 0.945517, -5e-06, 0.868092, 0.405066, -0.286947, 1.030946, -0.375609, 0.913925, 0.153814, 0.661843, 0.0, 0.0, 0.0, 1.0],
                [0.580486, -0.001427, 0.814269, -5e-06, 0.755462, 0.374076, -0.537907, 1.100947, -0.303831, 0.927397, 0.218224, 0.451843, 0.0, 0.0, 0.0, 1.0],
                [0.646131, -0.001427, 0.763225, -5e-06, 0.708159, 0.374076, -0.598814, 1.290947, -0.284649, 0.927397, 0.242713, 0.491446, 0.0, 0.0, 0.0, 1.0],
                [0.984681, -0.001427, -0.174361, -5e-06, -0.161177, 0.374076, -0.913285, 1.480947, 0.066528, 0.927397, 0.368115, 0.531049, 0.0, 0.0, 0.0, 1.0],
                [0.971864, -0.031681, 0.233404, -5e-06, 0.228722, 0.363693, -0.903002, 1.820946, -0.056279, 0.93098, 0.360707, 0.519348, 0.0, 0.0, 0.0, 1.0],
                [0.985525, -0.044165, 0.163678, -5e-06, 0.168552, 0.358935, -0.918017, 2.120947, -0.018206, 0.932317, 0.361184, 0.532511, 0.0, 0.0, 0.0, 1.0],
                [0.705323, -0.05369, 0.70685, -5e-06, 0.676652, 0.348255, -0.648738, 3.000947, -0.211334, 0.935861, 0.281962, 0.540675, 0.0, 0.0, 0.0, 1.0],
                [0.575423, -0.063104, 0.815418, -5e-06, 0.78074, 0.33933, -0.524691, 3.000947, -0.243585, 0.938548, 0.244526, 0.657998, 0.0, 0.0, 0.0, 1.0],
                [0.458689, -0.06945, 0.885879, -5e-06, 0.848276, 0.331123, -0.413261, 3.000947, -0.264634, 0.941028, 0.210795, 0.745991, 0.0, 0.0, 0.0, 1.0],
                [0.327275, -0.094529, 0.940189, -5e-06, 0.931745, 0.197909, -0.304437, 3.000947, -0.157294, 0.975652, 0.152847, 0.662555, 0.0, 0.0, 0.0, 1.0],
                [0.027372, -0.081197, 0.996322, -5e-06, 0.996734, 0.077968, -0.02103, 3.000947, -0.075974, 0.993644, 0.083066, 0.495682, 0.0, 0.0, 0.0, 1.0],
                [0.513734, -0.083659, 0.853861, -5e-06, 0.852754, -0.059575, -0.518904, 3.000947, 0.09428, 0.994712, 0.040735, 0.54134, 0.0, 0.0, 0.0, 1.0],
                [0.858121, -0.068223, 0.508894, -5e-06, 0.508332, -0.026671, -0.860748, 3.000947, 0.072295, 0.997314, 0.011793, 0.586998, 0.0, 0.0, 0.0, 1.0],
                [0.992791, -0.043718, 0.111604, -5e-06, 0.111398, -0.007117, -0.99375, 3.000947, 0.044239, 0.999019, -0.002196, 0.632656, 0.0, 0.0, 0.0, 1.0],
                [0.882948, -0.0, -0.469472, -5e-06, -0.469472, 0.0, -0.882948, 3.000947, 0.0, 1.0, -0.0, 0.723972, 0.0, 0.0, 0.0, 1.0]
            ]
        },
        {
            "name": "Thigh_R",
            "time": [0.0, 0.1, 0.1167, 0.1333, 0.15, 0.2, 0.2167, 0.2333, 0.25, 0.2667, 0.2833, 0.3167, 0.3667, 0.4833, 0.5333, 0.6333, 0.7333, 0.8333, 0.9333, 1.1333],
            "transform": [
                [0.989436, -0.093501, -0.110536, 0.124536, 0.099943, -0.111263, 0.988728, 0.007864, -0.104748, -0.989358, -0.100746, 6.2e-05, 0.0, 0.0, 0.0, 1.0],
                [0.996239, 0.08555, 0.011586, 0.124765, -0.002226, -0.108697, 0.994046, 0.002517, 0.086302, -0.990361, -0.108101, 2.5e-05, 0.0, 0.0, 0.0, 1.0],
                [0.76373, 0.563532, 0.314781, 0.124822, -0.235749, -0.210447, 0.948714, 0.00118, 0.6009, -0.7988, -0.027873, 1.6e-05, 0.0, 0.0, 0.0, 1.0],
                [0.282305, 0.93884, 0.197006, 0.124879, -0.348169, -0.091083, 0.932944, -0.000157, 0.89388, -0.331981, 0.301167, 7e-06, 0.0, 0.0, 0.0, 1.0],
                [0.194599, 0.913084, 0.358238, 0.124937, 0.229578, -0.397477, 0.888388, -0.001494, 0.9536, -0.090639, -0.286984, -3e-06, 0.0, 0.0, 0.0, 1.0],
                [0.166431, 0.840988, 0.514749, 0.124937, 0.028543, -0.52592, 0.850013, -0.001494, 0.985604, -0.12678, -0.111538, -3e-06, 0.0, 0.0, 0.0, 1.0],
                [0.361591, 0.907281, -0.214527, 0.124937, -0.091771, 0.263618, 0.960214, -0.001494, 0.92777, -0.32753, 0.17859, -3e-06, 0.0, 0.0, 0.0, 1.0],
                [0.502499, 0.863826, -0.035025, 0.124936, 0.085466, -0.009321, 0.996261, -0.001494, 0.860301, -0.503632, -0.078514, -3e-06, 0.0, 0.0, 0.0, 1.0],
                [0.960454, 0.188209, 0.205018, 0.124937, -0.136093, -0.324938, 0.935854, -0.001494, 0.242763, -0.92678, -0.286485, -3e-06, 0.0, 0.0, 0.0, 1.0],
                [0.942336, 0.200198, 0.268053, 0.124937, 0.061111, -0.890697, 0.450391, -0.001494, 0.328933, -0.408053, -0.851601, -3e-06, 0.0, 0.0, 0.0, 1.0],
                [0.970921, -0.062296, 0.230997, 0.124937, 0.052677, -0.886115, -0.460384, -0.001494, 0.233378, 0.459182, -0.857097, -3e-06, 0.0, 0.0, 0.0, 1.0],
                [0.660795, 0.749034, 0.047178, 0.124937, 0.108535, -0.157568, 0.981489, -0.001494, 0.742629, -0.643466, -0.185424, -3e-06, 0.0, 0.0, 0.0, 1.0],
                [0.878225, 0.410484, -0.245259, 0.124941, 0.466454, -0.622585, 0.628282, -0.001605, 0.105209, -0.6662, -0.738268, -3e-06, 0.0, 0.0, 0.0, 1.0],
                [0.884789, 0.45175, -0.114017, 0.124945, 0.462795, -0.82388, 0.327069, -0.001689, 0.053819, -0.342166, -0.938061, -4e-06, 0.0, 0.0, 0.0, 1.0],
                [0.931003, 0.331979, -0.151494, 0.124949, 0.364271, -0.82093, 0.439675, -0.001772, 0.021597, -0.464542, -0.88525, -5e-06, 0.0, 0.0, 0.0, 1.0],
                [0.965673, 0.184785, -0.182369, 0.124956, 0.251867, -0.837182, 0.485414, -0.001939, -0.06298, -0.514704, -0.855015, -6e-06, 0.0, 0.0, 0.0, 1.0],
                [0.982293, 0.101336, -0.157396, 0.124964, 0.176817, -0.778344, 0.602383, -0.002118, -0.061467, -0.619566, -0.782502, -7e-06, 0.0, 0.0, 0.0, 1.0],
                [0.983752, 0.099216, -0.149483, 0.124971, 0.175266, -0.70954, 0.682493, -0.002296, -0.038351, -0.697619, -0.715416, -8e-06, 0.0, 0.0, 0.0, 1.0],
                [0.999263, -0.036828, 0.009336, 0.124979, -0.03255, -0.703109, 0.710319, -0.002474, -0.019596, -0.710109, -0.7038, -9e-06, 0.0, 0.0, 0.0, 1.0],
                [0.979681, 0.128105, 0.154318, 0.124994, 0.12491, -0.991705, 0.030269, -0.00283, 0.156916, -0.010378, -0.987558, -1.2e-05, 0.0, 0.0, 0.0, 1.0]
            ]
        },
        {
            "name": "Leg_R",
            "time": [0.0, 0.1, 0.1167, 0.1333, 0.15, 0.2, 0.2167, 0.2333, 0.25, 0.2667, 0.2833, 0.3167, 0.3667, 0.4833, 0.5333, 0.6333, 0.7333, 0.8333, 0.9333, 1.1333],
            "transform": [
                [1.000024, -2e-06, 4e-06, 0.0, -4e-06, 0.020188, 0.999823, 0.37472, -3e-06, -0.999822, 0.020188, -0.0, 0.0, 0.0, 0.0, 1.0],
                [1.000025, -5e-06, 0.0, 0.0, -4e-06, -0.812299, 0.583286, 0.37472, -2e-06, -0.583286, -0.812299, -0.0, 0.0, 0.0, 0.0, 1.0],
                [1.000026, -4e-06, 1e-06, -0.0, -4e-06, -0.699859, 0.714323, 0.37472, -3e-06, -0.714324, -0.69987, 0.0, 0.0, 0.0, 0.0, 1.0],
                [1.000027, -4e-06, 2e-06, 0.0, -4e-06, -0.593543, 0.804848, 0.37472, -2e-06, -0.804848, -0.59356, 0.0, 0.0, 0.0, 0.0, 1.0],
                [1.000033, 4e-06, 2e-06, 0.0, -4e-06, 1.000025, 0.00534, 0.37472, -2e-06, -0.00534, 1.000021, -0.0, 0.0, 0.0, 0.0, 1.0],
                [1.000032, 4e-06, 2e-06, -0.0, -4e-06, 1.000028, 0.005298, 0.37472, -3e-06, -0.005298, 1.000018, 0.0, 0.0, 0.0, 0.0, 1.0],
                [1.000033, -2e-06, 4e-06, 0.0, -4e-06, 0.031364, 0.999548, 0.37472, -2e-06, -0.999541, 0.031364, -0.0, 0.0, 0.0, 0.0, 1.0],
                [1.000032, -3e-06, 3e-06, -0.0, -4e-06, -0.173735, 0.984833, 0.37472, -2e-06, -0.984826, -0.173737, 0.0, 0.0, 0.0, 0.0, 1.0],
                [1.000033, -2e-06, 4e-06, -0.0, -4e-06, 0.047363, 0.998918, 0.37472, -2e-06, -0.998911, 0.047363, -0.0, 0.0, 0.0, 0.0, 1.0],
                [1.000032, -1e-06, 5e-06, -0.0, -4e-06, 0.279479, 0.96019, 0.37472, -2e-06, -0.96019, 0.27948, -0.0, 0.0, 0.0, 0.0, 1.0],
                [1.000032, 4e-06, 2e-06, -0.0, -4e-06, 1.000024, 0.005081, 0.37472, -3e-06, -0.005082, 1.000024, -0.0, 0.0, 0.0, 0.0, 1.0],
                [1.000033, -3e-06, 3e-06, 0.0, -4e-06, -0.257234, 0.966386, 0.374721, -2e-06, -0.966389, -0.257233, 0.0, 0.0, 0.0, 0.0, 1.0],
                [1.000033, -0.0, 5e-06, 0.0, -4e-06, 0.488291, 0.872721, 0.37472, -2e-06, -0.872725, 0.488289, 0.0, 0.0, 0.0, 0.0, 1.0],
                [1.000033, 3e-06, 4e-06, 0.0, -4e-06, 0.898891, 0.438255, 0.37472, -2e-06, -0.438257, 0.898888, 0.0, 0.0, 0.0, 0.0, 1.0],
                [1.000033, 0.0, 5e-06, 0.0, -4e-06, 0.568101, 0.823, 0.37472, -2e-06, -0.823004, 0.5681, -0.0, 0.0, 0.0, 0.0, 1.0],
                [1.000033, -3e-06, 4e-06, 0.0, -4e-06, -0.024394, 0.999733, 0.37472, -2e-06, -0.999738, -0.024394, 0.0, 0.0, 0.0, 0.0, 1.0],
                [1.000027, -2e-06, 4e-06, -0.0, -4e-06, 0.171884, 0.985143, 0.37472, -3e-06, -0.985146, 0.171884, -0.0, 0.0, 0.0, 0.0, 1.0],
                [1.00002, -1e-06, 5e-06, -0.0, -4e-06, 0.36653, 0.930427, 0.37472, -3e-06, -0.930429, 0.366529, 0.0, 0.0, 0.0, 0.0, 1.0],
                [1.000013, 2e-06, 4e-06, 0.0, -4e-06, 0.779889, 0.62594, 0.37472, -2e-06, -0.62594, 0.779888, -1e-06, 0.0, 0.0, 0.0, 1.0],
                [1.0, 3e-06, 4e-06, 0.0, -4e-06, 0.928544, 0.371225, 0.37472, -3e-06, -0.371223, 0.928543, 0.0, 0.0, 0.0, 0.0, 1.0]
            ]
        },
        {
            "name": "Knee_R",
            "time": [0.0, 0.1, 0.1167, 0.1333, 0.15, 0.2, 0.2167, 0.2333, 0.25, 0.2667, 0.2833, 0.3167, 0.3667, 0.4833, 0.5333, 0.6333, 0.7333, 0.8333, 0.9333, 1.1333],
            "transform": [
                [1.0, 2e-06, -4e-06, 0.0, -4e-06, 3e-06, -1.0, 0.371578, -2e-06, 1.0, 3e-06, -0.0, 0.0, 0.0, 0.0, 1.0],
                [1.0, 2e-06, -4e-06, -0.0, -4e-06, 3e-06, -1.0, 0.371578, -2e-06, 1.0, 3e-06, 0.0, 0.0, 0.0, 0.0, 1.0],
                [1.0, 2e-06, -4e-06, -0.0, -4e-06, 3e-06, -1.0, 0.371578, -2e-06, 1.0, 3e-06, 0.0, 0.0, 0.0, 0.0, 1.0],
                [1.0, 2e-06, -4e-06, -0.0, -4e-06, 3e-06, -1.0, 0.371579, -2e-06, 1.0, 3e-06, 0.0, 0.0, 0.0, 0.0, 1.0],
                [1.0, 2e-06, -4e-06, -0.0, -4e-06, 3e-06, -1.0, 0.371578, -2e-06, 1.0, 3e-06, -0.0, 0.0, 0.0, 0.0, 1.0],
                [1.0, 2e-06, -4e-06, -0.0, -4e-06, 3e-06, -1.0, 0.371578, -2e-06, 1.0, 3e-06, 0.0, 0.0, 0.0, 0.0, 1.0],
                [1.0, 2e-06, -4e-06, 0.0, -4e-06, 3e-06, -1.0, 0.371578, -2e-06, 1.0, 3e-06, -0.0, 0.0, 0.0, 0.0, 1.0],
                [1.0, 2e-06, -4e-06, 0.0, -4e-06, 3e-06, -1.0, 0.371578, -2e-06, 1.0, 3e-06, 0.0, 0.0, 0.0, 0.0, 1.0],
                [1.0, 2e-06, -4e-06, 0.0, -4e-06, 3e-06, -1.0, 0.371578, -2e-06, 1.0, 3e-06, 0.0, 0.0, 0.0, 0.0, 1.0],
                [1.0, 2e-06, -4e-06, -0.0, -4e-06, 3e-06, -1.0, 0.371578, -2e-06, 1.0, 3e-06, -0.0, 0.0, 0.0, 0.0, 1.0],
                [1.0, 2e-06, -4e-06, -0.0, -4e-06, 3e-06, -1.0, 0.371578, -2e-06, 1.0, 3e-06, 0.0, 0.0, 0.0, 0.0, 1.0],
                [1.0, 2e-06, -4e-06, -0.0, -4e-06, 3e-06, -1.0, 0.371579, -2e-06, 1.0, 3e-06, 0.0, 0.0, 0.0, 0.0, 1.0],
                [1.0, 2e-06, -4e-06, 0.0, -4e-06, 3e-06, -1.0, 0.371578, -2e-06, 1.0, 3e-06, -0.0, 0.0, 0.0, 0.0, 1.0],
                [1.0, 2e-06, -4e-06, 0.0, -4e-06, 3e-06, -1.0, 0.371578, -2e-06, 1.0, 3e-06, 0.0, 0.0, 0.0, 0.0, 1.0],
                [1.0, 2e-06, -4e-06, 0.0, -4e-06, 3e-06, -1.0, 0.371578, -2e-06, 1.0, 3e-06, -0.0, 0.0, 0.0, 0.0, 1.0],
                [1.0, 2e-06, -4e-06, -0.0, -4e-06, 3e-06, -1.0, 0.371578, -2e-06, 1.0, 3e-06, -0.0, 0.0, 0.0, 0.0, 1.0],
                [1.0, 2e-06, -4e-06, 0.0, -4e-06, 3e-06, -1.0, 0.371858, -2e-06, 1.0, 3e-06, -0.0, 0.0, 0.0, 0.0, 1.0],
                [1.0, 2e-06, -4e-06, -0.0, -4e-06, 3e-06, -1.0, 0.372676, -2e-06, 1.0, 3e-06, -0.0, 0.0, 0.0, 0.0, 1.0],
                [1.0, 2e-06, -4e-06, 0.0, -4e-06, 3e-06, -1.0, 0.373581, -2e-06, 1.0, 3e-06, -1e-06, 0.0, 0.0, 0.0, 1.0],
                [1.0, 2e-06, -4e-06, 0.0, -4e-06, 3e-06, -1.0, 0.37472, -2e-06, 1.0, 3e-06, 0.0, 0.0, 0.0, 0.0, 1.0]
            ]
        },
        {
            "name": "Thigh_L",
            "time": [0.0, 0.1, 0.1167, 0.1333, 0.15, 0.2, 0.2167, 0.2333, 0.25, 0.2667, 0.2833, 0.3167, 0.3667, 0.4833, 0.5333, 0.6333, 0.7333, 0.8333, 0.9333, 1.1333],
            "transform": [
                [0.996885, 0.076792, -0.013539, -0.124548, 0.074547, -0.887614, 0.454338, -0.013525, 0.022874, -0.453964, -0.890634, -8.5e-05, 0.0, 0.0, 0.0, 1.0],
                [0.85895, -0.494367, 0.132894, -0.124777, -0.506812, -0.78462, 0.356872, -0.008178, -0.072161, -0.373914, -0.924564, -4.9e-05, 0.0, 0.0, 0.0, 1.0],
                [0.860431, -0.50816, 0.035879, -0.124834, -0.501807, -0.833304, 0.231599, -0.006841, -0.087799, -0.217294, -0.972065, -3.9e-05, 0.0, 0.0, 0.0, 1.0],
                [0.869267, -0.471114, -0.149272, -0.124891, -0.484918, -0.871356, -0.073736, -0.005504, -0.09534, 0.136491, -0.98596, -3e-05, 0.0, 0.0, 0.0, 1.0],
                [0.748226, -0.655905, 0.098987, -0.124949, -0.661537, -0.748821, 0.038517, -0.004167, 0.048864, -0.09431, -0.994261, -2.1e-05, 0.0, 0.0, 0.0, 1.0],
                [0.830379, -0.469983, 0.299067, -0.125006, -0.55005, -0.776707, 0.306622, -0.00283, 0.088188, -0.419144, -0.903536, -1.2e-05, 0.0, 0.0, 0.0, 1.0],
                [0.822376, -0.491857, 0.285706, -0.125006, -0.55778, -0.795778, 0.235509, -0.002831, 0.111532, -0.353063, -0.92884, -1.2e-05, 0.0, 0.0, 0.0, 1.0],
                [0.776956, -0.281606, 0.562928, -0.125006, -0.252689, -0.958585, -0.130779, -0.002831, 0.576496, -0.040639, -0.815993, -1.2e-05, 0.0, 0.0, 0.0, 1.0],
                [0.982485, -0.182634, -0.035053, -0.125006, -0.143827, -0.865694, 0.479299, -0.00283, -0.117893, -0.465896, -0.876858, -1.2e-05, 0.0, 0.0, 0.0, 1.0],
                [0.938683, 0.191824, 0.286242, -0.125006, -0.035278, -0.772785, 0.63356, -0.00283, 0.342767, -0.604854, -0.718682, -1.2e-05, 0.0, 0.0, 0.0, 1.0],
                [0.99814, 0.059788, -0.000374, -0.125006, 0.015903, -0.259439, 0.965544, -0.00283, 0.057636, -0.963825, -0.259925, -1.2e-05, 0.0, 0.0, 0.0, 1.0],
                [0.853479, -0.450484, 0.261706, -0.125006, -0.273959, -0.815299, -0.509976, -0.002831, 0.443144, 0.363584, -0.819311, -1.2e-05, 0.0, 0.0, 0.0, 1.0],
                [0.773361, -0.487571, 0.405015, -0.125006, -0.480602, -0.867633, -0.126809, -0.00283, 0.41327, -0.096589, -0.905383, -1.2e-05, 0.0, 0.0, 0.0, 1.0],
                [0.898247, -0.159519, 0.40934, -0.125006, -0.38454, -0.736035, 0.556979, -0.00283, 0.212458, -0.657761, -0.722532, -1.2e-05, 0.0, 0.0, 0.0, 1.0],
                [0.889399, -0.063985, 0.452469, -0.125006, -0.449474, -0.301145, 0.840907, -0.002831, 0.08246, -0.951346, -0.296618, -1.2e-05, 0.0, 0.0, 0.0, 1.0],
                [0.984629, -0.057587, -0.164457, -0.125006, 0.172623, 0.193726, 0.965665, -0.002831, -0.023752, -0.979284, 0.200702, -1.2e-05, 0.0, 0.0, 0.0, 1.0],
                [0.98389, 0.111763, -0.139067, -0.125006, 0.173755, -0.423299, 0.889087, -0.002831, 0.040504, -0.898989, -0.435926, -1.2e-05, 0.0, 0.0, 0.0, 1.0],
                [0.995038, 0.04238, 0.089512, -0.125006, -0.052474, -0.54089, 0.839387, -0.002831, 0.083995, -0.839959, -0.536006, -1.2e-05, 0.0, 0.0, 0.0, 1.0],
                [0.976829, -0.019602, 0.213002, -0.125006, -0.16538, -0.700742, 0.693928, -0.00283, 0.135664, -0.713094, -0.687763, -1.2e-05, 0.0, 0.0, 0.0, 1.0],
                [0.953455, -0.102801, 0.283471, -0.125006, -0.173768, -0.955607, 0.237902, -0.00283, 0.246437, -0.276086, -0.928989, -1.2e-05, 0.0, 0.0, 0.0, 1.0]
            ]
        },
        {
            "name": "Leg_L",
            "time": [0.0, 0.1, 0.1167, 0.1333, 0.15, 0.2, 0.2167, 0.2333, 0.25, 0.2667, 0.2833, 0.3167, 0.3667, 0.4833, 0.5333, 0.6333, 0.7333, 0.8333, 0.9333, 1.1333],
            "transform": [
                [1.000075, -1e-06, 1e-06, -0.0, -1e-06, -0.115806, 0.993335, 0.37472, -1e-06, -0.99334, -0.115806, 0.0, 0.0, 0.0, 0.0, 1.0],
                [1.000072, -1e-06, 1e-06, 0.0, -1e-06, 0.011702, 0.999999, 0.37472, -1e-06, -0.999995, 0.011702, 0.0, 0.0, 0.0, 0.0, 1.0],
                [1.00007, -0.0, 1e-06, -0.0, -1e-06, 0.444849, 0.905891, 0.37472, -1e-06, -0.951187, 0.423666, -0.0, 0.0, 0.0, 0.0, 1.0],
                [1.00007, 1e-06, 1e-06, -0.0, -1e-06, 1.014683, 0.386319, 0.37472, -1e-06, -0.424954, 0.922436, 0.0, 0.0, 0.0, 0.0, 1.0],
                [1.000061, 1e-06, 1e-06, -0.0, -1e-06, 1.000094, 3e-06, 0.37472, -1e-06, -3e-06, 1.000062, 0.0, 0.0, 0.0, 0.0, 1.0],
                [1.00006, -1e-06, 2e-06, 0.0, -1e-06, 0.211959, 0.977344, 0.37472, -1e-06, -0.977386, 0.211951, -0.0, 0.0, 0.0, 0.0, 1.0],
                [1.00006, -1e-06, 1e-06, -0.0, -1e-06, 0.180537, 0.983648, 0.37472, -1e-06, -0.983656, 0.180537, 0.0, 0.0, 0.0, 0.0, 1.0],
                [1.000059, -0.0, 1e-06, -0.0, -1e-06, 0.449116, 0.893563, 0.37472, -1e-06, -0.89357, 0.449113, -0.0, 0.0, 0.0, 0.0, 1.0],
                [1.00006, -1e-06, 1e-06, -0.0, -1e-06, -0.231053, 0.973022, 0.37472, -1e-06, -0.97303, -0.231052, -0.0, 0.0, 0.0, 0.0, 1.0],
                [1.000061, -1e-06, 1e-06, 0.0, -1e-06, 0.145252, 0.989476, 0.37472, -1e-06, -0.989479, 0.145252, -0.0, 0.0, 0.0, 0.0, 1.0],
                [1.000061, -1e-06, 1e-06, 0.0, -1e-06, 0.038252, 0.99935, 0.37472, -1e-06, -0.99935, 0.038252, -0.0, 0.0, 0.0, 0.0, 1.0],
                [1.000062, 1e-06, 1e-06, -0.0, -1e-06, 1.000063, 0.005163, 0.37472, -1e-06, -0.005163, 1.000074, -0.0, 0.0, 0.0, 0.0, 1.0],
                [1.000062, 1e-06, 1e-06, 0.0, -1e-06, 0.8313, 0.555964, 0.37472, -1e-06, -0.555962, 0.831307, -0.0, 0.0, 0.0, 0.0, 1.0],
                [1.000062, -1e-06, 1e-06, -0.0, -1e-06, 0.184491, 0.982917, 0.37472, -1e-06, -0.982914, 0.184493, 0.0, 0.0, 0.0, 0.0, 1.0],
                [1.000063, -1e-06, 1e-06, 0.0, -1e-06, -0.292695, 0.956291, 0.37472, -1e-06, -0.956288, -0.292698, -0.0, 0.0, 0.0, 0.0, 1.0],
                [1.000064, -1e-06, 1e-06, -0.0, -1e-06, -0.415172, 0.90983, 0.37472, -1e-06, -0.909828, -0.415175, 0.0, 0.0, 0.0, 0.0, 1.0],
                [1.00006, -1e-06, 1e-06, -0.0, -1e-06, 0.364287, 0.931366, 0.37472, -1e-06, -0.931365, 0.36429, 0.0, 0.0, 0.0, 0.0, 1.0],
                [1.000042, -0.0, 1e-06, 0.0, -1e-06, 0.410776, 0.911798, 0.37472, -1e-06, -0.911797, 0.410778, 0.0, 0.0, 0.0, 0.0, 1.0],
                [1.000023, -0.0, 2e-06, 0.0, -1e-06, 0.522897, 0.852438, 0.37472, -1e-06, -0.852438, 0.522898, 0.0, 0.0, 0.0, 0.0, 1.0],
                [0.999999, 1e-06, 1e-06, 0.0, -1e-06, 0.909779, 0.415122, 0.37472, -1e-06, -0.415122, 0.909779, 0.0, 0.0, 0.0, 0.0, 1.0]
            ]
        },
        {
            "name": "Knee_L",
            "time": [0.0, 0.1, 0.1167, 0.1333, 0.15, 0.2, 0.2167, 0.2333, 0.25, 0.2667, 0.2833, 0.3167, 0.3667, 0.4833, 0.5333, 0.6333, 0.7333, 0.8333, 0.9333, 1.1333],
            "transform": [
                [1.0, 1e-06, -1e-06, 0.0, -1e-06, 0.746927, -0.664905, 0.404238, -0.0, 0.664906, 0.746928, -0.0, 0.0, 0.0, 0.0, 1.0],
                [1.0, 1e-06, -1e-06, 0.0, -1e-06, 0.702958, -0.71123, 0.404238, -0.0, 0.711231, 0.702959, -0.0, 0.0, 0.0, 0.0, 1.0],
                [1.0, 1e-06, -1e-06, 0.0, -1e-06, 0.536826, -0.843693, 0.404238, -0.0, 0.843694, 0.536826, -0.0, 0.0, 0.0, 0.0, 1.0],
                [1.0, 1e-06, -1e-06, 0.0, -2e-06, 0.19701, -0.980402, 0.404238, -0.0, 0.980402, 0.19701, -0.0, 0.0, 0.0, 0.0, 1.0],
                [1.0, 0.0, -1e-06, 0.0, -1e-06, 3e-06, -1.0, 0.404238, -0.0, 1.0, 3e-06, -0.0, 0.0, 0.0, 0.0, 1.0],
                [1.0, 1e-06, -1e-06, 0.0, -1e-06, 0.62772, -0.778438, 0.404238, -0.0, 0.77844, 0.627721, -0.0, 0.0, 0.0, 0.0, 1.0],
                [1.0, 1e-06, -1e-06, -0.0, -1e-06, 0.640109, -0.768283, 0.404238, -0.0, 0.768284, 0.64011, 0.0, 0.0, 0.0, 0.0, 1.0],
                [1.0, 1e-06, -1e-06, 0.0, -1e-06, 0.524845, -0.851197, 0.404238, -0.0, 0.851198, 0.524845, -0.0, 0.0, 0.0, 0.0, 1.0],
                [1.0, 1e-06, -0.0, 0.0, -1e-06, 0.784549, -0.620066, 0.404238, -0.0, 0.620067, 0.78455, -0.0, 0.0, 0.0, 0.0, 1.0],
                [1.0, 1e-06, -1e-06, 0.0, -1e-06, 0.653743, -0.756715, 0.404238, -0.0, 0.756717, 0.653745, 0.0, 0.0, 0.0, 0.0, 1.0],
                [1.0, 1e-06, -1e-06, 0.0, -1e-06, 0.693452, -0.720501, 0.404238, -0.0, 0.720503, 0.693454, 0.0, 0.0, 0.0, 0.0, 1.0],
                [1.0, 1e-06, -2e-06, -0.0, -1e-06, 0.002581, -0.999996, 0.404238, -1e-06, 0.999996, 0.002581, -0.0, 0.0, 0.0, 0.0, 1.0],
                [1.0, 1e-06, -1e-06, 0.0, -1e-06, 0.290486, -0.956879, 0.404238, -0.0, 0.956879, 0.290486, 0.0, 0.0, 0.0, 0.0, 1.0],
                [1.0, 1e-06, -1e-06, -0.0, -1e-06, 0.638563, -0.769569, 0.404238, -0.0, 0.76957, 0.638564, -0.0, 0.0, 0.0, 0.0, 1.0],
                [1.0, 1e-06, -0.0, 0.0, -1e-06, 0.80395, -0.594694, 0.404238, -0.0, 0.594697, 0.803954, 0.0, 0.0, 0.0, 0.0, 1.0],
                [1.0, 1e-06, -0.0, -0.0, -1e-06, 0.841171, -0.540766, 0.404238, -0.0, 0.540768, 0.841175, -0.0, 0.0, 0.0, 0.0, 1.0],
                [1.0, 1e-06, -1e-06, -0.0, -1e-06, 0.563799, -0.82591, 0.401614, -0.0, 0.825912, 0.5638, -0.0, 0.0, 0.0, 0.0, 1.0],
                [1.0, 1e-06, -1e-06, 0.0, -1e-06, 0.542793, -0.839866, 0.393922, -0.0, 0.839867, 0.542794, 0.0, 0.0, 0.0, 0.0, 1.0],
                [1.0, 1e-06, -1e-06, 0.0, -1e-06, 0.488428, -0.872604, 0.38543, -0.0, 0.872605, 0.488428, -0.0, 0.0, 0.0, 0.0, 1.0],
                [1.0, 1e-06, -1e-06, 0.0, -1e-06, 0.212407, -0.977181, 0.37472, -1e-06, 0.977181, 0.212407, 0.0, 0.0, 0.0, 0.0, 1.0]
            ]
        },
        {
            "name": "Torso",
            "time": [0.0, 0.1, 0.1167, 0.1333, 0.15, 0.2, 0.2167, 0.2333, 0.25, 0.2667, 0.2833, 0.3167, 0.3667, 0.4833, 0.5333, 0.6333, 0.7333, 0.8333, 0.9333, 1.1333],
            "transform": [
                [0.99958, 0.02886, -0.00252, -0.0, -0.02886, 0.984451, -0.173269, 0.05, -0.00252, 0.173269, 0.984871, -0.0, 0.0, 0.0, 0.0, 1.0],
                [0.998728, 0.048134, 0.015016, 0.0, -0.044182, 0.97892, -0.19941, 0.05, -0.024298, 0.198493, 0.979801, 0.0, 0.0, 0.0, 0.0, 1.0],
                [0.989514, 0.142738, 0.022104, 0.0, -0.137257, 0.97689, -0.163852, 0.05, -0.044981, 0.159099, 0.986237, -0.0, 0.0, 0.0, 0.0, 1.0],
                [0.971202, 0.236014, 0.032626, 0.0, -0.230087, 0.964613, -0.128772, 0.05, -0.061863, 0.117557, 0.991137, 0.0, 0.0, 0.0, 0.0, 1.0],
                [0.998747, -0.013057, -0.048302, 0.0, 0.015085, 0.99901, 0.041858, 0.05, 0.047708, -0.042535, 0.997955, -0.0, 0.0, 0.0, 0.0, 1.0],
                [0.993655, 0.09633, -0.058053, -0.0, -0.084709, 0.980535, 0.17713, 0.05, 0.073985, -0.171089, 0.982474, 0.0, 0.0, 0.0, 0.0, 1.0],
                [0.985872, 0.161355, -0.044954, 0.0, -0.148443, 0.96598, 0.211771, 0.05, 0.077595, -0.202106, 0.976285, -0.0, 0.0, 0.0, 0.0, 1.0],
                [0.985872, 0.161355, -0.044954, -0.0, -0.148443, 0.96598, 0.211771, 0.05, 0.077595, -0.202106, 0.976285, -0.0, 0.0, 0.0, 0.0, 1.0],
                [0.985872, 0.161355, -0.044954, 0.0, -0.148443, 0.96598, 0.211771, 0.05, 0.077595, -0.202106, 0.976285, 0.0, 0.0, 0.0, 0.0, 1.0],
                [0.991475, 0.115451, -0.060405, -0.0, -0.11823, 0.991982, -0.044645, 0.05, 0.054766, 0.051406, 0.997175, 0.0, 0.0, 0.0, 0.0, 1.0],
                [0.993059, 0.099419, -0.062844, -0.0, -0.106932, 0.985679, -0.130393, 0.05, 0.04898, 0.136208, 0.989469, 0.0, 0.0, 0.0, 0.0, 1.0],
                [0.990628, 0.135732, 0.015231, 0.0, -0.136579, 0.985403, 0.101621, 0.05, -0.001216, -0.102749, 0.994707, -0.0, 0.0, 0.0, 0.0, 1.0],
                [0.996828, 0.079043, 0.009277, -0.0, -0.079525, 0.993825, 0.077388, 0.05, -0.003103, -0.07788, 0.996958, 0.0, 0.0, 0.0, 0.0, 1.0],
                [0.999329, 0.036177, 0.005722, -0.0, -0.036452, 0.997596, 0.058943, 0.05, -0.003576, -0.059112, 0.998245, -0.0, 0.0, 0.0, 0.0, 1.0],
                [0.999972, -0.006831, 0.002964, 0.0, 0.006706, 0.999164, 0.040335, 0.05, -0.003237, -0.040314, 0.999182, -0.0, 0.0, 0.0, 0.0, 1.0],
                [0.996612, 0.080889, 0.014879, -0.0, -0.080991, 0.996695, 0.006378, 0.05, -0.014314, -0.007562, 0.999869, -0.0, 0.0, 0.0, 0.0, 1.0],
                [0.975842, 0.208544, 0.065137, 0.0, -0.216757, 0.961482, 0.169023, 0.05, -0.027379, -0.179059, 0.983458, -0.0, 0.0, 0.0, 0.0, 1.0],
                [0.99284, 0.096914, 0.069826, 0.0, -0.113006, 0.95148, 0.286208, 0.05, -0.038701, -0.29205, 0.95562, -0.0, 0.0, 0.0, 0.0, 1.0],
                [0.998219, -0.037827, 0.046135, -0.0, 0.025015, 0.967414, 0.251963, 0.05, -0.054163, -0.25036, 0.966637, 0.0, 0.0, 0.0, 0.0, 1.0],
                [0.997552, -0.046847, 0.051921, 0.0, 0.047369, 0.998838, -0.008861, 0.05, -0.051445, 0.011298, 0.998612, 0.0, 0.0, 0.0, 0.0, 1.0]
            ]
        },
        {
            "name": "Chest",
            "time": [0.0, 0.1, 0.1167, 0.1333, 0.15, 0.2, 0.2167, 0.2333, 0.25, 0.2667, 0.2833, 0.3167, 0.3667, 0.4833, 0.5333, 0.6333, 0.7333, 0.8333, 0.9333, 1.1333],
            "transform": [
                [0.965926, -1e-06, 0.25882, 0.0, -0.053977, 0.978011, 0.201449, 0.3, -0.253129, -0.208555, 0.944686, 0.0, 0.0, 0.0, 0.0, 1.0],
                [0.413576, -0.448756, 0.792195, 0.0, -0.087007, 0.846632, 0.525017, 0.3, -0.906303, -0.286061, 0.311102, 0.0, 0.0, 0.0, 0.0, 1.0],
                [0.429121, -0.512424, 0.743825, -0.0, 0.091548, 0.843935, 0.528576, 0.3, -0.898596, -0.158727, 0.409062, 0.0, 0.0, 0.0, 0.0, 1.0],
                [0.430001, -0.578341, 0.693268, -0.0, 0.270674, 0.815144, 0.512128, 0.3, -0.861298, -0.032566, 0.507054, -0.0, 0.0, 0.0, 0.0, 1.0],
                [0.743587, -0.301077, 0.597019, -0.0, 0.253073, 0.953188, 0.165491, 0.3, -0.618896, 0.028032, 0.784973, -0.0, 0.0, 0.0, 0.0, 1.0],
                [0.785261, -0.078015, 0.61423, 0.0, 0.14326, 0.988004, -0.057662, 0.3, -0.602363, 0.133274, 0.787018, -0.0, 0.0, 0.0, 0.0, 1.0],
                [0.786749, -0.002262, 0.617269, 0.0, 0.05785, 0.995862, -0.070084, 0.3, -0.614556, 0.090847, 0.783625, 0.0, 0.0, 0.0, 0.0, 1.0],
                [0.814056, -0.004621, -0.580769, -0.0, -0.051519, 0.995452, -0.080134, 0.3, 0.578498, 0.095154, 0.810115, 0.0, 0.0, 0.0, 0.0, 1.0],
                [0.982964, -0.008791, -0.183588, -0.0, -0.009445, 0.995119, -0.098225, 0.3, 0.183556, 0.098285, 0.978084, -0.0, 0.0, 0.0, 0.0, 1.0],
                [0.973619, 0.008937, -0.228003, 0.0, -0.020347, 0.998653, -0.04774, 0.3, 0.227269, 0.05112, 0.972489, 0.0, 0.0, 0.0, 0.0, 1.0],
                [0.997981, 0.008154, -0.062991, -0.0, -0.010462, 0.999283, -0.036399, 0.3, 0.062649, 0.036985, 0.99735, -0.0, 0.0, 0.0, 0.0, 1.0],
                [0.965926, -1e-06, 0.25882, 0.0, 0.002783, 0.999942, -0.010381, 0.3, -0.258805, 0.010748, 0.96587, -0.0, 0.0, 0.0, 0.0, 1.0],
                [0.986628, -5e-06, 0.162988, -0.0, 0.001752, 0.999942, -0.010574, 0.3, -0.162979, 0.010718, 0.986571, 0.0, 0.0, 0.0, 0.0, 1.0],
                [0.995969, -7e-06, 0.089698, 0.0, 0.000966, 0.999943, -0.010653, 0.3, -0.089693, 0.010696, 0.995912, -0.0, 0.0, 0.0, 0.0, 1.0],
                [0.999874, -6e-06, 0.015851, 0.0, 0.000176, 0.999943, -0.010673, 0.3, -0.01585, 0.010674, 0.999817, 0.0, 0.0, 0.0, 0.0, 1.0],
                [0.991369, -1e-06, -0.1311, 0.0, -0.001393, 0.999944, -0.010538, 0.3, 0.131093, 0.01063, 0.991313, -0.0, 0.0, 0.0, 0.0, 1.0],
                [0.978561, 0.003467, -0.20593, 0.0, -0.005077, 0.999961, -0.007294, 0.3, 0.205896, 0.008183, 0.97854, -0.0, 0.0, 0.0, 0.0, 1.0],
                [0.960009, 0.007126, -0.279881, -0.0, -0.00852, 0.999957, -0.003764, 0.3, 0.279842, 0.005998, 0.960027, 0.0, 0.0, 0.0, 0.0, 1.0],
                [0.935825, 0.010947, -0.352295, 0.0, -0.011688, 0.999932, 2.5e-05, 0.3, 0.352271, 0.004094, 0.935889, -0.0, 0.0, 0.0, 0.0, 1.0],
                [0.871504, 0.018937, -0.490023, 0.0, -0.017094, 0.99982, 0.008238, 0.3, 0.490091, 0.001197, 0.871671, -0.0, 0.0, 0.0, 0.0, 1.0]
            ]
        },
        {
            "name": "Head",
            "time": [0.0, 0.1, 0.1167, 0.1333, 0.15, 0.2, 0.2167, 0.2333, 0.25, 0.2667, 0.2833, 0.3167, 0.3667, 0.4833, 0.5333, 0.6333, 0.7333, 0.8333, 0.9333, 1.1333],
            "transform": [
                [0.821317, -0.318434, -0.473327, 0.0, 0.299369, 0.946869, -0.117547, 0.4, 0.485609, -0.045156, 0.873008, 0.0, 0.0, 0.0, 0.0, 1.0],
                [-0.745299, -0.016646, -0.666523, 0.0, -0.173561, 0.970067, 0.169847, 0.4, 0.643744, 0.242269, -0.725878, -0.0, 0.0, 0.0, 0.0, 1.0],
                [-0.762169, 0.030469, -0.64666, 0.0, -0.073168, 0.988437, 0.132811, 0.4, 0.643229, 0.148539, -0.751127, -0.0, 0.0, 0.0, 0.0, 1.0],
                [-0.730909, 0.063442, -0.679519, 0.0, 0.007621, 0.996367, 0.084826, 0.4, 0.682432, 0.056822, -0.728737, -0.0, 0.0, 0.0, 0.0, 1.0],
                [-0.381331, -0.102336, -0.918757, -0.0, -0.129327, 0.989986, -0.056593, 0.4, 0.915348, 0.097239, -0.390747, -0.0, 0.0, 0.0, 0.0, 1.0],
                [-0.257892, -0.427186, -0.866605, -0.0, -0.06398, 0.902527, -0.425853, 0.4, 0.964053, -0.054378, -0.260086, 0.0, 0.0, 0.0, 0.0, 1.0],
                [0.023615, -0.544231, -0.838603, -0.0, -0.003601, 0.838785, -0.544451, 0.400001, 0.999714, 0.015877, 0.017848, 0.0, 0.0, 0.0, 0.0, 1.0],
                [0.98366, -0.108346, -0.143783, -0.0, 0.01375, 0.84152, -0.540051, 0.400001, 0.179509, 0.52925, 0.829259, 0.0, 0.0, 0.0, 0.0, 1.0],
                [0.899893, 0.050835, 0.433137, 0.0, 0.162274, 0.882836, -0.440758, 0.4, -0.404795, 0.466923, 0.786208, -0.0, 0.0, 0.0, 0.0, 1.0],
                [0.992238, -0.088223, 0.087633, -0.0, 0.110377, 0.94943, -0.293938, 0.400001, -0.057269, 0.301329, 0.951799, 0.0, 0.0, 0.0, 0.0, 1.0],
                [0.995246, -0.095146, -0.020794, -0.0, 0.088683, 0.973606, -0.210302, 0.400001, 0.040255, 0.207458, 0.977415, -0.0, 0.0, 0.0, 0.0, 1.0],
                [0.497739, -0.419976, -0.758865, -0.0, -0.022185, 0.868496, -0.495199, 0.4, 0.867043, 0.263315, 0.422967, 0.0, 0.0, 0.0, 0.0, 1.0],
                [0.435676, -0.363588, -0.823402, -0.0, -0.072017, 0.897772, -0.434533, 0.4, 0.897218, 0.248614, 0.364953, -0.0, 0.0, 0.0, 0.0, 1.0],
                [0.376613, -0.321133, -0.868928, -0.0, -0.095609, 0.919509, -0.381265, 0.4, 0.921423, 0.226667, 0.315595, -0.0, 0.0, 0.0, 0.0, 1.0],
                [0.30868, -0.154089, -0.938602, -0.0, -0.124586, 0.971739, -0.200502, 0.400001, 0.942971, 0.178828, 0.280759, -0.0, 0.0, 0.0, 0.0, 1.0],
                [0.150124, -0.145823, -0.977854, 0.0, -0.075655, 0.984468, -0.158424, 0.400001, 0.985768, 0.097763, 0.13676, -0.0, 0.0, 0.0, 0.0, 1.0],
                [0.661907, -0.073031, -0.74602, 0.0, -0.118827, 0.972435, -0.200625, 0.4, 0.740108, 0.221442, 0.634983, 0.0, 0.0, 0.0, 0.0, 1.0],
                [0.95292, 0.054957, -0.298199, -0.0, -0.126905, 0.965448, -0.227607, 0.400001, 0.275387, 0.254734, 0.926969, 0.0, 0.0, 0.0, 0.0, 1.0],
                [0.973214, 0.133603, 0.187094, 0.0, -0.106275, 0.98308, -0.149198, 0.400001, -0.203862, 0.125318, 0.970946, 0.0, 0.0, 0.0, 0.0, 1.0],
                [0.596454, -0.083429, 0.7983, -0.0, -0.041291, 0.990077, 0.134323, 0.400001, -0.801585, -0.11308, 0.58709, -0.0, 0.0, 0.0, 0.0, 1.0]
            ]
        },
        {
            "name": "Shoulder_R",
            "time": [0.0, 0.1, 0.1167, 0.1333, 0.15, 0.2, 0.2167, 0.2333, 0.25, 0.2667, 0.2833, 0.3167, 0.3667, 0.4833, 0.5333, 0.6333, 0.7167, 0.7333, 0.8333, 0.9333, 1.1333],
            "transform": [
                [0.482982, 0.800113, 0.355737, 0.0, -0.129339, -0.336619, 0.932716, 0.4, 0.866025, -0.496495, -0.059095, 0.0, 0.0, 0.0, 0.0, 1.0],
                [-0.058387, 0.937866, 0.34205, 0.0, 0.015632, -0.341733, 0.939667, 0.4, 0.998171, 0.060212, 0.005292, -0.0, 0.0, 0.0, 0.0, 1.0],
                [0.463059, 0.805027, 0.37082, 0.0, -0.124004, -0.35542, 0.926445, 0.4, 0.87761, -0.474982, -0.064753, -0.0, 0.0, 0.0, 0.0, 1.0],
                [0.482982, 0.801191, 0.353301, 0.0, -0.129339, -0.33378, 0.933736, 0.4, 0.866025, -0.496673, -0.057584, -0.0, 0.0, 0.0, 0.0, 1.0],
                [-0.166046, 0.943998, 0.285126, -0.0, 0.044462, -0.281678, 0.958478, 0.4, 0.985115, 0.171829, 0.004799, -0.0, 0.0, 0.0, 0.0, 1.0],
                [-0.200272, 0.942396, 0.267919, -0.0, 0.053627, -0.262505, 0.96344, 0.4, 0.978271, 0.207317, 0.002034, 0.0, 0.0, 0.0, 0.0, 1.0],
                [-0.250011, 0.963793, 0.092722, -0.0, 0.066947, -0.078327, 0.994678, 0.400001, 0.965926, 0.254888, -0.044941, 0.0, 0.0, 0.0, 0.0, 1.0],
                [-0.250011, 0.929565, 0.270932, -0.0, 0.066947, -0.262552, 0.962593, 0.400001, 0.965926, 0.258797, 0.003409, 0.0, 0.0, 0.0, 0.0, 1.0],
                [-0.192571, 0.937989, 0.288258, 0.0, 0.051565, -0.283677, 0.957533, 0.4, 0.979927, 0.199257, 0.00626, -0.0, 0.0, 0.0, 0.0, 1.0],
                [-0.250011, 0.944858, 0.211512, -0.0, 0.066947, -0.201058, 0.977289, 0.400001, 0.965926, 0.258493, -0.012989, 0.0, 0.0, 0.0, 0.0, 1.0],
                [-0.250011, 0.95168, 0.178321, -0.0, 0.066947, -0.166738, 0.983726, 0.400001, 0.965925, 0.25788, -0.022026, -0.0, 0.0, 0.0, 0.0, 1.0],
                [0.129354, 0.987052, 0.09484, -0.0, -0.034642, -0.091087, 0.99524, 0.4, 0.990993, -0.132024, 0.022411, 0.0, 0.0, 0.0, 0.0, 1.0],
                [0.10645, 0.973788, 0.201007, -0.0, -0.028509, -0.199084, 0.979568, 0.4, 0.993909, -0.110006, 0.006569, -0.0, 0.0, 0.0, 0.0, 1.0],
                [0.090262, 0.955805, 0.279799, -0.0, -0.024174, -0.27876, 0.960056, 0.4, 0.995625, -0.09342, -0.002056, -0.0, 0.0, 0.0, 0.0, 1.0],
                [0.075122, 0.931123, 0.356882, -0.0, -0.02012, -0.356405, 0.934115, 0.400001, 0.996971, -0.077353, -0.00804, -0.0, 0.0, 0.0, 0.0, 1.0],
                [0.048587, 0.905166, 0.42227, 0.0, -0.013014, -0.422159, 0.906428, 0.400001, 0.998734, -0.049536, -0.008732, -0.0, 0.0, 0.0, 0.0, 1.0],
                [0.482982, 0.778922, 0.40001, -0.0, -0.129339, -0.388351, 0.912389, 0.4, 0.866025, -0.492404, -0.086821, -0.0, 0.0, 0.0, 0.0, 1.0],
                [0.482982, 0.778922, 0.40001, 0.0, -0.129339, -0.388351, 0.912389, 0.4, 0.866025, -0.492404, -0.086821, 0.0, 0.0, 0.0, 0.0, 1.0],
                [0.027252, 0.905992, 0.422415, -0.0, -0.007301, -0.42238, 0.906389, 0.400001, 0.999602, -0.027785, -0.004896, 0.0, 0.0, 0.0, 0.0, 1.0],
                [0.017539, 0.922699, 0.38512, 0.0, -0.0047, -0.385098, 0.922863, 0.400001, 0.999835, -0.017996, -0.002418, 0.0, 0.0, 0.0, 0.0, 1.0],
                [0.000148, 0.95278, 0.30366, -0.0, -4.3e-05, -0.303659, 0.952781, 0.400001, 1.0, -0.000154, -4e-06, -0.0, 0.0, 0.0, 0.0, 1.0]
            ]
        },
        {
            "name": "Arm_R",
            "time": [0.0, 0.1, 0.1167, 0.1333, 0.15, 0.2, 0.2167, 0.2333, 0.25, 0.2667, 0.2833, 0.3167, 0.3667, 0.4833, 0.5333, 0.6333, 0.7333, 0.8333, 0.9333, 1.1333],
            "transform": [
                [0.189766, -0.966311, -0.173878, -0.0, 0.184031, -0.13895, 0.973049, 0.388213, -0.964428, -0.21665, 0.151463, 0.0, 0.0, 0.0, 0.0, 1.0],
                [0.560924, -0.813615, -0.152956, 0.0, -0.366135, -0.409513, 0.83561, 0.388213, -0.742502, -0.412711, -0.527598, -0.0, 0.0, 0.0, 0.0, 1.0],
                [-0.031113, -0.999421, -0.013762, -0.0, -0.346984, -0.002113, 0.937869, 0.388213, -0.937355, 0.033955, -0.346717, -0.0, 0.0, 0.0, 0.0, 1.0],
                [0.033256, -0.985746, -0.164924, 0.0, -0.290715, -0.167421, 0.942048, 0.388213, -0.956232, 0.016617, -0.292139, 0.0, 0.0, 0.0, 0.0, 1.0],
                [-0.194898, 0.099429, 0.97577, 0.0, 0.16134, 0.984547, -0.068098, 0.388213, -0.967463, 0.144158, -0.207928, -0.0, 0.0, 0.0, 0.0, 1.0],
                [-0.075154, 0.153132, 0.985344, -0.0, 0.671305, 0.738452, -0.063561, 0.388213, -0.737362, 0.656689, -0.158296, -0.0, 0.0, 0.0, 0.0, 1.0],
                [-0.094622, -0.181404, 0.978846, 0.0, 0.727954, 0.658097, 0.192331, 0.388213, -0.679065, 0.730753, 0.069783, -0.0, 0.0, 0.0, 0.0, 1.0],
                [0.625275, 0.728596, -0.279606, 0.0, -0.23835, 0.519457, 0.820581, 0.388213, 0.743115, -0.446444, 0.498464, -0.0, 0.0, 0.0, 0.0, 1.0],
                [0.519949, 0.690584, -0.502739, 0.0, -0.187652, 0.666519, 0.721484, 0.388213, 0.83333, -0.280795, 0.476145, 0.0, 0.0, 0.0, 0.0, 1.0],
                [0.395884, 0.8231, -0.407162, 0.0, -0.116967, 0.484972, 0.866672, 0.388213, 0.91082, -0.295477, 0.288268, -0.0, 0.0, 0.0, 0.0, 1.0],
                [0.264532, 0.854454, -0.447136, 0.0, -0.181653, 0.499502, 0.847054, 0.388213, 0.947114, -0.142849, 0.287348, -0.0, 0.0, 0.0, 0.0, 1.0],
                [0.675477, -0.412237, -0.611384, -0.0, -0.127372, 0.751437, -0.647395, 0.388213, 0.726295, 0.515174, 0.455071, 0.0, 0.0, 0.0, 0.0, 1.0],
                [0.794548, -0.298089, -0.528994, 0.0, -0.082777, 0.809893, -0.580707, 0.388213, 0.601531, 0.505189, 0.618825, -0.0, 0.0, 0.0, 0.0, 1.0],
                [0.869727, -0.212249, -0.445562, -0.0, -0.059322, 0.851296, -0.52132, 0.388213, 0.489954, 0.479838, 0.727805, -0.0, 0.0, 0.0, 0.0, 1.0],
                [0.918219, -0.118988, -0.377777, -0.0, -0.00212, 0.952317, -0.305103, 0.388213, 0.396067, 0.280952, 0.874184, 0.0, 0.0, 0.0, 0.0, 1.0],
                [0.989508, -0.034061, -0.140406, -0.0, -0.015441, 0.941316, -0.337172, 0.388213, 0.14365, 0.335803, 0.930914, 0.0, 0.0, 0.0, 0.0, 1.0],
                [0.975073, -0.190961, -0.112993, -0.0, 0.157835, 0.954852, -0.251685, 0.388213, 0.155954, 0.227577, 0.96119, 0.0, 0.0, 0.0, 0.0, 1.0],
                [0.432009, -0.140409, -0.890872, -7e-06, 0.226355, 0.973068, -0.043598, 0.388314, 0.873002, -0.182818, 0.452156, -0.000318, 0.0, 0.0, 0.0, 1.0],
                [0.17477, -0.113712, -0.978021, -1.2e-05, 0.470961, 0.881962, -0.018384, 0.388398, 0.864669, -0.457396, 0.207695, -0.00058, 0.0, 0.0, 0.0, 1.0],
                [0.253011, 0.122975, -0.959616, -1.9e-05, 0.773229, 0.570442, 0.276971, 0.388502, 0.581466, -0.812079, 0.04924, -0.00091, 0.0, 0.0, 0.0, 1.0]
            ]
        },
        {
            "name": "Hand_R",
            "time": [0.0, 0.1, 0.1167, 0.1333, 0.15, 0.2, 0.2167, 0.2333, 0.25, 0.2667, 0.2833, 0.3167, 0.3667, 0.4833, 0.5333, 0.6333, 0.7333, 0.8333, 0.9333, 1.1333],
            "transform": [
                [-0.202036, -0.961688, -0.185303, 0.0, 0.534053, 0.050419, -0.843946, 0.329779, 0.820956, -0.26947, 0.503406, 0.0, 0.0, 0.0, 0.0, 1.0],
                [-0.07862, -0.927698, 0.364959, -0.0, 0.291792, -0.371473, -0.881399, 0.329779, 0.953245, 0.037197, 0.2999, -0.0, 0.0, 0.0, 0.0, 1.0],
                [0.999999, 0.0, 0.0, -0.0, -0.0, 0.999989, -0.004632, 0.329779, -0.0, 0.004632, 0.999989, 0.0, 0.0, 0.0, 0.0, 1.0],
                [1.0, 1e-06, 0.0, 0.0, -1e-06, 0.999733, -0.023076, 0.329779, -0.0, 0.023076, 0.999734, 0.0, 0.0, 0.0, 0.0, 1.0],
                [0.985695, -0.168485, -0.004087, -0.0, 0.16801, 0.980426, 0.102644, 0.329779, -0.013287, -0.101863, 0.99471, -0.0, 0.0, 0.0, 0.0, 1.0],
                [0.999996, 0.000695, 0.002459, 0.0, -0.000924, 0.995546, 0.094265, 0.329779, -0.002383, -0.094267, 0.995544, 0.0, 0.0, 0.0, 0.0, 1.0],
                [0.999997, 0.000695, 0.002459, 0.0, -0.000924, 0.995547, 0.094265, 0.329779, -0.002383, -0.094267, 0.995544, 0.0, 0.0, 0.0, 0.0, 1.0],
                [1.0, 0.0, 0.0, 0.0, -0.0, 1.0, -0.0, 0.329779, -0.0, 0.0, 1.0, -0.0, 0.0, 0.0, 0.0, 1.0],
                [1.0, 0.0, 0.0, -0.0, -0.0, 0.999996, -0.002543, 0.329779, -0.0, 0.002543, 0.999997, 0.0, 0.0, 0.0, 0.0, 1.0],
                [0.999999, 0.0, 0.0, -0.0, -0.0, 1.0, -0.0, 0.329779, -0.0, 0.0, 1.0, -0.0, 0.0, 0.0, 0.0, 1.0],
