{
    "animation": [
        {
            "name": "Root",
            "time": [0.0, 0.0667, 0.1, 0.1333, 0.15, 0.1667, 0.2, 0.3, 0.5, 0.8, 1.1],
            "transform": [
                [0.445548, 0.204477, -0.871594, -5e-06, -0.89211, 0.019838, -0.451382, 0.000946, -0.075006, 0.97867, 0.191255, 0.549354, 0.0, 0.0, 0.0, 1.0],
                [0.494423, -0.021539, -0.868954, -5e-06, -0.860127, 0.132109, -0.492675, 0.300946, 0.125408, 0.991001, 0.046791, 0.554976, 0.0, 0.0, 0.0, 1.0],
                [0.943476, -0.085033, -0.320347, -5e-06, -0.288648, 0.264227, -0.920254, 0.950946, 0.162896, 0.960705, 0.224747, 0.450599, 0.0, 0.0, 0.0, 1.0],
                [0.854565, -0.150278, 0.497127, -5e-06, 0.519126, 0.274952, -0.809265, 1.200946, -0.015071, 0.949641, 0.312977, 0.401221, 0.0, 0.0, 0.0, 1.0],
                [0.793334, -0.1037, 0.59989, -5e-06, 0.600207, 0.298079, -0.742226, 1.300946, -0.101846, 0.948891, 0.298718, 0.421377, 0.0, 0.0, 0.0, 1.0],
                [0.724822, -0.063642, 0.685991, -5e-06, 0.665333, 0.323068, -0.673022, 1.400946, -0.178789, 0.944233, 0.27651, 0.441532, 0.0, 0.0, 0.0, 1.0],
                [0.672877, -0.035597, 0.738898, -5e-06, 0.7075, 0.322693, -0.628739, 1.400946, -0.216056, 0.945834, 0.242317, 0.461061, 0.0, 0.0, 0.0, 1.0],
                [0.565206, 0.016432, 0.824786, -5e-06, 0.77663, 0.326551, -0.538711, 1.400946, -0.278187, 0.945037, 0.171807, 0.500118, 0.0, 0.0, 0.0, 1.0],
                [0.565206, 0.016432, 0.824786, -5e-06, 0.77663, 0.326551, -0.538711, 1.400946, -0.278187, 0.945037, 0.171807, 0.500118, 0.0, 0.0, 0.0, 1.0],
                [0.9712, 0.071629, 0.227246, -5e-06, 0.213736, 0.159595, -0.963767, 1.400946, -0.105301, 0.984581, 0.139689, 0.612045, 0.0, 0.0, 0.0, 1.0],
                [0.884107, 0.047905, -0.464823, -5e-06, -0.464823, 0.192138, -0.864305, 1.400946, 0.047905, 0.980198, 0.192138, 0.723972, 0.0, 0.0, 0.0, 1.0]
            ]
        },
        {
            "name": "Thigh_R",
            "time": [0.0, 0.0667, 0.1, 0.1333, 0.15, 0.1667, 0.2, 0.3, 0.5, 0.8, 1.1],
            "transform": [
                [0.808881, 0.291205, -0.51074, 0.124994, 0.578648, -0.548023, 0.603974, -0.00283, -0.104019, -0.784105, -0.611808, -1.2e-05, 0.0, 0.0, 0.0, 1.0],
                [0.955548, -0.077768, -0.284295, 0.124994, 0.196521, -0.550734, 0.811185, -0.002831, -0.21966, -0.83102, -0.510984, -1.2e-05, 0.0, 0.0, 0.0, 1.0],
                [0.964314, -0.263925, 0.019639, 0.124994, -0.114101, -0.347649, 0.930629, -0.00283, -0.238794, -0.899685, -0.365367, -1.2e-05, 0.0, 0.0, 0.0, 1.0],
                [0.894585, 0.436151, -0.097122, 0.124994, 0.013979, 0.189926, 0.981673, -0.00283, 0.446614, -0.879573, 0.163813, -1.2e-05, 0.0, 0.0, 0.0, 1.0],
                [0.81918, 0.559111, -0.12761, 0.124994, 0.002257, 0.219366, 0.975614, -0.00283, 0.573482, -0.799515, 0.178443, -1.2e-05, 0.0, 0.0, 0.0, 1.0],
                [0.728778, 0.674875, -0.115637, 0.124994, 0.008544, 0.159904, 0.987071, -0.00283, 0.684655, -0.720363, 0.110771, -1.2e-05, 0.0, 0.0, 0.0, 1.0],
                [0.676398, 0.726341, -0.1219, 0.124994, 0.054977, 0.115252, 0.991789, -0.00283, 0.734443, -0.677565, 0.038025, -1.2e-05, 0.0, 0.0, 0.0, 1.0],
                [0.575698, 0.810185, -0.110084, 0.124994, 0.151419, 0.026661, 0.988084, -0.002831, 0.803484, -0.585524, -0.107332, -1.2e-05, 0.0, 0.0, 0.0, 1.0],
                [0.575698, 0.810185, -0.110084, 0.124994, 0.151419, 0.026661, 0.988084, -0.002831, 0.803484, -0.585524, -0.107332, -1.2e-05, 0.0, 0.0, 0.0, 1.0],
                [0.938605, 0.293146, 0.181818, 0.124994, -0.031416, -0.452239, 0.89133, -0.00283, 0.343518, -0.842329, -0.41527, -1.2e-05, 0.0, 0.0, 0.0, 1.0],
                [0.98516, 0.070899, 0.156311, 0.124994, 0.044551, -0.985111, 0.166038, -0.00283, 0.165756, -0.15661, -0.973652, -1.2e-05, 0.0, 0.0, 0.0, 1.0]
            ]
        },
        {
            "name": "Leg_R",
            "time": [0.0, 0.0667, 0.1, 0.1333, 0.15, 0.1667, 0.2, 0.3, 0.5, 0.8, 1.1],
            "transform": [
                [1.000026, -1e-06, 5e-06, -0.0, -4e-06, 0.344396, 0.938852, 0.37472, -2e-06, -0.93885, 0.344397, 0.0, 0.0, 0.0, 0.0, 1.0],
                [1.000026, -3e-06, 3e-06, 0.0, -4e-06, -0.233808, 0.972309, 0.37472, -2e-06, -0.972309, -0.233808, -0.0, 0.0, 0.0, 0.0, 1.0],
                [1.000026, 4e-06, 3e-06, 0.0, -4e-06, 1.000011, 0.005064, 0.37472, -2e-06, -0.005064, 1.000014, -0.0, 0.0, 0.0, 0.0, 1.0],
                [1.000025, -1e-06, 5e-06, -0.0, -4e-06, 0.355952, 0.934531, 0.37472, -2e-06, -0.934531, 0.355952, 0.0, 0.0, 0.0, 0.0, 1.0],
                [1.000025, -2e-06, 4e-06, -0.0, -4e-06, 0.044675, 0.999028, 0.37472, -2e-06, -0.999025, 0.044675, -0.0, 0.0, 0.0, 0.0, 1.0],
                [1.000025, -3e-06, 4e-06, -0.0, -4e-06, -0.165167, 0.986296, 0.37472, -2e-06, -0.986287, -0.165169, -0.0, 0.0, 0.0, 0.0, 1.0],
                [1.000025, -3e-06, 4e-06, 0.0, -4e-06, -0.128311, 0.991756, 0.37472, -2e-06, -0.991764, -0.12831, -0.0, 0.0, 0.0, 0.0, 1.0],
                [1.000025, -3e-06, 4e-06, -0.0, -4e-06, -0.039924, 0.999227, 0.37472, -2e-06, -0.999231, -0.039924, 0.0, 0.0, 0.0, 0.0, 1.0],
                [1.000025, -3e-06, 4e-06, -0.0, -4e-06, -0.039924, 0.999227, 0.37472, -2e-06, -0.999231, -0.039924, 0.0, 0.0, 0.0, 0.0, 1.0],
                [1.000013, 0.0, 5e-06, 0.0, -4e-06, 0.572189, 0.820138, 0.37472, -2e-06, -0.820139, 0.572187, 0.0, 0.0, 0.0, 0.0, 1.0],
                [1.0, 3e-06, 4e-06, -0.0, -4e-06, 0.959719, 0.280966, 0.37472, -2e-06, -0.280965, 0.959718, -0.0, 0.0, 0.0, 0.0, 1.0]
            ]
        },
        {
            "name": "Knee_R",
            "time": [0.0, 0.0667, 0.1, 0.1333, 0.15, 0.1667, 0.2, 0.3, 0.5, 0.8, 1.1],
            "transform": [
                [1.0, 2e-06, -4e-06, 0.0, -4e-06, 3e-06, -1.0, 0.37472, -2e-06, 1.0, 3e-06, 0.0, 0.0, 0.0, 0.0, 1.0],
                [1.0, 2e-06, -4e-06, -0.0, -4e-06, 3e-06, -1.0, 0.37472, -2e-06, 1.0, 3e-06, -0.0, 0.0, 0.0, 0.0, 1.0],
                [1.0, 2e-06, -4e-06, 0.0, -4e-06, 3e-06, -1.0, 0.37472, -2e-06, 1.0, 3e-06, -0.0, 0.0, 0.0, 0.0, 1.0],
                [1.0, 2e-06, -4e-06, -0.0, -4e-06, 3e-06, -1.0, 0.37472, -2e-06, 1.0, 3e-06, 0.0, 0.0, 0.0, 0.0, 1.0],
                [1.0, 2e-06, -4e-06, 0.0, -4e-06, 3e-06, -1.0, 0.37472, -2e-06, 1.0, 3e-06, -0.0, 0.0, 0.0, 0.0, 1.0],
                [1.0, 2e-06, -4e-06, 0.0, -4e-06, 3e-06, -1.0, 0.37472, -2e-06, 1.0, 3e-06, -0.0, 0.0, 0.0, 0.0, 1.0],
                [1.0, 2e-06, -4e-06, 0.0, -4e-06, 3e-06, -1.0, 0.37472, -2e-06, 1.0, 3e-06, -0.0, 0.0, 0.0, 0.0, 1.0],
                [1.0, 2e-06, -4e-06, -0.0, -4e-06, 3e-06, -1.0, 0.37472, -2e-06, 1.0, 3e-06, 0.0, 0.0, 0.0, 0.0, 1.0],
                [1.0, 2e-06, -4e-06, -0.0, -4e-06, 3e-06, -1.0, 0.37472, -2e-06, 1.0, 3e-06, 0.0, 0.0, 0.0, 0.0, 1.0],
                [1.0, 2e-06, -4e-06, 0.0, -4e-06, 3e-06, -1.0, 0.37472, -2e-06, 1.0, 3e-06, 0.0, 0.0, 0.0, 0.0, 1.0],
                [1.0, 2e-06, -4e-06, -0.0, -4e-06, 3e-06, -1.0, 0.37472, -2e-06, 1.0, 3e-06, -0.0, 0.0, 0.0, 0.0, 1.0]
            ]
        },
        {
            "name": "Thigh_L",
            "time": [0.0, 0.0667, 0.1, 0.1333, 0.15, 0.1667, 0.2, 0.3, 0.5, 0.8, 1.1],
            "transform": [
                [0.855049, -0.499781, 0.137713, -0.125006, -0.457977, -0.603755, 0.652364, -0.002831, -0.242916, -0.620916, -0.74518, -1.2e-05, 0.0, 0.0, 0.0, 1.0],
                [0.795437, -0.59642, -0.106847, -0.125006, -0.33636, -0.581302, 0.740804, -0.002831, -0.503987, -0.553364, -0.663045, -1.2e-05, 0.0, 0.0, 0.0, 1.0],
                [0.966326, -0.083749, -0.243019, -0.125006, -0.115144, -0.986238, -0.117967, -0.002831, -0.229817, 0.141987, -0.962736, -1.2e-05, 0.0, 0.0, 0.0, 1.0],
                [0.887358, -0.438651, 0.14155, -0.125006, -0.356798, -0.848095, -0.391499, -0.00283, 0.291807, 0.296916, -0.909135, -1.2e-05, 0.0, 0.0, 0.0, 1.0],
                [0.893017, -0.432792, 0.122753, -0.125006, -0.412462, -0.896612, -0.160636, -0.00283, 0.179601, 0.092827, -0.979267, -1.2e-05, 0.0, 0.0, 0.0, 1.0],
                [0.902168, -0.426289, 0.065016, -0.125006, -0.428242, -0.903377, 0.019042, -0.002831, 0.050621, -0.045025, -0.997621, -1.2e-05, 0.0, 0.0, 0.0, 1.0],
                [0.920628, -0.363803, 0.141241, -0.125006, -0.377697, -0.921669, 0.087827, -0.00283, 0.098236, -0.134212, -0.985989, -1.2e-05, 0.0, 0.0, 0.0, 1.0],
                [0.940087, -0.322125, 0.111035, -0.125938, -0.33209, -0.939136, 0.087073, -0.001294, 0.076236, -0.118739, -0.989912, -0.000638, 0.0, 0.0, 0.0, 1.0],
                [0.940087, -0.322125, 0.111035, -0.125938, -0.33209, -0.939136, 0.087073, -0.001294, 0.076236, -0.118739, -0.989912, -0.000638, 0.0, 0.0, 0.0, 1.0],
                [0.980213, 0.141273, 0.138403, -0.125472, -0.032643, -0.574615, 0.817715, -0.002062, 0.195061, -0.806081, -0.558652, -0.000325, 0.0, 0.0, 0.0, 1.0],
                [0.934941, -0.132333, 0.329199, -0.125006, -0.270868, -0.865493, 0.421343, -0.00283, 0.229168, -0.4831, -0.845028, -1.2e-05, 0.0, 0.0, 0.0, 1.0]
            ]
        },
        {
            "name": "Leg_L",
            "time": [0.0, 0.0667, 0.1, 0.1333, 0.15, 0.1667, 0.2, 0.3, 0.5, 0.8, 1.1],
            "transform": [
                [1.00007, -0.0, 2e-06, -0.0, -1e-06, 0.67013, 0.742349, 0.37472, -1e-06, -0.742352, 0.67013, -0.0, 0.0, 0.0, 0.0, 1.0],
                [1.000067, -1e-06, 1e-06, 0.0, -1e-06, 0.100675, 0.995001, 0.37472, -1e-06, -0.994998, 0.100675, 0.0, 0.0, 0.0, 0.0, 1.0],
                [1.000065, -0.0, 2e-06, 0.0, -1e-06, 0.55758, 0.830215, 0.37472, -1e-06, -0.830234, 0.55757, -0.0, 0.0, 0.0, 0.0, 1.0],
                [1.000062, 1e-06, 1e-06, 0.0, -1e-06, 0.906855, 0.421659, 0.37472, -1e-06, -0.421672, 0.906829, -0.0, 0.0, 0.0, 0.0, 1.0],
                [1.000062, 0.0, 2e-06, -0.0, -1e-06, 0.816639, 0.577301, 0.37472, -1e-06, -0.577321, 0.816613, 0.0, 0.0, 0.0, 0.0, 1.0],
                [1.000061, 0.0, 2e-06, -0.0, -1e-06, 0.774944, 0.632165, 0.37472, -1e-06, -0.632189, 0.774918, -0.0, 0.0, 0.0, 0.0, 1.0],
                [1.00006, 0.0, 2e-06, -0.0, -1e-06, 0.72412, 0.689795, 0.37472, -1e-06, -0.689825, 0.724091, -0.0, 0.0, 0.0, 0.0, 1.0],
                [1.000057, 0.0, 2e-06, -0.0, -1e-06, 0.822785, 0.568505, 0.37472, -1e-06, -0.568519, 0.822769, -0.0, 0.0, 0.0, 0.0, 1.0],
                [1.000057, 0.0, 2e-06, -0.0, -1e-06, 0.822785, 0.568505, 0.37472, -1e-06, -0.568519, 0.822769, -0.0, 0.0, 0.0, 0.0, 1.0],
                [1.000028, -0.0, 2e-06, -0.0, -1e-06, 0.520236, 0.854076, 0.37472, -1e-06, -0.854086, 0.520231, 0.0, 0.0, 0.0, 0.0, 1.0],
                [0.999999, 1e-06, 2e-06, -0.0, -1e-06, 0.880111, 0.474792, 0.37472, -1e-06, -0.474793, 0.880112, -0.0, 0.0, 0.0, 0.0, 1.0]
            ]
        },
        {
            "name": "Knee_L",
            "time": [0.0, 0.0667, 0.1, 0.1333, 0.15, 0.1667, 0.2, 0.3, 0.5, 0.8, 1.1],
            "transform": [
                [1.0, 1e-06, -1e-06, 0.0, -1e-06, 0.406156, -0.913803, 0.404238, -0.0, 0.913804, 0.406156, -0.0, 0.0, 0.0, 0.0, 1.0],
                [1.0, 1e-06, -1e-06, 0.0, -1e-06, 0.670572, -0.741843, 0.404238, -0.0, 0.741845, 0.670573, -0.0, 0.0, 0.0, 0.0, 1.0],
                [1.0, 1e-06, -1e-06, 0.0, -1e-06, 0.470358, -0.882476, 0.404238, -0.0, 0.882477, 0.470358, -0.0, 0.0, 0.0, 0.0, 1.0],
                [1.0, 1e-06, -1e-06, 0.0, -1e-06, 0.215909, -0.976413, 0.404238, -0.0, 0.976413, 0.215909, -0.0, 0.0, 0.0, 0.0, 1.0],
                [1.0, 1e-06, -1e-06, 0.0, -1e-06, 0.302856, -0.953036, 0.404238, -0.0, 0.953037, 0.302856, -0.0, 0.0, 0.0, 0.0, 1.0],
                [1.0, 1e-06, -1e-06, 0.0, -1e-06, 0.335511, -0.942036, 0.404238, -0.0, 0.942037, 0.335511, -0.0, 0.0, 0.0, 0.0, 1.0],
                [1.0, 1e-06, -1e-06, -0.0, -1e-06, 0.371454, -0.928451, 0.404238, -0.0, 0.928451, 0.371455, -0.0, 0.0, 0.0, 0.0, 1.0],
                [1.0, 1e-06, -1e-06, 0.0, -1e-06, 0.297736, -0.954648, 0.404238, -0.0, 0.954648, 0.297736, -0.0, 0.0, 0.0, 0.0, 1.0],
                [1.0, 1e-06, -1e-06, 0.0, -1e-06, 0.297736, -0.954648, 0.404238, -0.0, 0.954648, 0.297736, -0.0, 0.0, 0.0, 0.0, 1.0],
                [1.0, 1e-06, -1e-06, 0.0, -1e-06, 0.489792, -0.871839, 0.389479, -0.0, 0.871839, 0.489793, -0.0, 0.0, 0.0, 0.0, 1.0],
                [1.0, 1e-06, -1e-06, -0.0, -1e-06, 0.244847, -0.969562, 0.37472, -1e-06, 0.969562, 0.244847, -0.0, 0.0, 0.0, 0.0, 1.0]
            ]
        },
        {
            "name": "Torso",
            "time": [0.0, 0.0667, 0.1, 0.1333, 0.15, 0.1667, 0.2, 0.3, 0.5, 0.8, 1.1],
            "transform": [
                [0.999912, -0.013195, 0.001234, 0.0, 0.013195, 0.982558, -0.185488, 0.05, 0.001235, 0.185488, 0.982645, -0.0, 0.0, 0.0, 0.0, 1.0],
                [0.997294, 0.029357, -0.067405, -0.0, -0.03151, 0.99902, -0.031099, 0.05, 0.066426, 0.033139, 0.997241, -0.0, 0.0, 0.0, 0.0, 1.0],
                [0.995065, 0.09834, 0.013251, -0.0, -0.098757, 0.994468, 0.035781, 0.05, -0.009659, -0.036913, 0.999272, -0.0, 0.0, 0.0, 0.0, 1.0],
                [0.997483, 0.070875, 0.002315, -0.0, -0.070875, 0.995353, 0.065189, 0.05, 0.002316, -0.065189, 0.99787, -0.0, 0.0, 0.0, 0.0, 1.0],
                [0.991881, 0.126821, 0.009355, -0.0, -0.126821, 0.981101, 0.146143, 0.05, 0.009356, -0.146143, 0.989219, -0.0, 0.0, 0.0, 0.0, 1.0],
                [0.98315, 0.1816, 0.020932, 0.0, -0.1816, 0.957146, 0.225593, 0.05, 0.020932, -0.225593, 0.973997, 0.0, 0.0, 0.0, 0.0, 1.0],
                [0.999587, 0.027179, 0.009367, -0.0, -0.028283, 0.988094, 0.151231, 0.05, -0.005146, -0.151434, 0.988454, 0.0, 0.0, 0.0, 0.0, 1.0],
                [0.999519, -0.030992, -0.00069, -0.0, 0.030992, 0.998528, 0.044506, 0.05, -0.00069, -0.044506, 0.999009, -0.0, 0.0, 0.0, 0.0, 1.0],
                [0.999519, -0.030992, -0.00069, -0.0, 0.030992, 0.998528, 0.044506, 0.05, -0.00069, -0.044506, 0.999009, -0.0, 0.0, 0.0, 0.0, 1.0],
                [0.998902, -0.039288, 0.025518, 0.0, 0.038843, 0.999088, 0.017722, 0.05, -0.026191, -0.016711, 0.999517, -0.0, 0.0, 0.0, 0.0, 1.0],
                [0.997552, -0.046847, 0.051921, -0.0, 0.047369, 0.998838, -0.008861, 0.05, -0.051445, 0.011298, 0.998612, -0.0, 0.0, 0.0, 0.0, 1.0]
            ]
        },
        {
            "name": "Chest",
            "time": [0.0, 0.0667, 0.1, 0.1333, 0.15, 0.1667, 0.2, 0.3, 0.5, 0.8, 1.1],
            "transform": [
                [0.965926, -1e-06, -0.258818, -0.0, 0.002877, 0.999938, 0.010733, 0.3, 0.258802, -0.011112, 0.965867, 0.0, 0.0, 0.0, 0.0, 1.0],
                [0.965926, 0.056258, -0.25263, -0.0, -0.060622, 0.998115, -0.009521, 0.3, 0.251618, 0.024511, 0.967516, 0.0, 0.0, 0.0, 0.0, 1.0],
                [0.965926, -1e-06, -0.258818, -0.0, -0.003197, 0.999924, -0.011935, 0.3, 0.258798, 0.012356, 0.965853, 0.0, 0.0, 0.0, 0.0, 1.0],
                [0.965926, -1e-06, -0.258818, 0.0, -0.066986, 0.965926, -0.25, 0.3, 0.249999, 0.258818, 0.933013, 0.0, 0.0, 0.0, 0.0, 1.0],
                [0.995944, 0.022458, 0.087135, 0.0, -0.010475, 0.990707, -0.135609, 0.3, -0.089371, 0.134146, 0.986923, 0.0, 0.0, 0.0, 0.0, 1.0],
                [0.906308, -1e-06, 0.422619, -0.0, 0.003116, 0.999973, -0.006681, 0.3, -0.422608, 0.007372, 0.906283, 0.0, 0.0, 0.0, 0.0, 1.0],
                [0.965926, -1e-06, 0.25882, 0.0, 0.015785, 0.998139, -0.058907, 0.3, -0.258338, 0.060986, 0.964128, -0.0, 0.0, 0.0, 0.0, 1.0],
                [0.965926, -1e-06, 0.25882, 0.0, -0.010688, 0.999146, 0.039893, 0.3, -0.258599, -0.0413, 0.965102, -0.0, 0.0, 0.0, 0.0, 1.0],
                [0.965926, -1e-06, 0.25882, 0.0, -0.010688, 0.999146, 0.039893, 0.3, -0.258599, -0.0413, 0.965102, -0.0, 0.0, 0.0, 0.0, 1.0],
                [0.992095, 0.013633, -0.124749, 0.0, -0.01079, 0.999667, 0.023442, 0.3, 0.125027, -0.02191, 0.991912, 0.0, 0.0, 0.0, 0.0, 1.0],
                [0.871504, 0.018937, -0.490023, 0.0, -0.017094, 0.99982, 0.008238, 0.3, 0.490091, 0.001197, 0.871671, -0.0, 0.0, 0.0, 0.0, 1.0]
            ]
        },
        {
            "name": "Head",
            "time": [0.0, 0.0667, 0.1, 0.1333, 0.15, 0.1667, 0.2, 0.3, 0.5, 0.8, 1.1],
            "transform": [
                [0.200662, -0.224244, 0.95365, 0.0, 0.04329, 0.974529, 0.220044, 0.4, -0.978704, -0.002871, 0.205258, 0.0, 0.0, 0.0, 0.0, 1.0],
                [0.197097, -0.135495, 0.970976, 0.0, -0.033243, 0.988911, 0.144746, 0.400001, -0.97982, -0.060807, 0.190407, 0.0, 0.0, 0.0, 0.0, 1.0],
                [0.83747, 0.033108, 0.545479, -0.0, 0.016202, 0.99622, -0.085341, 0.4, -0.546243, 0.080308, 0.833768, -0.0, 0.0, 0.0, 0.0, 1.0],
                [0.964964, -0.001631, -0.262377, -0.0, 0.009085, 0.999589, 0.027201, 0.400001, 0.262225, -0.028632, 0.964581, 0.0, 0.0, 0.0, 0.0, 1.0],
                [0.750976, -0.156535, -0.641508, -0.0, 0.008687, 0.973754, -0.227437, 0.400001, 0.660273, 0.165227, 0.732625, 0.0, 0.0, 0.0, 0.0, 1.0],
                [0.386358, -0.367923, -0.845789, 0.0, -0.07911, 0.900398, -0.427815, 0.400001, 0.91895, 0.2322, 0.31877, -0.0, 0.0, 0.0, 0.0, 1.0],
                [0.456028, -0.170805, -0.873421, 0.0, -0.083943, 0.968779, -0.233281, 0.4, 0.885998, 0.1797, 0.427453, 0.0, 0.0, 0.0, 0.0, 1.0],
                [0.332865, -0.146269, -0.931561, -0.0, -0.07183, 0.981093, -0.179713, 0.4, 0.940235, 0.126734, 0.316065, -0.0, 0.0, 0.0, 0.0, 1.0],
                [0.332865, -0.146269, -0.931561, -0.0, -0.07183, 0.981093, -0.179713, 0.4, 0.940235, 0.126734, 0.316065, -0.0, 0.0, 0.0, 0.0, 1.0],
                [0.990656, -0.03929, -0.130606, 0.0, 0.037235, 0.999142, -0.018143, 0.4, 0.131207, 0.01311, 0.991268, 0.0, 0.0, 0.0, 0.0, 1.0],
                [0.59878, 0.045531, 0.799618, -0.0, 0.003352, 0.998232, -0.05935, 0.4, -0.800906, 0.038218, 0.597568, 0.0, 0.0, 0.0, 0.0, 1.0]
            ]
        },
        {
            "name": "Shoulder_R",
            "time": [0.0, 0.0667, 0.1, 0.1333, 0.15, 0.1667, 0.2, 0.3, 0.5, 0.8, 1.1],
            "transform": [
                [-0.055231, 0.980467, 0.188766, 0.0, 0.014787, -0.188231, 0.982013, 0.4, 0.998364, 0.057029, -0.004102, 0.0, 0.0, 0.0, 0.0, 1.0],
                [-0.250011, 0.963793, 0.092722, 0.0, 0.066947, -0.078327, 0.994677, 0.400001, 0.965926, 0.254888, -0.044941, 0.0, 0.0, 0.0, 0.0, 1.0],
                [-0.131679, 0.9241, 0.358748, -0.0, 0.035259, -0.357304, 0.933322, 0.4, 0.990665, 0.135548, 0.014466, -0.0, 0.0, 0.0, 0.0, 1.0],
                [-0.164043, 0.934792, 0.315046, -0.0, 0.043926, -0.312133, 0.949023, 0.400001, 0.985474, 0.16952, 0.010142, 0.0, 0.0, 0.0, 0.0, 1.0],
                [-0.250011, 0.958525, 0.136836, -0.0, 0.066947, -0.123872, 0.990037, 0.400001, 0.965925, 0.256681, -0.033201, 0.0, 0.0, 0.0, 0.0, 1.0],
                [0.00957, 0.996161, 0.087014, 0.0, -0.002566, -0.086994, 0.996206, 0.400001, 0.999951, -0.009757, 0.001723, -0.0, 0.0, 0.0, 0.0, 1.0],
                [0.04381, 0.987416, 0.151952, 0.0, -0.011735, -0.151579, 0.988376, 0.4, 0.998971, -0.045084, 0.004946, 0.0, 0.0, 0.0, 0.0, 1.0],
                [0.04381, 0.987416, 0.151952, -0.0, -0.011735, -0.151579, 0.988376, 0.4, 0.998971, -0.045084, 0.004946, -0.0, 0.0, 0.0, 0.0, 1.0],
                [0.04381, 0.987416, 0.151952, -0.0, -0.011735, -0.151579, 0.988376, 0.4, 0.998971, -0.045084, 0.004946, -0.0, 0.0, 0.0, 0.0, 1.0],
                [0.394648, 0.903169, 0.168934, 0.0, -0.105685, -0.138018, 0.984775, 0.4, 0.912734, -0.406493, 0.040983, 0.0, 0.0, 0.0, 0.0, 1.0],
                [0.000148, 0.95278, 0.30366, -0.0, -4.3e-05, -0.30366, 0.952781, 0.4, 1.0, -0.000154, -4e-06, 0.0, 0.0, 0.0, 0.0, 1.0]
            ]
        },
        {
            "name": "Arm_R",
            "time": [0.0, 0.0667, 0.1, 0.1333, 0.15, 0.1667, 0.2, 0.3, 0.5, 0.8, 1.1],
            "transform": [
                [0.279543, -0.106958, -0.954157, -0.0, -0.252836, 0.950499, -0.180623, 0.388213, 0.926245, 0.291737, 0.238662, 0.0, 0.0, 0.0, 0.0, 1.0],
                [0.220168, -0.066029, -0.973224, 0.0, -0.162307, 0.981318, -0.103295, 0.388213, 0.961864, 0.180703, 0.205338, -0.0, 0.0, 0.0, 0.0, 1.0],
                [0.270977, 0.498399, -0.82351, -0.0, -0.27185, 0.860317, 0.431222, 0.388213, 0.9234, 0.10702, 0.368617, 0.0, 0.0, 0.0, 0.0, 1.0],
                [0.168548, 0.985399, 0.024091, 0.0, -0.284713, 0.025271, 0.95828, 0.388213, 0.943679, -0.168375, 0.284815, 0.0, 0.0, 0.0, 0.0, 1.0],
                [0.338412, -0.772926, -0.536714, -0.0, -0.573497, 0.282789, -0.768851, 0.388213, 0.746043, 0.567992, -0.347571, 0.0, 0.0, 0.0, 0.0, 1.0],
                [0.567499, -0.206965, -0.796938, 0.0, -0.487092, 0.695972, -0.527602, 0.388213, 0.663842, 0.687597, 0.294152, 0.0, 0.0, 0.0, 0.0, 1.0],
                [0.49755, -0.277377, -0.821891, -0.0, -0.335251, 0.812383, -0.477118, 0.388213, 0.800032, 0.512931, 0.31121, 0.0, 0.0, 0.0, 0.0, 1.0],
                [0.515982, -0.195019, -0.834104, 0.0, -0.318135, 0.860465, -0.397981, 0.388213, 0.795332, 0.470709, 0.381942, 0.0, 0.0, 0.0, 0.0, 1.0],
                [0.51363, -0.206092, -0.832892, 0.0, -0.309, 0.861158, -0.403641, 0.388213, 0.80044, 0.464686, 0.378634, 0.0, 0.0, 0.0, 0.0, 1.0],
                [0.11156, -0.862736, -0.493193, -0.0, 0.107079, 0.503838, -0.857135, 0.388213, 0.987971, 0.042811, 0.14859, -0.0, 0.0, 0.0, 0.0, 1.0],
                [0.253011, 0.122975, -0.959616, -1.9e-05, 0.773229, 0.570442, 0.276971, 0.388502, 0.581466, -0.812079, 0.04924, -0.00091, 0.0, 0.0, 0.0, 1.0]
            ]
        },
        {
            "name": "Hand_R",
            "time": [0.0, 0.0667, 0.1, 0.1333, 0.15, 0.1667, 0.2, 0.3, 0.5, 0.8, 1.1],
            "transform": [
                [0.997256, -0.068878, -0.027161, -0.0, 0.022996, 0.636852, -0.770644, 0.329779, 0.070378, 0.767904, 0.636688, -0.0, 0.0, 0.0, 0.0, 1.0],
                [1.0, 0.0, 0.0, -0.0, -0.0, 0.999988, -0.004975, 0.329779, -0.0, 0.004975, 0.999988, -0.0, 0.0, 0.0, 0.0, 1.0],
                [0.999347, -0.029627, -0.020661, 0.0, 0.019806, 0.927832, -0.372472, 0.329779, 0.030205, 0.37182, 0.927814, -0.0, 0.0, 0.0, 0.0, 1.0],
                [0.999863, -0.010905, -0.012438, 0.0, 0.011118, 0.999791, 0.017176, 0.329779, 0.012248, -0.017312, 0.999775, 0.0, 0.0, 0.0, 0.0, 1.0],
                [0.999999, 0.0, 0.0, -0.0, -0.0, 1.249975, -0.005487, 0.329779, -0.0, 0.006859, 0.999994, 0.0, 0.0, 0.0, 0.0, 1.0],
                [0.999969, -0.010787, -0.003059, 0.0, 0.007235, 1.499802, 0.014512, 0.329779, 0.002954, -0.0218, 0.99989, 0.0, 0.0, 0.0, 0.0, 1.0],
                [0.999999, 0.0, 0.0, -0.0, -0.0, 0.999998, -0.001472, 0.329779, -0.0, 0.001472, 1.0, 0.0, 0.0, 0.0, 0.0, 1.0],
                [0.999999, 0.0, 0.0, 0.0, -0.0, 1.0, -0.0, 0.329779, -0.0, 0.0, 1.0, 0.0, 0.0, 0.0, 0.0, 1.0],
                [0.999999, 0.0, 0.0, 0.0, -0.0, 1.0, -0.0, 0.329779, -0.0, 0.0, 1.0, 0.0, 0.0, 0.0, 0.0, 1.0],
                [1.0, 0.0, 0.0, -0.0, -0.0, 1.000001, -0.0, 0.329779, -0.0, 0.0, 0.999999, -0.0, 0.0, 0.0, 0.0, 1.0],
                [0.999749, 0.022275, -0.002089, 0.0, -0.02228, 0.982753, -0.18358, 0.329779, -0.002037, 0.18358, 0.983002, 0.0, 0.0, 0.0, 0.0, 1.0]
            ]
        },
        {
            "name": "Tool_R",
            "time": [0.0, 0.0667, 0.1, 0.1333, 0.15, 0.1667, 0.2, 0.3, 0.5, 0.8, 1.1],
            "transform": [
                [1.0, -0.0, 0.0, -0.02, -0.0, -0.905414, 0.424538, 0.291425, -0.0, -0.424531, -0.905427, -0.0, 0.0, 0.0, 0.0, 1.0],
                [0.999902, -0.013988, -0.00097, -0.02, -0.00513, -0.429336, 0.903144, 0.291425, -0.013049, -0.903037, -0.429372, 0.0, 0.0, 0.0, 0.0, 1.0],
                [0.99994, -0.007867, -0.007622, -0.02, 0.001301, -0.605617, 0.795767, 0.291425, -0.010876, -0.795718, -0.60558, 0.0, 0.0, 0.0, 0.0, 1.0],
                [1.0, 0.0, -0.0, -0.02, 0.0, -0.022239, 0.999768, 0.291425, 0.0, -0.999753, -0.02224, 0.0, 0.0, 0.0, 0.0, 1.0],
                [1.0, -0.0, -0.0, -0.02, -0.0, -0.024221, -0.79965, -0.01421, 0.0, 0.999534, -0.030276, -0.011572, 0.0, 0.0, 0.0, 1.0],
                [1.0, -0.0, -0.0, -0.02, -0.0, -0.079047, -0.661974, 0.291425, 0.0, 0.992946, -0.118573, 0.0, 0.0, 0.0, 0.0, 1.0],
                [1.0, -0.0, 0.0, -0.02, -0.0, -0.173648, -0.984823, 0.291426, 0.0, 0.984809, -0.173651, -0.0, 0.0, 0.0, 0.0, 1.0],
                [1.0, -0.0, 0.0, -0.02, -0.0, -0.150139, -0.98868, 0.291425, 0.0, 0.988666, -0.150141, 0.0, 0.0, 0.0, 0.0, 1.0],
                [1.000001, -0.0, 0.0, -0.02, -0.0, -0.150139, -0.988681, 0.291426, 0.0, 0.988666, -0.150141, 0.0, 0.0, 0.0, 0.0, 1.0],
                [1.000001, -0.0, 0.0, -0.02, -0.0, -0.150139, -0.98868, 0.291425, 0.0, 0.988667, -0.150141, -0.0, 0.0, 0.0, 0.0, 1.0],
                [1.0, -0.0, 0.0, -0.02, 0.0, -0.897891, -0.440217, 0.291425, -0.0, 0.440217, -0.897891, 0.0, 0.0, 0.0, 0.0, 1.0]
            ]
        },
        {
            "name": "Elbow_R",
            "time": [0.0, 0.0667, 0.1, 0.1333, 0.15, 0.1667, 0.2, 0.3, 0.5, 0.8, 1.1],
            "transform": [
                [-1.0, 0.0, -1e-06, -0.0, 0.0, 0.425282, -0.905061, 0.329779, 0.0, -0.905061, -0.425282, -0.0, 0.0, 0.0, 0.0, 1.0],
                [-0.999999, 0.0, 1e-06, -0.0, 1e-06, 0.002486, -0.999995, 0.329779, 2e-06, -0.999996, -0.002488, -0.0, 0.0, 0.0, 0.0, 1.0],
                [-1.0, 0.0, -0.0, 0.0, 0.0, 0.189424, -0.981895, 0.329779, 0.0, -0.981896, -0.189424, -0.0, 0.0, 0.0, 0.0, 1.0],
                [-0.999981, 0.0, 1.8e-05, 0.0, 2e-06, -0.008676, -0.999944, 0.329779, 1.9e-05, -0.999942, 0.008656, 0.0, 0.0, 0.0, 0.0, 1.0],
                [-0.999998, -0.0, 1e-06, -0.0, 0.0, 0.002745, -0.999995, 0.329779, -2e-06, -0.999995, -0.002744, 0.0, 0.0, 0.0, 0.0, 1.0],
                [-0.999982, -1e-06, 1.2e-05, 0.0, 1e-06, -0.007253, -0.999959, 0.329779, -1.2e-05, -0.99996, 0.007271, -0.0, 0.0, 0.0, 0.0, 1.0],
                [-0.999999, -0.0, -0.0, -0.0, 1e-06, 0.000736, -0.999999, 0.329779, 0.0, -1.000001, -0.000736, 0.0, 0.0, 0.0, 0.0, 1.0],
                [-1.0, 0.0, -1e-06, 0.0, 1e-06, -0.0, -1.0, 0.329779, 0.0, -1.000001, -0.0, 0.0, 0.0, 0.0, 0.0, 1.0],
                [-1.0, -0.0, -1e-06, 0.0, 1e-06, 0.0, -1.0, 0.329779, 0.0, -1.000001, -0.0, 0.0, 0.0, 0.0, 0.0, 1.0],
                [-1.0, 0.0, -0.0, -0.0, 1e-06, 0.0, -1.000001, 0.329779, 0.0, -1.0, -0.0, -0.0, 0.0, 0.0, 0.0, 1.0],
                [-1.0, -0.0, -1e-06, 0.0, 0.0, 0.092183, -0.995743, 0.329779, -0.0, -0.995742, -0.092183, 0.0, 0.0, 0.0, 0.0, 1.0]
            ]
        },
        {
            "name": "Shoulder_L",
            "time": [0.0, 0.0667, 0.1, 0.1333, 0.15, 0.1667, 0.2, 0.3, 0.5, 0.8, 1.1],
            "transform": [
                [-0.066468, -0.967176, -0.245258, 0.0, -0.0178, -0.244613, 0.969457, 0.4, -0.99763, 0.068803, -0.000956, 0.0, 0.0, 0.0, 0.0, 1.0],
                [-0.028701, -0.944274, -0.327905, 0.0, -0.007686, -0.327822, 0.944708, 0.400001, -0.999559, 0.029634, 0.002151, 0.0, 0.0, 0.0, 0.0, 1.0],
                [0.028896, -0.90613, -0.422011, -0.0, 0.007738, -0.421971, 0.906576, 0.4, -0.999552, -0.029462, -0.005182, -0.0, 0.0, 0.0, 0.0, 1.0],
                [0.112656, -0.89988, -0.421337, -0.0, 0.030168, -0.420743, 0.906678, 0.400001, -0.993176, -0.114854, -0.020252, 0.0, 0.0, 0.0, 0.0, 1.0],
                [0.132358, -0.897399, -0.4209, -0.0, 0.035444, -0.420079, 0.906795, 0.400001, -0.990568, -0.13494, -0.023794, 0.0, 0.0, 0.0, 0.0, 1.0],
                [0.16681, -0.89208, -0.419962, 0.0, 0.044669, -0.418655, 0.907046, 0.400001, -0.984977, -0.170063, -0.029987, -0.0, 0.0, 0.0, 0.0, 1.0],
                [0.230461, -0.878901, -0.417638, 0.0, 0.061714, -0.415125, 0.907668, 0.4, -0.971122, -0.234956, -0.041429, 0.0, 0.0, 0.0, 0.0, 1.0],
                [0.179698, -0.889766, -0.419554, -0.0, 0.048121, -0.418035, 0.907155, 0.4, -0.982544, -0.183203, -0.032304, -0.0, 0.0, 0.0, 0.0, 1.0],
                [0.179698, -0.889766, -0.419554, -0.0, 0.048121, -0.418035, 0.907155, 0.4, -0.982544, -0.183203, -0.032304, -0.0, 0.0, 0.0, 0.0, 1.0],
                [0.052353, -0.904973, -0.422235, 0.0, 0.014019, -0.422107, 0.906438, 0.4, -0.99853, -0.053374, -0.009412, 0.0, 0.0, 0.0, 0.0, 1.0],
                [0.000149, -0.952781, -0.303659, -0.0, 4e-05, -0.303659, 0.952781, 0.4, -1.0, -0.000154, -7e-06, 0.0, 0.0, 0.0, 0.0, 1.0]
            ]
        },
        {
            "name": "Arm_L",
            "time": [0.0, 0.0667, 0.1, 0.1333, 0.15, 0.1667, 0.2, 0.3, 0.5, 0.8, 1.1],
            "transform": [
                [0.223008, 0.182309, 0.957617, -0.0, 0.069224, 0.976914, -0.202104, 0.388212, -0.972356, 0.111361, 0.20524, 0.0, 0.0, 0.0, 0.0, 1.0],
                [0.021014, 0.591517, 0.806019, 0.0, 0.091989, 0.801633, -0.590697, 0.388212, -0.995538, 0.086558, -0.037567, 0.0, 0.0, 0.0, 0.0, 1.0],
                [-0.128226, 0.822728, 0.553783, 0.0, 0.218442, 0.568109, -0.793432, 0.388212, -0.967389, 0.019231, -0.252565, 0.0, 0.0, 0.0, 0.0, 1.0],
                [-0.081972, -0.064886, 0.99452, -0.0, 0.375398, 0.922374, 0.091121, 0.388212, -0.923232, 0.38081, -0.051251, 0.0, 0.0, 0.0, 0.0, 1.0],
                [0.184833, -0.056936, 0.981119, 0.0, 0.146282, 0.988793, 0.029824, 0.388212, -0.971822, 0.138008, 0.19109, 0.0, 0.0, 0.0, 0.0, 1.0],
                [0.900029, 0.030195, 0.434783, -0.0, -0.060108, 0.996663, 0.055211, 0.388212, -0.431665, -0.075825, 0.898841, 0.0, 0.0, 0.0, 0.0, 1.0],
                [0.941006, -0.151405, 0.302627, -0.0, 0.220585, 0.952649, -0.209287, 0.388212, -0.256611, 0.263696, 0.929847, -0.0, 0.0, 0.0, 0.0, 1.0],
                [0.95687, -0.202765, 0.208053, 2e-06, 0.162675, 0.967308, 0.194552, 0.388241, -0.2407, -0.152316, 0.958573, -9.1e-05, 0.0, 0.0, 0.0, 1.0],
                [0.95687, -0.202765, 0.208053, 2e-06, 0.162675, 0.967308, 0.194552, 0.388241, -0.2407, -0.152316, 0.958573, -9.1e-05, 0.0, 0.0, 0.0, 1.0],
                [0.633888, -0.002291, 0.773421, 1.1e-05, -0.42147, 0.837448, 0.347913, 0.388372, -0.648497, -0.546512, 0.529883, -0.0005, 0.0, 0.0, 0.0, 1.0],
                [0.008604, -0.109352, 0.993966, 1.9e-05, -0.854076, 0.516174, 0.06418, 0.388503, -0.520078, -0.849474, -0.088954, -0.000909, 0.0, 0.0, 0.0, 1.0]
            ]
        },
        {
            "name": "Hand_L",
            "time": [0.0, 0.0667, 0.1, 0.1333, 0.15, 0.1667, 0.2, 0.3, 0.5, 0.8, 1.1],
            "transform": [
                [0.998765, -0.043967, -0.02318, -0.0, 0.036095, 0.962226, -0.269851, 0.329779, 0.034168, 0.268681, 0.962624, -0.0, 0.0, 0.0, 0.0, 1.0],
                [0.999937, -0.007943, 0.00795, -0.0, 0.010867, 0.863677, -0.503929, 0.329779, -0.002863, 0.503984, 0.863709, -0.0, 0.0, 0.0, 0.0, 1.0],
                [0.998971, 0.034874, 0.028991, -0.0, -0.00422, 0.707974, -0.706226, 0.329779, -0.045154, 0.705377, 0.707393, -0.0, 0.0, 0.0, 0.0, 1.0],
                [0.996315, 0.081128, -0.02784, 0.0, -0.031879, 0.048924, -0.998295, 0.329779, -0.079628, 0.995503, 0.05133, 0.0, 0.0, 0.0, 0.0, 1.0],
                [0.995297, 0.096154, 0.011769, -0.0, -0.037685, 0.496248, -0.867363, 0.329779, -0.089241, 0.86284, 0.497538, -0.0, 0.0, 0.0, 0.0, 1.0],
                [0.994346, 0.091633, 0.05367, 0.0, -0.047181, 0.833981, -0.549774, 0.329779, -0.095137, 0.544132, 0.833588, -0.0, 0.0, 0.0, 0.0, 1.0],
                [0.9938, 0.108876, -0.022559, -0.0, -0.106061, 0.867345, -0.486277, 0.329779, -0.033377, 0.485654, 0.873514, 0.0, 0.0, 0.0, 0.0, 1.0],
                [0.995487, 0.093939, -0.013533, 0.0, -0.07688, 0.714521, -0.695378, 0.329779, -0.055653, 0.693279, 0.718518, -0.0, 0.0, 0.0, 0.0, 1.0],
                [0.995487, 0.093939, -0.013533, 0.0, -0.07688, 0.714521, -0.695378, 0.329779, -0.055653, 0.693279, 0.718518, -0.0, 0.0, 0.0, 0.0, 1.0],
                [0.998872, 0.047488, 2.7e-05, -0.0, -0.042057, 0.884892, -0.463895, 0.329779, -0.022053, 0.463371, 0.88589, 0.0, 0.0, 0.0, 0.0, 1.0],
                [1.0, 0.0, 0.0, -0.0, -0.0, 0.979783, -0.200062, 0.329779, -0.0, 0.200062, 0.979782, -0.0, 0.0, 0.0, 0.0, 1.0]
            ]
        },
        {
            "name": "Tool_L",
            "time": [0.0, 0.5, 0.8, 1.1],
            "transform": [
                [1.0, -0.0, 0.0, 0.02, -0.0, -1.0, 0.0, 0.291426, 0.0, -0.0, -1.0, -0.0, 0.0, 0.0, 0.0, 1.0],
                [1.0, -0.0, 0.0, 0.02, -0.0, -1.0, -0.0, 0.291426, 0.0, 0.0, -1.0, -0.0, 0.0, 0.0, 0.0, 1.0],
                [1.0, -0.0, 0.0, 0.02, -0.0, -1.0, -0.0, 0.291426, 0.0, 0.0, -1.0, 0.0, 0.0, 0.0, 0.0, 1.0],
                [1.0, -0.0, 0.0, 0.02, -0.0, -1.0, 0.0, 0.291426, 0.0, 0.0, -1.000001, -0.0, 0.0, 0.0, 0.0, 1.0]
            ]
        },
        {
            "name": "Elbow_L",
            "time": [0.0, 0.0667, 0.1, 0.1333, 0.15, 0.1667, 0.2, 0.3, 0.5, 0.8, 1.1],
            "transform": [
                [-1.0, 0.0, -0.0, 0.0, 0.0, 0.135673, -0.990754, 0.329779, 0.0, -0.990754, -0.135673, -0.0, 0.0, 0.0, 0.0, 1.0],
                [-1.0, 0.0, -0.0, -0.0, 0.0, 0.261044, -0.965327, 0.329779, 0.0, -0.965327, -0.261044, -0.0, 0.0, 0.0, 0.0, 1.0],
                [-1.0, 0.0, -0.0, -0.0, 0.0, 0.382024, -0.924153, 0.329779, -0.0, -0.924152, -0.382024, -0.0, 0.0, 0.0, 0.0, 1.0],
                [-1.0, 0.0, -0.0, 0.0, 0.0, 0.688661, -0.725084, 0.329779, 0.0, -0.725084, -0.68866, 0.0, 0.0, 0.0, 0.0, 1.0],
                [-1.0, 0.0, -0.0, -0.0, 0.0, 0.500235, -0.86589, 0.329779, 0.0, -0.86589, -0.500234, -0.0, 0.0, 0.0, 0.0, 1.0],
                [-1.0, 0.0, -1e-06, 0.0, 0.0, 0.285143, -0.958485, 0.329779, -0.0, -0.958485, -0.285143, -0.0, 0.0, 0.0, 0.0, 1.0],
                [-1.0, 0.0, 0.0, -0.0, 0.0, 0.250997, -0.967988, 0.329779, 0.0, -0.967988, -0.250998, 0.0, 0.0, 0.0, 0.0, 1.0],
                [-1.0, -0.0, -0.0, 0.0, 0.0, 0.374411, -0.927263, 0.329779, 0.0, -0.927263, -0.374411, -0.0, 0.0, 0.0, 0.0, 1.0],
                [-1.0, -0.0, -0.0, 0.0, 0.0, 0.374411, -0.927263, 0.329779, 0.0, -0.927263, -0.374411, -0.0, 0.0, 0.0, 0.0, 1.0],
                [-1.0, 0.0, -0.0, -0.0, 0.0, 0.238636, -0.971109, 0.329779, -0.0, -0.971109, -0.238636, 0.0, 0.0, 0.0, 0.0, 1.0],
                [-1.0, -0.0, -0.0, -0.0, 0.0, 0.10054, -0.994933, 0.329779, -0.0, -0.994933, -0.10054, -0.0, 0.0, 0.0, 0.0, 1.0]
            ]
        }
    ]
}