{
    "animation": [
        {
            "name": "Root",
            "time": [0.0, 0.3, 0.4857, 0.6143, 0.6714, 0.7857, 0.9571, 1.0857, 1.1857, 1.2714, 1.3571, 1.5714],
            "transform": [
                [0.973456, 0.0, -0.228875, -5e-06, -0.228875, 0.0, -0.973456, 0.06308, 0.0, 1.0, 0.0, 0.600905, 0.0, 0.0, 0.0, 1.0],
                [1.0, 0.0, 0.0, -5e-06, 0.0, 0.0, -1.0, 0.06308, 0.0, 1.0, 0.0, 0.600905, 0.0, 0.0, 0.0, 1.0],
                [1.0, 0.0, 0.0, -0.006498, 0.0, 0.0, -1.0, 0.26051, 0.0, 1.0, 0.0, 0.46027, 0.0, 0.0, 0.0, 1.0],
                [1.0, 0.0, 0.0, -0.006498, 0.0, 0.0, -1.0, 0.26051, 0.0, 1.0, 0.0, 0.46027, 0.0, 0.0, 0.0, 1.0],
                [0.894411, 0.0, 0.447246, -0.006498, 0.447246, 0.0, -0.894411, 2.075751, 0.0, 1.0, 0.0, 0.651835, 0.0, 0.0, 0.0, 1.0],
                [0.894411, 0.0, 0.447246, -0.006498, 0.447246, 0.0, -0.894411, 19.905954, 0.0, 1.0, 0.0, 0.651835, 0.0, 0.0, 0.0, 1.0],
                [0.894411, 0.0, 0.447246, -0.006498, 0.447246, 0.0, -0.894411, 19.905954, 0.0, 1.0, 0.0, 0.651835, 0.0, 0.0, 0.0, 1.0],
                [0.984612, 0.0, 0.174757, -0.006886, 0.174757, 0.0, -0.984612, 19.916939, 0.0, 1.0, 0.0, 0.677929, 0.0, 0.0, 0.0, 1.0],
                [0.984612, 0.0, 0.174757, -0.006886, 0.174757, 0.0, -0.984612, 19.916939, 0.0, 1.0, 0.0, 0.677929, 0.0, 0.0, 0.0, 1.0],
                [0.946422, 0.0, 0.322933, -0.006886, 0.322933, 0.0, -0.946422, 19.916939, 0.0, 1.0, 0.0, 0.677929, 0.0, 0.0, 0.0, 1.0],
                [0.996038, 0.0, 0.088926, -0.006886, 0.088926, 0.0, -0.996038, 19.916939, 0.0, 1.0, 0.0, 0.677929, 0.0, 0.0, 0.0, 1.0],
                [0.996038, 0.0, 0.088926, -0.006886, 0.088926, 0.0, -0.996038, 19.916939, 0.0, 1.0, 0.0, 0.677929, 0.0, 0.0, 0.0, 1.0]
            ]
        },
        {
            "name": "Thigh_R",
            "time": [0.0, 0.3, 0.3714, 0.4286, 0.4857, 0.5429, 0.5714, 0.6143, 0.6714, 0.7286, 0.7857, 0.8429, 0.9, 0.9571, 1.0143, 1.0286, 1.0857, 1.1286, 1.1857, 1.2286, 1.2714, 1.3143, 1.3571, 1.5714],
            "transform": [
                [0.956424, 0.25156, -0.148221, 0.124994, 0.290394, -0.872399, 0.393178, -0.002831, -0.030401, -0.419086, -0.907437, -1.2e-05, 0.0, 0.0, 0.0, 1.0],
                [0.928712, 0.360235, 0.087893, 0.120603, 0.296036, -0.863054, 0.409267, -0.002831, 0.223288, -0.35407, -0.908172, 0.032832, 0.0, 0.0, 0.0, 1.0],
                [0.866783, 0.471997, 0.160952, 0.114787, 0.372815, -0.827681, 0.419467, -0.002831, 0.331204, -0.30358, -0.893388, 0.049625, 0.0, 0.0, 0.0, 1.0],
                [0.799458, 0.567248, 0.19773, 0.109209, 0.482485, -0.802414, 0.351198, -0.002831, 0.357877, -0.185364, -0.915185, 0.060705, 0.0, 0.0, 0.0, 1.0],
                [0.763928, 0.607524, 0.217549, 0.106577, 0.541022, -0.786735, 0.297223, -0.002831, 0.351722, -0.109357, -0.929694, 0.065298, 0.0, 0.0, 0.0, 1.0],
                [0.767964, 0.603949, 0.213253, 0.106923, 0.539584, -0.789442, 0.292625, -0.002831, 0.34508, -0.109656, -0.932145, 0.064692, 0.0, 0.0, 0.0, 1.0],
                [0.775817, 0.596449, 0.205808, 0.107205, 0.535247, -0.79485, 0.285874, -0.002831, 0.334094, -0.111626, -0.935906, 0.064197, 0.0, 0.0, 0.0, 1.0],
                [0.799694, 0.569856, 0.189085, 0.110514, 0.519991, -0.814785, 0.256386, -0.002831, 0.300166, -0.106706, -0.9479, 0.058389, 0.0, 0.0, 0.0, 1.0],
                [0.928345, -0.3618, 0.085303, 0.124994, -0.019561, -0.276717, -0.960752, -0.002831, 0.371205, 0.890241, -0.263964, -1.2e-05, 0.0, 0.0, 0.0, 1.0],
                [0.891361, -0.445856, -0.081783, 0.124994, -0.110287, -0.038317, -0.993161, -0.002831, 0.439674, 0.894284, -0.083324, -1.2e-05, 0.0, 0.0, 0.0, 1.0],
                [0.892364, -0.445023, -0.075109, 0.124996, -0.108736, -0.050483, -0.992788, -0.002831, 0.438022, 0.894095, -0.093437, -1.2e-05, 0.0, 0.0, 0.0, 1.0],
                [0.921574, 0.13, 0.365787, 0.124996, 0.003428, -0.944948, 0.327201, -0.002831, 0.388186, -0.300284, -0.871287, -1.2e-05, 0.0, 0.0, 0.0, 1.0],
                [0.921574, 0.13, 0.365787, 0.124996, 0.003428, -0.944948, 0.327201, -0.002831, 0.388186, -0.300284, -0.871287, -1.2e-05, 0.0, 0.0, 0.0, 1.0],
                [0.921574, 0.13, 0.365787, 0.124996, 0.003428, -0.944948, 0.327201, -0.002831, 0.388186, -0.300284, -0.871287, -1.2e-05, 0.0, 0.0, 0.0, 1.0],
                [0.965725, 0.071389, 0.249557, 0.124994, -0.021798, -0.935732, 0.352037, -0.002831, 0.258651, -0.345409, -0.902104, -1.2e-05, 0.0, 0.0, 0.0, 1.0],
                [0.977655, 0.176093, 0.114818, 0.124994, 0.088895, -0.84125, 0.533287, -0.002831, 0.190498, -0.511162, -0.838107, -1.4e-05, 0.0, 0.0, 0.0, 1.0],
                [0.992503, 0.120166, -0.022319, 0.124994, 0.113112, -0.833896, 0.540205, -0.002831, 0.046302, -0.538678, -0.841238, -8e-06, 0.0, 0.0, 0.0, 1.0],
                [0.982513, 0.186015, -0.008067, 0.124994, 0.17733, -0.921663, 0.345094, -0.002831, 0.056758, -0.340488, -0.938534, -8e-06, 0.0, 0.0, 0.0, 1.0],
                [0.982513, 0.186015, -0.008067, 0.124994, 0.17733, -0.921663, 0.345094, -0.002831, 0.056758, -0.340488, -0.938534, -8e-06, 0.0, 0.0, 0.0, 1.0],
                [0.978185, 0.204009, 0.039162, 0.124993, 0.180074, -0.926719, 0.329796, -0.002831, 0.103573, -0.315547, -0.94324, -9e-06, 0.0, 0.0, 0.0, 1.0],
                [0.971562, 0.220069, 0.087391, 0.124995, 0.182902, -0.931879, 0.313286, -0.002831, 0.150382, -0.288391, -0.94563, -1.5e-05, 0.0, 0.0, 0.0, 1.0],
                [0.978627, 0.201949, 0.038806, 0.124994, 0.176734, -0.922412, 0.343396, -0.002831, 0.105143, -0.329197, -0.938389, -1.1e-05, 0.0, 0.0, 0.0, 1.0],
                [0.98379, 0.179185, -0.007114, 0.124994, 0.169054, -0.91346, 0.370151, -0.002831, 0.059827, -0.365351, -0.928945, -1.5e-05, 0.0, 0.0, 0.0, 1.0],
                [0.98379, 0.179185, -0.007114, 0.124994, 0.169054, -0.91346, 0.370151, -0.002831, 0.059827, -0.365351, -0.928945, -1.5e-05, 0.0, 0.0, 0.0, 1.0]
            ]
        },
        {
            "name": "Leg_R",
            "time": [0.0, 0.3, 0.3714, 0.4286, 0.4857, 0.5429, 0.5714, 0.6143, 0.6714, 0.7286, 0.7857, 0.8429, 0.9, 0.9571, 1.0143, 1.0286, 1.0857, 1.1286, 1.1857, 1.2286, 1.2714, 1.3143, 1.3571, 1.5714],
            "transform": [
                [1.0, 8.4e-05, 0.000134, 0.0, -0.000156, 0.376598, 0.926378, 0.37472, 2.8e-05, -0.926376, 0.376598, -0.0, 0.0, 0.0, 0.0, 1.0],
                [1.0, 8.5e-05, 0.000138, -0.0, -0.00016, 0.373581, 0.9276, 0.37472, 2.8e-05, -0.927596, 0.373581, -0.0, 0.0, 0.0, 0.0, 1.0],
                [1.0, 8.9e-05, 0.000186, 0.0, -0.000203, 0.250868, 0.968024, 0.37472, 3.9e-05, -0.96802, 0.250867, 0.0, 0.0, 0.0, 0.0, 1.0],
                [1.0, 0.000101, 0.000251, -0.0, -0.000263, 0.156429, 0.987691, 0.37472, 6.1e-05, -0.987688, 0.156429, 0.0, 0.0, 0.0, 0.0, 1.0],
                [1.0, 0.000115, 0.000284, -0.0, -0.000297, 0.138585, 0.990352, 0.37472, 7.5e-05, -0.99035, 0.138584, 0.0, 0.0, 0.0, 0.0, 1.0],
                [1.0, 0.000116, 0.000283, 0.0, -0.000296, 0.140549, 0.990075, 0.37472, 7.5e-05, -0.990072, 0.140549, 0.0, 0.0, 0.0, 0.0, 1.0],
                [1.0, 0.000115, 0.00028, 0.0, -0.000293, 0.141227, 0.989979, 0.37472, 7.5e-05, -0.989976, 0.141227, 0.0, 0.0, 0.0, 0.0, 1.0],
                [1.0, 0.000116, 0.000269, -0.0, -0.000283, 0.14948, 0.988766, 0.37472, 7.5e-05, -0.988764, 0.14948, 0.0, 0.0, 0.0, 0.0, 1.0],
                [1.0, 2.3e-05, -7e-06, 0.0, -2.3e-05, 0.999986, 0.005149, 0.37472, 7e-06, -0.005148, 0.999987, 0.0, 0.0, 0.0, 0.0, 1.0],
                [1.0, -1.4e-05, 5e-06, -0.0, 1.4e-05, 0.999983, 0.005787, 0.374719, -6e-06, -0.005787, 0.999984, -0.0, 0.0, 0.0, 0.0, 1.0],
                [1.0, -1.3e-05, 5e-06, -0.0, 1.3e-05, 0.999984, 0.005492, 0.374721, -5e-06, -0.005492, 0.999985, 0.0, 0.0, 0.0, 0.0, 1.0],
                [1.0, 3e-06, 4.4e-05, 0.0, -4e-05, -0.32238, 0.946611, 0.37472, 1.7e-05, -0.946609, -0.32238, 1e-06, 0.0, 0.0, 0.0, 1.0],
                [1.0, 3e-06, 4.4e-05, 0.0, -4e-05, -0.32238, 0.946611, 0.37472, 1.7e-05, -0.946609, -0.32238, 1e-06, 0.0, 0.0, 0.0, 1.0],
                [1.0, 3e-06, 4.4e-05, 0.0, -4e-05, -0.32238, 0.946611, 0.37472, 1.7e-05, -0.946609, -0.32238, 1e-06, 0.0, 0.0, 0.0, 1.0],
                [1.0, -9e-06, 1.8e-05, 0.0, -2e-05, -0.311253, 0.950327, 0.374721, -3e-06, -0.950327, -0.311253, 2e-06, 0.0, 0.0, 0.0, 1.0],
                [1.0, 4e-06, 7.4e-05, 0.0, -7.4e-05, -0.028457, 0.999597, 0.374722, 6e-06, -0.999594, -0.028457, 4e-06, 0.0, 0.0, 0.0, 1.0],
                [1.0, 1e-05, 7.8e-05, -0.0, -7.9e-05, 0.189783, 0.981828, 0.374718, -5e-06, -0.981825, 0.189783, -2e-06, 0.0, 0.0, 0.0, 1.0],
                [1.0, 9.1e-05, 6.1e-05, -0.0, -0.00011, 0.838102, 0.545513, 0.37472, -2e-06, -0.545512, 0.838103, -0.0, 0.0, 0.0, 0.0, 1.0],
                [1.0, 9.1e-05, 6.1e-05, -0.0, -0.00011, 0.838102, 0.545513, 0.37472, -2e-06, -0.545512, 0.838103, -0.0, 0.0, 0.0, 0.0, 1.0],
                [1.0, 8.8e-05, 6.1e-05, -1e-06, -0.000107, 0.835867, 0.548932, 0.374721, -2e-06, -0.548932, 0.835868, -2e-06, 0.0, 0.0, 0.0, 1.0],
                [1.0, 8.6e-05, 6e-05, 0.0, -0.000104, 0.834973, 0.550291, 0.374721, -3e-06, -0.55029, 0.834974, -4e-06, 0.0, 0.0, 0.0, 1.0],
                [1.0, 8.7e-05, 6e-05, -0.0, -0.000105, 0.836967, 0.547254, 0.37472, -3e-06, -0.547253, 0.836968, -0.0, 0.0, 0.0, 0.0, 1.0],
                [1.0, 8.7e-05, 6e-05, 0.0, -0.000106, 0.842232, 0.539115, 0.37472, -3e-06, -0.539114, 0.842233, -0.0, 0.0, 0.0, 0.0, 1.0],
                [1.0, 8.7e-05, 6e-05, 0.0, -0.000106, 0.842232, 0.539115, 0.37472, -3e-06, -0.539114, 0.842233, -0.0, 0.0, 0.0, 0.0, 1.0]
            ]
        },
        {
            "name": "Knee_R",
            "time": [0.0, 0.3, 0.4857, 0.6143, 0.6714, 0.7857, 0.9571, 1.0857, 1.1857, 1.2714, 1.3571, 1.5714],
            "transform": [
                [1.0, 0.0, -0.0, 0.0, -0.0, 1e-06, -1.0, 0.37472, -0.0, 1.0, 1e-06, -0.0, 0.0, 0.0, 0.0, 1.0],
                [1.0, 0.0, -0.0, -0.0, -0.0, 1e-06, -1.0, 0.37472, -0.0, 1.0, 1e-06, -0.0, 0.0, 0.0, 0.0, 1.0],
                [1.0, 0.0, -0.0, -0.0, -0.0, 1e-06, -1.0, 0.37472, -0.0, 1.0, 1e-06, 0.0, 0.0, 0.0, 0.0, 1.0],
                [1.0, 0.0, -0.0, 0.0, -0.0, 1e-06, -1.0, 0.37472, -0.0, 1.0, 1e-06, -0.0, 0.0, 0.0, 0.0, 1.0],
                [1.0, 0.0, -0.0, 0.0, -0.0, 1e-06, -1.0, 0.37472, -0.0, 1.0, 1e-06, 0.0, 0.0, 0.0, 0.0, 1.0],
                [1.0, 0.0, -0.0, 0.0, -0.0, 1e-06, -1.0, 0.374721, -0.0, 1.0, 1e-06, 0.0, 0.0, 0.0, 0.0, 1.0],
                [1.0, 0.0, -0.0, 0.0, -0.0, 1e-06, -1.0, 0.37472, -0.0, 1.0, 1e-06, 1e-06, 0.0, 0.0, 0.0, 1.0],
                [1.0, 0.0, -0.0, -0.0, -0.0, 1e-06, -1.0, 0.374718, -0.0, 1.0, 1e-06, -2e-06, 0.0, 0.0, 0.0, 1.0],
                [1.0, 0.0, -0.0, 0.0, -0.0, 1e-06, -1.0, 0.37472, -0.0, 1.0, 1e-06, -0.0, 0.0, 0.0, 0.0, 1.0],
                [1.0, 0.0, -0.0, 0.0, -0.0, 1e-06, -1.0, 0.374721, -0.0, 1.0, 1e-06, -2e-06, 0.0, 0.0, 0.0, 1.0],
                [1.0, 0.0, -0.0, 0.0, -0.0, 1e-06, -1.0, 0.374719, -0.0, 1.0, 1e-06, -2e-06, 0.0, 0.0, 0.0, 1.0],
                [1.0, 0.0, -0.0, 0.0, -0.0, 1e-06, -1.0, 0.374719, -0.0, 1.0, 1e-06, -2e-06, 0.0, 0.0, 0.0, 1.0]
            ]
        },
        {
            "name": "Thigh_L",
            "time": [0.0, 0.3, 0.3714, 0.4286, 0.4857, 0.5429, 0.5714, 0.6143, 0.6714, 0.7286, 0.7857, 0.8429, 0.9, 0.9571, 1.0143, 1.0286, 1.0857, 1.1286, 1.1857, 1.2286, 1.2714, 1.3143, 1.3571, 1.5714],
            "transform": [
                [0.948789, -0.305334, 0.081054, -0.125006, -0.257543, -0.599021, 0.758185, -0.002831, -0.182946, -0.740232, -0.646982, -1.2e-05, 0.0, 0.0, 0.0, 1.0],
                [0.959149, -0.112981, 0.25936, -0.120613, -0.273544, -0.604193, 0.748414, -0.002831, 0.072148, -0.788786, -0.610419, -0.032856, 0.0, 0.0, 0.0, 1.0],
                [0.908613, 0.003071, 0.417629, -0.114795, -0.341832, -0.569041, 0.747892, -0.002831, 0.239945, -0.822302, -0.515989, -0.04965, 0.0, 0.0, 0.0, 1.0],
                [0.833348, 0.07026, 0.548265, -0.109217, -0.439445, -0.517448, 0.734258, -0.002831, 0.335288, -0.852824, -0.40034, -0.060729, 0.0, 0.0, 0.0, 1.0],
                [0.768585, 0.060792, 0.636853, -0.106585, -0.547484, -0.452492, 0.703926, -0.002831, 0.330966, -0.889692, -0.314498, -0.065323, 0.0, 0.0, 0.0, 1.0],
                [0.756531, 0.019633, 0.653663, -0.10693, -0.585376, -0.425275, 0.690272, -0.002831, 0.29154, -0.90485, -0.310242, -0.064717, 0.0, 0.0, 0.0, 1.0],
                [0.759191, 0.017722, 0.650626, -0.107212, -0.583916, -0.423043, 0.692875, -0.002831, 0.287524, -0.905935, -0.310824, -0.064222, 0.0, 0.0, 0.0, 1.0],
                [0.789325, -0.005356, 0.613952, -0.110522, -0.565093, -0.397332, 0.723046, -0.002831, 0.240072, -0.917658, -0.316652, -0.058414, 0.0, 0.0, 0.0, 1.0],
                [0.792097, -0.533434, -0.296699, -0.125006, -0.549966, -0.412832, -0.726021, -0.002831, 0.264799, 0.738254, -0.620372, -1.2e-05, 0.0, 0.0, 0.0, 1.0],
                [0.809695, -0.443958, -0.383791, -0.125006, -0.441532, -0.030062, -0.896742, -0.002831, 0.386579, 0.895543, -0.22036, -1.2e-05, 0.0, 0.0, 0.0, 1.0],
                [0.811393, -0.443115, -0.381169, -0.125006, -0.440934, -0.035956, -0.896819, -0.002831, 0.38369, 0.895743, -0.224557, -1.2e-05, 0.0, 0.0, 0.0, 1.0],
                [0.904605, -0.34718, -0.247296, -0.125006, -0.37732, -0.382335, -0.843475, -0.002831, 0.198288, 0.856322, -0.476858, -1.2e-05, 0.0, 0.0, 0.0, 1.0],
                [0.904605, -0.34718, -0.247296, -0.125006, -0.37732, -0.382335, -0.843475, -0.002831, 0.198288, 0.856322, -0.476858, -1.2e-05, 0.0, 0.0, 0.0, 1.0],
                [0.904605, -0.34718, -0.247296, -0.125006, -0.37732, -0.382335, -0.843475, -0.002831, 0.198288, 0.856322, -0.476858, -1.2e-05, 0.0, 0.0, 0.0, 1.0],
                [0.955308, -0.235769, -0.178327, -0.125006, -0.260443, -0.3859, -0.885014, -0.002831, 0.139843, 0.891906, -0.430056, -1.1e-05, 0.0, 0.0, 0.0, 1.0],
                [0.973423, -0.228868, 0.008259, -0.125007, -0.222899, -0.955087, -0.195252, -0.002831, 0.052576, 0.188224, -0.980718, -1.2e-05, 0.0, 0.0, 0.0, 1.0],
                [0.990698, -0.132923, 0.029123, -0.125006, -0.131475, -0.990206, -0.046966, -0.002831, 0.035081, 0.042702, -0.998472, -1e-05, 0.0, 0.0, 0.0, 1.0],
                [0.990397, -0.135863, 0.025609, -0.125006, -0.138172, -0.979067, 0.149451, -0.002831, 0.004769, -0.151552, -0.988438, -1e-05, 0.0, 0.0, 0.0, 1.0],
                [0.990397, -0.135863, 0.025609, -0.125006, -0.138172, -0.979067, 0.149451, -0.002831, 0.004769, -0.151552, -0.988438, -1e-05, 0.0, 0.0, 0.0, 1.0],
                [0.987943, -0.12584, 0.090182, -0.125007, -0.139608, -0.975913, 0.16764, -0.002831, 0.066915, -0.178207, -0.981715, -1.3e-05, 0.0, 0.0, 0.0, 1.0],
                [0.981532, -0.113786, 0.153779, -0.125006, -0.141659, -0.972559, 0.184554, -0.002831, 0.128559, -0.202928, -0.970717, -1.2e-05, 0.0, 0.0, 0.0, 1.0],
                [0.988388, -0.123555, 0.088447, -0.125006, -0.136029, -0.978862, 0.152722, -0.002831, 0.067708, -0.162978, -0.984304, -1.2e-05, 0.0, 0.0, 0.0, 1.0],
                [0.991487, -0.128428, 0.021434, -0.125006, -0.130065, -0.984498, 0.117671, -0.002831, 0.005989, -0.119455, -0.992821, -1.2e-05, 0.0, 0.0, 0.0, 1.0],
                [0.991487, -0.128428, 0.021434, -0.125006, -0.130065, -0.984498, 0.117671, -0.002831, 0.005989, -0.119455, -0.992821, -1.2e-05, 0.0, 0.0, 0.0, 1.0]
            ]
        },
        {
            "name": "Leg_L",
            "time": [0.0, 0.3, 0.3714, 0.4286, 0.4857, 0.5429, 0.5714, 0.6143, 0.6714, 0.7286, 0.7857, 0.8429, 0.9, 0.9571, 1.0143, 1.0286, 1.0857, 1.1286, 1.1857, 1.2286, 1.2714, 1.3143, 1.3571, 1.5714],
            "transform": [
                [1.0, -0.000116, -9e-05, 0.0, 0.000142, 0.597751, 0.801683, 0.37472, -3.9e-05, -0.801681, 0.597752, 0.0, 0.0, 0.0, 0.0, 1.0],
                [1.0, -0.000122, -9.6e-05, 0.0, 0.00015, 0.590271, 0.807206, 0.37472, -4.2e-05, -0.807204, 0.590271, 0.0, 0.0, 0.0, 0.0, 1.0],
                [1.0, -0.00011, -0.000166, -0.0, 0.00019, 0.265475, 0.964119, 0.37472, -6.2e-05, -0.964116, 0.265475, 0.0, 0.0, 0.0, 0.0, 1.0],
                [1.0, -0.000105, -0.000241, -0.0, 0.000246, 0.045624, 0.998961, 0.37472, -9.4e-05, -0.998957, 0.045623, -0.0, 0.0, 0.0, 0.0, 1.0],
                [1.0, -0.000146, -0.000299, 0.0, 0.00031, 0.07877, 0.996895, 0.37472, -0.000122, -0.996891, 0.078769, 0.0, 0.0, 0.0, 0.0, 1.0],
                [1.0, -0.000194, -0.000303, 0.0, 0.000337, 0.21148, 0.977384, 0.37472, -0.000125, -0.977381, 0.211479, 0.0, 0.0, 0.0, 0.0, 1.0],
                [1.0, -0.000193, -0.000302, -0.0, 0.000336, 0.212071, 0.977256, 0.37472, -0.000125, -0.977253, 0.21207, 0.0, 0.0, 0.0, 0.0, 1.0],
                [1.0, -0.000187, -0.000295, 0.0, 0.000328, 0.219168, 0.975689, 0.37472, -0.000118, -0.975686, 0.219168, -0.0, 0.0, 0.0, 0.0, 1.0],
                [1.0, -0.000224, 0.000115, -0.0, 0.000223, 0.999987, 0.004953, 0.37472, -0.000116, -0.004952, 0.999988, 0.0, 0.0, 0.0, 0.0, 1.0],
                [1.0, -0.000217, 0.000101, -0.0, 0.000216, 0.999985, 0.005326, 0.37472, -0.000102, -0.005326, 0.999987, -0.0, 0.0, 0.0, 0.0, 1.0],
                [1.0, -0.00022, 0.000101, 1e-06, 0.000219, 0.999981, 0.006045, 0.374717, -0.000102, -0.006045, 0.999983, 2e-06, 0.0, 0.0, 0.0, 1.0],
                [1.0, -0.000174, 0.000172, 1e-06, 0.000173, 0.999987, 0.005073, 0.374718, -0.000173, -0.005073, 0.999988, 2e-06, 0.0, 0.0, 0.0, 1.0],
                [1.0, -0.000174, 0.000172, 1e-06, 0.000173, 0.999987, 0.005073, 0.374718, -0.000173, -0.005073, 0.999988, 2e-06, 0.0, 0.0, 0.0, 1.0],
                [1.0, -0.000174, 0.000172, 1e-06, 0.000173, 0.999987, 0.005073, 0.374718, -0.000173, -0.005073, 0.999988, 2e-06, 0.0, 0.0, 0.0, 1.0],
                [1.0, -0.000116, 8.6e-05, -0.0, 0.000116, 0.999987, 0.005077, 0.374717, -8.7e-05, -0.005077, 0.999988, -3e-06, 0.0, 0.0, 0.0, 1.0],
                [1.0, -0.000104, -8.9e-05, 0.0, 0.000129, 0.497123, 0.86768, 0.374721, -4.6e-05, -0.867681, 0.497124, -2e-06, 0.0, 0.0, 0.0, 1.0],
                [1.0, -4.6e-05, -5.5e-05, 0.0, 7.1e-05, 0.524556, 0.851377, 0.37472, -1e-05, -0.851376, 0.524557, -1e-06, 0.0, 0.0, 0.0, 1.0],
                [1.0, -7.5e-05, -3.4e-05, 0.0, 8.3e-05, 0.895261, 0.445543, 0.37472, -3e-06, -0.445542, 0.895262, 1e-06, 0.0, 0.0, 0.0, 1.0],
                [1.0, -7.5e-05, -3.4e-05, 0.0, 8.3e-05, 0.895261, 0.445543, 0.37472, -3e-06, -0.445542, 0.895262, 1e-06, 0.0, 0.0, 0.0, 1.0],
                [1.0, -8.2e-05, -3.8e-05, -0.0, 9e-05, 0.89199, 0.452055, 0.37472, -3e-06, -0.452054, 0.891991, -1e-06, 0.0, 0.0, 0.0, 1.0],
                [1.0, -8.9e-05, -4.2e-05, -1e-06, 9.8e-05, 0.88982, 0.456312, 0.374721, -3e-06, -0.456311, 0.889821, -3e-06, 0.0, 0.0, 0.0, 1.0],
                [1.0, -7.8e-05, -3.6e-05, 0.0, 8.6e-05, 0.89368, 0.448707, 0.37472, -3e-06, -0.448706, 0.89368, 0.0, 0.0, 0.0, 0.0, 1.0],
                [1.0, -6.9e-05, -3e-05, -0.0, 7.5e-05, 0.900502, 0.434853, 0.37472, -3e-06, -0.434852, 0.900503, -0.0, 0.0, 0.0, 0.0, 1.0],
                [1.0, -6.9e-05, -3e-05, -0.0, 7.5e-05, 0.900502, 0.434853, 0.37472, -3e-06, -0.434852, 0.900503, -0.0, 0.0, 0.0, 0.0, 1.0]
            ]
        },
        {
            "name": "Knee_L",
            "time": [0.0, 0.3, 0.4857, 0.6143, 0.6714, 0.7857, 0.9571, 1.0857, 1.1857, 1.2714, 1.3571, 1.5714],
            "transform": [
                [1.0, 0.0, -0.0, 0.0, -0.0, 1e-06, -1.0, 0.37472, -0.0, 1.0, 1e-06, -0.0, 0.0, 0.0, 0.0, 1.0],
                [1.0, 0.0, -0.0, 0.0, -0.0, 1e-06, -1.0, 0.37472, -0.0, 1.0, 1e-06, 0.0, 0.0, 0.0, 0.0, 1.0],
                [1.0, -0.0, -0.0, 0.0, -0.0, 1e-06, -1.0, 0.37472, -0.0, 1.0, 1e-06, 0.0, 0.0, 0.0, 0.0, 1.0],
                [1.0, 0.0, -0.0, -0.0, -0.0, 1e-06, -1.0, 0.37472, 0.0, 1.0, 1e-06, -0.0, 0.0, 0.0, 0.0, 1.0],
                [1.0, 0.0, -0.0, -0.0, -0.0, 1e-06, -1.0, 0.37472, -0.0, 1.0, 1e-06, 0.0, 0.0, 0.0, 0.0, 1.0],
                [1.0, 0.0, -0.0, 0.0, -0.0, 1e-06, -1.0, 0.374717, -0.0, 1.0, 1e-06, 0.0, 0.0, 0.0, 0.0, 1.0],
                [1.0, 0.0, -0.0, -0.0, -0.0, 1e-06, -1.0, 0.374717, -0.0, 1.0, 1e-06, 0.0, 0.0, 0.0, 0.0, 1.0],
                [1.0, 0.0, -0.0, 0.0, -0.0, 1e-06, -1.0, 0.37472, -0.0, 1.0, 1e-06, -1e-06, 0.0, 0.0, 0.0, 1.0],
                [1.0, 0.0, -0.0, 0.0, -0.0, 1e-06, -1.0, 0.37472, -0.0, 1.0, 1e-06, 1e-06, 0.0, 0.0, 0.0, 1.0],
                [1.0, 0.0, -0.0, -0.0, -0.0, 1e-06, -1.0, 0.37472, -0.0, 1.0, 1e-06, -1e-06, 0.0, 0.0, 0.0, 1.0],
                [1.0, 0.0, -0.0, 0.0, -0.0, 1e-06, -1.0, 0.37472, -0.0, 1.0, 1e-06, 1e-06, 0.0, 0.0, 0.0, 1.0],
                [1.0, 0.0, -0.0, 0.0, -0.0, 1e-06, -1.0, 0.37472, -0.0, 1.0, 1e-06, 1e-06, 0.0, 0.0, 0.0, 1.0]
            ]
        },
        {
            "name": "Torso",
            "time": [0.0, 0.3, 0.4857, 0.6143, 0.6714, 0.7857, 0.9571, 1.0857, 1.1857, 1.2714, 1.3571, 1.5714],
            "transform": [
                [1.0, 0.0, -0.0, 0.0, -0.0, 0.989291, -0.14596, 0.05, 0.0, 0.14596, 0.989291, -0.0, 0.0, 0.0, 0.0, 1.0],
                [0.964863, -0.038351, -0.25994, 0.0, -0.0, 0.989291, -0.14596, 0.05, 0.262754, 0.140831, 0.95453, 0.0, 0.0, 0.0, 0.0, 1.0],
                [0.852648, -0.102763, -0.512281, 0.0, -0.0, 0.980468, -0.19668, 0.05, 0.522487, 0.167699, 0.835993, 0.0, 0.0, 0.0, 0.0, 1.0],
                [0.884146, -0.091891, -0.458084, 0.0, -0.0, 0.980468, -0.19668, 0.05, 0.46721, 0.173894, 0.866877, 0.0, 0.0, 0.0, 0.0, 1.0],
                [0.98551, 0.165046, -0.039103, -0.0, -0.107841, 0.787649, 0.606613, 0.05, 0.130918, -0.593606, 0.794035, 0.0, 0.0, 0.0, 0.0, 1.0],
                [0.98551, 0.165046, -0.039103, 0.0, -0.107841, 0.787649, 0.606613, 0.05, 0.130918, -0.593606, 0.794035, 1e-06, 0.0, 0.0, 0.0, 1.0],
                [0.98551, 0.165046, -0.039103, 0.0, -0.107841, 0.787649, 0.606613, 0.05, 0.130918, -0.593606, 0.794035, 1e-06, 0.0, 0.0, 0.0, 1.0],
                [1.0, 0.0, 0.0, -0.0, 0.0, 0.999955, -0.009438, 0.05, 0.0, 0.009438, 0.999955, 0.0, 0.0, 0.0, 0.0, 1.0],
                [1.0, 0.0, 0.0, -0.0, 0.0, 0.999955, -0.009438, 0.05, 0.0, 0.009438, 0.999955, 0.0, 0.0, 0.0, 0.0, 1.0],
                [1.0, 0.0, 0.0, 0.0, 0.0, 0.999955, -0.009438, 0.05, 0.0, 0.009438, 0.999955, 0.0, 0.0, 0.0, 0.0, 1.0],
                [1.0, 0.0, 0.0, 0.0, 0.0, 0.999955, -0.009438, 0.05, 0.0, 0.009438, 0.999955, -0.0, 0.0, 0.0, 0.0, 1.0],
                [1.0, 0.0, 0.0, 0.0, 0.0, 0.999955, -0.009438, 0.05, 0.0, 0.009438, 0.999955, -0.0, 0.0, 0.0, 0.0, 1.0]
            ]
        },
        {
            "name": "Chest",
            "time": [0.0, 0.3, 0.4857, 0.6143, 0.6714, 0.7857, 0.9571, 1.0857, 1.1857, 1.2714, 1.3571, 1.5714],
            "transform": [
                [0.969896, 0.0, -0.24352, 0.0, 0.116527, 0.878081, 0.464107, 0.3, 0.21383, -0.478512, 0.851647, -0.0, 0.0, 0.0, 0.0, 1.0],
                [0.969896, -0.0, -0.24352, 0.0, 0.116527, 0.878081, 0.464107, 0.3, 0.21383, -0.478512, 0.851647, 0.0, 0.0, 0.0, 0.0, 1.0],
                [0.832357, -0.180707, -0.523953, -0.0, 0.477305, 0.714225, 0.51192, 0.3, 0.281713, -0.676185, 0.680743, -0.0, 0.0, 0.0, 0.0, 1.0],
                [0.832357, -0.180708, -0.523953, -0.0, 0.477305, 0.714225, 0.51192, 0.3, 0.281713, -0.676185, 0.680743, -0.0, 0.0, 0.0, 0.0, 1.0],
                [0.959642, 0.049213, 0.276885, 0.0, -0.079196, 0.992014, 0.098163, 0.3, -0.269843, -0.116129, 0.955876, -0.0, 0.0, 0.0, 0.0, 1.0],
                [0.959642, 0.049213, 0.276885, -0.0, -0.079196, 0.992014, 0.098163, 0.3, -0.269843, -0.116129, 0.955876, 1e-06, 0.0, 0.0, 0.0, 1.0],
                [0.959642, 0.049213, 0.276885, -0.0, -0.079196, 0.992014, 0.098163, 0.3, -0.269843, -0.116129, 0.955876, 1e-06, 0.0, 0.0, 0.0, 1.0],
                [0.919581, 0.0, 0.392902, 0.0, -0.009389, 0.999714, 0.021975, 0.3, -0.392789, -0.023897, 0.919318, 2e-06, 0.0, 0.0, 0.0, 1.0],
                [0.919581, 0.0, 0.392902, 0.0, -0.009389, 0.999714, 0.021975, 0.3, -0.392789, -0.023897, 0.919318, 2e-06, 0.0, 0.0, 0.0, 1.0],
                [0.903087, 0.0, 0.429457, 0.0, -0.010263, 0.999714, 0.021581, 0.3, -0.429335, -0.023897, 0.902829, -1e-06, 0.0, 0.0, 0.0, 1.0],
                [0.959059, -0.0, -0.283206, -0.0, 0.006768, 0.999714, 0.022918, 0.3, 0.283125, -0.023897, 0.958785, 0.0, 0.0, 0.0, 0.0, 1.0],
                [0.959059, -0.0, -0.283206, -0.0, 0.006768, 0.999714, 0.022918, 0.3, 0.283125, -0.023897, 0.958785, 0.0, 0.0, 0.0, 0.0, 1.0]
            ]
        },
        {
            "name": "Head",
            "time": [0.0, 0.3, 0.4857, 0.6143, 0.6714, 0.7857, 0.9571, 1.0857, 1.1857, 1.2714, 1.3571, 1.5714],
            "transform": [
                [0.894119, 0.066187, 0.442911, 0.0, 0.040343, 0.973092, -0.226857, 0.4, -0.446008, 0.220706, 0.86739, -0.0, 0.0, 0.0, 0.0, 1.0],
                [0.894119, 0.066187, 0.442911, -0.0, 0.040343, 0.973092, -0.226857, 0.4, -0.446008, 0.220706, 0.86739, 0.0, 0.0, 0.0, 0.0, 1.0],
                [0.562185, 0.370803, 0.739225, 0.0, 0.101191, 0.856293, -0.506482, 0.4, -0.820798, 0.359539, 0.443873, -0.0, 0.0, 0.0, 0.0, 1.0],
                [0.562185, 0.370803, 0.739225, 0.0, 0.101191, 0.856293, -0.506482, 0.4, -0.820798, 0.359539, 0.443873, 0.0, 0.0, 0.0, 0.0, 1.0],
                [0.833402, -0.287863, -0.47178, -0.0, -0.156212, 0.696138, -0.700707, 0.4, 0.530131, 0.657668, 0.535195, -0.0, 0.0, 0.0, 0.0, 1.0],
                [0.833402, -0.287863, -0.47178, 1e-06, -0.156212, 0.696138, -0.700707, 0.400002, 0.530131, 0.657668, 0.535195, 0.0, 0.0, 0.0, 0.0, 1.0],
                [0.833402, -0.287863, -0.47178, 1e-06, -0.156212, 0.696138, -0.700707, 0.400002, 0.530131, 0.657668, 0.535195, 0.0, 0.0, 0.0, 0.0, 1.0],
                [0.79076, -0.0, -0.612126, 1e-06, 0.0, 1.0, 0.0, 0.4, 0.612126, -0.0, 0.79076, -1e-06, 0.0, 0.0, 0.0, 1.0],
                [0.79076, -0.0, -0.612126, 1e-06, 0.0, 1.0, 0.0, 0.4, 0.612126, -0.0, 0.79076, -1e-06, 0.0, 0.0, 0.0, 1.0],
                [0.79076, -0.0, -0.612126, 1e-06, 0.0, 1.0, -0.0, 0.4, 0.612126, -0.0, 0.79076, -2e-06, 0.0, 0.0, 0.0, 1.0],
                [0.974924, -0.024832, 0.221148, 1e-06, 0.020757, 0.99957, 0.020733, 0.4, -0.221568, -0.015622, 0.97502, 1e-06, 0.0, 0.0, 0.0, 1.0],
                [0.974924, -0.024832, 0.221148, 1e-06, 0.020757, 0.99957, 0.020733, 0.4, -0.221568, -0.015622, 0.97502, 1e-06, 0.0, 0.0, 0.0, 1.0]
            ]
        },
        {
            "name": "Shoulder_R",
            "time": [0.0, 0.3, 0.4857, 0.6143, 0.6714, 0.7857, 0.9571, 1.0857, 1.1857, 1.2714, 1.3571, 1.5714],
            "transform": [
                [-0.127567, 0.948196, 0.290949, 0.0, -0.141028, -0.307705, 0.940972, 0.4, 0.981752, 0.079005, 0.172975, -0.0, 0.0, 0.0, 0.0, 1.0],
                [-0.127567, 0.948196, 0.290949, -0.0, -0.141028, -0.307705, 0.940972, 0.4, 0.981752, 0.079005, 0.172975, 0.0, 0.0, 0.0, 0.0, 1.0],
                [0.125444, 0.937547, 0.324454, 0.0, -0.017019, -0.324955, 0.945576, 0.4, 0.991955, -0.124139, -0.024808, -0.0, 0.0, 0.0, 0.0, 1.0],
                [0.125444, 0.937547, 0.324454, 0.0, -0.017019, -0.324955, 0.945576, 0.4, 0.991955, -0.124139, -0.024808, 0.0, 0.0, 0.0, 0.0, 1.0],
                [0.005694, 0.991189, -0.13233, -0.0, -0.264699, 0.129106, 0.955649, 0.4, 0.964314, 0.029586, 0.263102, -0.0, 0.0, 0.0, 0.0, 1.0],
                [0.005694, 0.991189, -0.13233, 1e-06, -0.264699, 0.129106, 0.955649, 0.400002, 0.964314, 0.029586, 0.263102, 0.0, 0.0, 0.0, 0.0, 1.0],
                [0.005694, 0.991189, -0.13233, 1e-06, -0.264699, 0.129106, 0.955649, 0.400002, 0.964314, 0.029586, 0.263102, 0.0, 0.0, 0.0, 0.0, 1.0],
                [0.045627, 0.926781, 0.372819, 1e-06, 0.043064, -0.374686, 0.926151, 0.4, 0.99803, -0.026202, -0.057007, -1e-06, 0.0, 0.0, 0.0, 1.0],
                [0.045627, 0.926781, 0.372819, 1e-06, 0.043064, -0.374686, 0.926151, 0.4, 0.99803, -0.026202, -0.057007, -1e-06, 0.0, 0.0, 0.0, 1.0],
                [0.202695, 0.873504, 0.442611, 1e-06, 0.043639, -0.459602, 0.887052, 0.4, 0.978269, -0.160486, -0.131278, -2e-06, 0.0, 0.0, 0.0, 1.0],
                [-0.120823, 0.862292, 0.491786, 1e-06, 0.144372, -0.474884, 0.868126, 0.4, 0.982119, 0.175889, -0.067114, 1e-06, 0.0, 0.0, 0.0, 1.0],
                [-0.120823, 0.862292, 0.491786, 1e-06, 0.144372, -0.474884, 0.868126, 0.4, 0.982119, 0.175889, -0.067114, 1e-06, 0.0, 0.0, 0.0, 1.0]
            ]
        },
        {
            "name": "Arm_R",
            "time": [0.0, 0.3, 0.4857, 0.6143, 0.6714, 0.7857, 0.9571, 1.0857, 1.1857, 1.2714, 1.3571, 1.5714],
            "transform": [
                [0.202068, -0.880895, -0.428011, 0.0, 0.252173, 0.469089, -0.846383, 0.393861, 0.946349, 0.063094, 0.316926, 0.0, 0.0, 0.0, 0.0, 1.0],
                [0.202068, -0.880895, -0.428011, -0.0, 0.252173, 0.469089, -0.846383, 0.39386, 0.946349, 0.063094, 0.316926, 0.0, 0.0, 0.0, 0.0, 1.0],
                [0.363133, -0.250803, -0.897348, -0.0, 0.036058, 0.966152, -0.255442, 0.39386, 0.931039, 0.060403, 0.359885, 0.0, 0.0, 0.0, 0.0, 1.0],
                [0.363133, -0.250803, -0.897348, -0.0, 0.036057, 0.966152, -0.255442, 0.39386, 0.931039, 0.060403, 0.359885, -0.0, 0.0, 0.0, 0.0, 1.0],
                [0.225329, -0.530813, -0.816985, -0.0, -0.44033, 0.692539, -0.571402, 0.393861, 0.869101, 0.488497, -0.077684, 0.0, 0.0, 0.0, 0.0, 1.0],
                [0.225329, -0.530813, -0.816985, -1e-06, -0.44033, 0.692539, -0.571402, 0.393861, 0.869101, 0.488497, -0.077684, 0.0, 0.0, 0.0, 0.0, 1.0],
                [0.225329, -0.530813, -0.816985, -1e-06, -0.44033, 0.692539, -0.571402, 0.393861, 0.869101, 0.488497, -0.077684, 0.0, 0.0, 0.0, 0.0, 1.0],
                [-0.040724, -0.974436, 0.220944, -0.0, 0.067583, -0.223308, -0.972402, 0.393862, 0.996882, -0.024668, 0.074949, -0.0, 0.0, 0.0, 0.0, 1.0],
                [-0.040724, -0.974436, 0.220944, -0.0, 0.067583, -0.223308, -0.972402, 0.393862, 0.996882, -0.024668, 0.074949, -0.0, 0.0, 0.0, 0.0, 1.0],
                [-0.040724, -0.974436, 0.220944, -1e-06, 0.067583, -0.223308, -0.972402, 0.393859, 0.996882, -0.024668, 0.074949, -1e-06, 0.0, 0.0, 0.0, 1.0],
                [0.007083, 0.143807, -0.98958, 1e-06, 0.280944, 0.94946, 0.139987, 0.393861, 0.959697, -0.279009, -0.033677, -0.0, 0.0, 0.0, 0.0, 1.0],
                [0.007083, 0.143807, -0.98958, 1e-06, 0.280944, 0.94946, 0.139987, 0.393861, 0.959697, -0.279009, -0.033677, -0.0, 0.0, 0.0, 0.0, 1.0]
            ]
        },
        {
            "name": "Hand_R",
            "time": [0.0, 0.3, 0.4857, 0.6143, 0.6714, 0.7857, 0.9571, 1.0857, 1.1857, 1.2714, 1.3571, 1.5714],
            "transform": [
                [1.0, 0.0, -0.0, 0.0, -0.0, 0.661488, -0.749956, 0.3, -0.0, 0.749956, 0.661488, 0.0, 0.0, 0.0, 0.0, 1.0],
                [1.0, 0.0, 0.0, 0.0, -0.0, 0.661488, -0.749956, 0.3, -0.0, 0.749956, 0.661488, 0.0, 0.0, 0.0, 0.0, 1.0],
                [1.0, 0.0, -0.0, -0.0, -0.0, -0.376509, -0.926414, 0.3, -0.0, 0.926413, -0.376509, 0.0, 0.0, 0.0, 0.0, 1.0],
                [1.0, 0.0, -0.0, 0.0, -0.0, -0.376509, -0.926414, 0.3, -0.0, 0.926413, -0.376509, 0.0, 0.0, 0.0, 0.0, 1.0],
                [1.0, 0.0, -0.0, 0.0, -0.0, 0.923299, -0.384082, 0.3, -0.0, 0.384082, 0.923299, -0.0, 0.0, 0.0, 0.0, 1.0],
                [1.0, 0.0, -0.0, 0.0, -0.0, 0.923299, -0.384082, 0.300003, -0.0, 0.384082, 0.923299, 0.0, 0.0, 0.0, 0.0, 1.0],
                [1.0, 0.0, -0.0, 0.0, -0.0, 0.923299, -0.384082, 0.300003, -0.0, 0.384082, 0.923299, 0.0, 0.0, 0.0, 0.0, 1.0],
                [1.0, 0.0, 0.0, -0.0, -0.0, 0.779646, -0.626221, 0.299999, -0.0, 0.626221, 0.779646, 1e-06, 0.0, 0.0, 0.0, 1.0],
                [1.0, 0.0, 0.0, -0.0, -0.0, 0.779646, -0.626221, 0.299999, -0.0, 0.626221, 0.779646, 1e-06, 0.0, 0.0, 0.0, 1.0],
                [1.0, 0.0, 0.0, 0.0, -0.0, 0.779646, -0.62622, 0.3, -0.0, 0.626221, 0.779646, -0.0, 0.0, 0.0, 0.0, 1.0],
                [1.0, 0.0, 0.0, 1e-06, 0.0, 0.963667, -0.267106, 0.3, 0.0, 0.267106, 0.963667, -0.0, 0.0, 0.0, 0.0, 1.0],
                [1.0, 0.0, 0.0, 1e-06, 0.0, 0.963667, -0.267106, 0.3, 0.0, 0.267106, 0.963667, -0.0, 0.0, 0.0, 0.0, 1.0]
            ]
        },
        {
            "name": "Tool_R",
            "time": [0.0, 0.3, 0.4857, 0.6143, 0.6714, 0.7857, 0.9571, 1.0857, 1.1857, 1.2714, 1.3571, 1.5714],
            "transform": [
                [0.693194, 0.578944, 0.429309, 0.0, 0.474005, 0.082521, -0.876647, 0.272858, -0.542628, 0.810699, -0.217099, 0.0, 0.0, 0.0, 0.0, 1.0],
                [0.693194, 0.578944, 0.429309, 0.0, 0.474005, 0.082521, -0.876647, 0.272858, -0.542627, 0.810699, -0.217099, 0.0, 0.0, 0.0, 0.0, 1.0],
                [-0.009356, 0.99629, 0.085547, 0.0, 0.351976, 0.083357, -0.93229, 0.272858, -0.935401, 0.021377, -0.351251, -0.0, 0.0, 0.0, 0.0, 1.0],
                [-0.009356, 0.99629, 0.085547, -0.0, 0.351976, 0.083357, -0.93229, 0.272858, -0.935401, 0.021377, -0.351251, 0.0, 0.0, 0.0, 0.0, 1.0],
                [-0.11026, 0.986132, 0.124042, -0.0, -0.203834, 0.099715, -0.973914, 0.272858, -0.972199, -0.132587, 0.189889, -0.0, 0.0, 0.0, 0.0, 1.0],
                [-0.11026, 0.986132, 0.124042, -0.0, -0.203834, 0.099715, -0.973914, 0.272857, -0.972199, -0.132587, 0.189889, 0.0, 0.0, 0.0, 0.0, 1.0],
                [-0.11026, 0.986132, 0.124042, -0.0, -0.203834, 0.099715, -0.973914, 0.272857, -0.972199, -0.132587, 0.189889, 0.0, 0.0, 0.0, 0.0, 1.0],
                [1.0, -0.0, 0.0, 1e-06, 0.0, -0.534928, -0.844898, 0.272858, 0.0, 0.844389, -0.534618, -3e-06, 0.0, 0.0, 0.0, 1.0],
                [1.0, -0.0, 0.0, 1e-06, 0.0, -0.534928, -0.844898, 0.272858, 0.0, 0.844389, -0.534618, -3e-06, 0.0, 0.0, 0.0, 1.0],
                [1.0, -0.0, 0.0, 1e-06, 0.0, -0.534928, -0.844898, 0.272857, 0.0, 0.844389, -0.534618, -2e-06, 0.0, 0.0, 0.0, 1.0],
                [1.0, -0.0, 0.0, -0.0, 0.0, -0.172271, -0.98505, 0.272858, 0.0, 0.984461, -0.172179, -1e-06, 0.0, 0.0, 0.0, 1.0],
                [1.0, -0.0, 0.0, -0.0, 0.0, -0.172271, -0.98505, 0.272858, 0.0, 0.984461, -0.172179, -1e-06, 0.0, 0.0, 0.0, 1.0]
            ]
        },
        {
            "name": "Elbow_R",
            "time": [0.0, 0.3, 0.4857, 0.6143, 0.6714, 0.7857, 0.9571, 1.0857, 1.1857, 1.2714, 1.3571, 1.5714],
            "transform": [
                [-1.0, 0.0, -0.0, 0.0, 0.0, -0.0, -1.0, 0.3, -0.0, -1.0, -0.0, 0.0, 0.0, 0.0, 0.0, 1.0],
                [-1.0, 0.0, -0.0, 0.0, 0.0, 0.0, -1.0, 0.3, -0.0, -1.0, -0.0, 0.0, 0.0, 0.0, 0.0, 1.0],
                [-1.0, 0.0, -0.0, -0.0, 0.0, -0.0, -1.0, 0.3, -0.0, -1.0, 0.0, 0.0, 0.0, 0.0, 0.0, 1.0],
                [-1.0, 0.0, -0.0, 0.0, 0.0, 0.0, -1.0, 0.3, -0.0, -1.0, -0.0, 0.0, 0.0, 0.0, 0.0, 1.0],
                [-1.0, 0.0, -0.0, 0.0, 0.0, -0.0, -1.0, 0.3, -0.0, -1.0, -0.0, -0.0, 0.0, 0.0, 0.0, 1.0],
                [-1.0, 0.0, -0.0, 0.0, 0.0, -0.0, -1.0, 0.300003, -0.0, -1.0, -0.0, 0.0, 0.0, 0.0, 0.0, 1.0],
                [-1.0, 0.0, -0.0, 0.0, 0.0, -0.0, -1.0, 0.300003, -0.0, -1.0, -0.0, 0.0, 0.0, 0.0, 0.0, 1.0],
                [-1.0, 0.0, -0.0, -0.0, 0.0, 0.0, -1.0, 0.299999, -0.0, -1.0, -0.0, 1e-06, 0.0, 0.0, 0.0, 1.0],
                [-1.0, 0.0, -0.0, -0.0, 0.0, 0.0, -1.0, 0.299999, -0.0, -1.0, -0.0, 1e-06, 0.0, 0.0, 0.0, 1.0],
                [-1.0, 0.0, -0.0, 0.0, 0.0, 0.0, -1.0, 0.3, -0.0, -1.0, -0.0, -0.0, 0.0, 0.0, 0.0, 1.0],
                [-1.0, 0.0, 0.0, 1e-06, 0.0, -0.0, -1.0, 0.3, -0.0, -1.0, -0.0, -0.0, 0.0, 0.0, 0.0, 1.0],
                [-1.0, 0.0, 0.0, 1e-06, 0.0, -0.0, -1.0, 0.3, -0.0, -1.0, -0.0, -0.0, 0.0, 0.0, 0.0, 1.0]
            ]
        },
        {
            "name": "Shoulder_L",
            "time": [0.0, 0.3, 0.4857, 0.6143, 0.6714, 0.7857, 0.9571, 1.0857, 1.1857, 1.2714, 1.3571, 1.5714],
            "transform": [
                [-0.0, -0.952114, -0.305743, 0.0, 0.0, -0.305743, 0.952114, 0.4, -1.0, 0.0, 0.0, -0.0, 0.0, 0.0, 0.0, 1.0],
                [-0.0, -0.952114, -0.305743, -0.0, 0.0, -0.305743, 0.952114, 0.4, -1.0, -0.0, 0.0, 0.0, 0.0, 0.0, 0.0, 1.0],
                [-0.031554, -0.985915, -0.164242, 0.0, -0.057633, -0.162255, 0.985064, 0.4, -0.997839, 0.040549, -0.051702, -0.0, 0.0, 0.0, 0.0, 1.0],
                [-0.031554, -0.985915, -0.164241, 0.0, -0.057633, -0.162255, 0.985064, 0.4, -0.997839, 0.040549, -0.051702, 0.0, 0.0, 0.0, 0.0, 1.0],
                [-0.212507, -0.746978, -0.629971, -0.0, -0.461238, -0.491678, 0.738588, 0.4, -0.861452, 0.447522, -0.24005, -0.0, 0.0, 0.0, 0.0, 1.0],
                [-0.212507, -0.746978, -0.629971, 1e-06, -0.461238, -0.491678, 0.738588, 0.400002, -0.861452, 0.447522, -0.24005, 0.0, 0.0, 0.0, 0.0, 1.0],
                [-0.212507, -0.746978, -0.629971, 1e-06, -0.461238, -0.491678, 0.738588, 0.400002, -0.861452, 0.447522, -0.24005, 0.0, 0.0, 0.0, 0.0, 1.0],
                [0.0, -0.952114, -0.305743, 1e-06, 0.0, -0.305743, 0.952114, 0.4, -1.0, -0.0, 0.0, -1e-06, 0.0, 0.0, 0.0, 1.0],
                [0.0, -0.952114, -0.305743, 1e-06, 0.0, -0.305743, 0.952114, 0.4, -1.0, -0.0, 0.0, -1e-06, 0.0, 0.0, 0.0, 1.0],
                [0.0, -0.952114, -0.305743, 1e-06, 0.0, -0.305743, 0.952114, 0.4, -1.0, 0.0, 0.0, -2e-06, 0.0, 0.0, 0.0, 1.0],
                [0.143777, -0.941195, -0.305743, 1e-06, 0.04617, -0.302237, 0.952114, 0.4, -0.988532, -0.151009, 0.0, 1e-06, 0.0, 0.0, 0.0, 1.0],
                [0.143777, -0.941195, -0.305743, 1e-06, 0.04617, -0.302237, 0.952114, 0.4, -0.988532, -0.151009, 0.0, 1e-06, 0.0, 0.0, 0.0, 1.0]
            ]
        },
        {
            "name": "Arm_L",
            "time": [0.0, 0.3, 0.4857, 0.6143, 0.6714, 0.7857, 0.9571, 1.0857, 1.1857, 1.2714, 1.3571, 1.5714],
            "transform": [
                [0.415027, 0.859404, 0.298624, -0.0, -0.696468, 0.511296, -0.503496, 0.39386, -0.585392, 0.000982, 0.81075, -0.0, 0.0, 0.0, 0.0, 1.0],
                [0.415027, 0.859404, 0.298624, 0.0, -0.696469, 0.511296, -0.503496, 0.39386, -0.585392, 0.000982, 0.81075, 0.0, 0.0, 0.0, 0.0, 1.0],
                [0.872159, 0.428116, -0.23676, 0.0, -0.464679, 0.573568, -0.674606, 0.39386, -0.153011, 0.698381, 0.699179, -0.0, 0.0, 0.0, 0.0, 1.0],
                [0.872159, 0.428116, -0.23676, 0.0, -0.464679, 0.573568, -0.674606, 0.39386, -0.153011, 0.698381, 0.699179, 0.0, 0.0, 0.0, 0.0, 1.0],
                [0.312016, 0.536815, 0.783885, -0.0, -0.516763, 0.788243, -0.334108, 0.39386, -0.797247, -0.300836, 0.52335, -0.0, 0.0, 0.0, 0.0, 1.0],
                [0.312016, 0.536815, 0.783885, -0.0, -0.516763, 0.788243, -0.334108, 0.393859, -0.797247, -0.300836, 0.52335, -1e-06, 0.0, 0.0, 0.0, 1.0],
                [0.312016, 0.536815, 0.783885, -0.0, -0.516763, 0.788243, -0.334108, 0.393859, -0.797247, -0.300836, 0.52335, -1e-06, 0.0, 0.0, 0.0, 1.0],
                [0.327755, -0.117382, 0.937442, -1e-06, -0.682487, 0.656711, 0.320846, 0.393861, -0.65329, -0.744951, 0.135128, -0.0, 0.0, 0.0, 0.0, 1.0],
                [0.327755, -0.117382, 0.937442, -1e-06, -0.682487, 0.656711, 0.320846, 0.393861, -0.65329, -0.744951, 0.135128, -0.0, 0.0, 0.0, 0.0, 1.0],
                [0.327755, -0.117382, 0.937442, -1e-06, -0.682487, 0.656711, 0.320846, 0.393861, -0.65329, -0.744951, 0.135128, 0.0, 0.0, 0.0, 0.0, 1.0],
                [0.627546, -0.117382, 0.76968, 1e-06, -0.532334, 0.656711, 0.534183, 0.393861, -0.568161, -0.744951, 0.34963, 0.0, 0.0, 0.0, 0.0, 1.0],
                [0.627546, -0.117382, 0.76968, 1e-06, -0.532334, 0.656711, 0.534183, 0.393861, -0.568161, -0.744951, 0.34963, 0.0, 0.0, 0.0, 0.0, 1.0]
            ]
        },
        {
            "name": "Hand_L",
            "time": [0.0, 0.3, 0.4857, 0.6143, 0.6714, 0.7857, 0.9571, 1.0857, 1.1857, 1.2714, 1.3571, 1.5714],
            "transform": [
                [1.0, 0.0, 0.0, 0.0, 0.0, 0.978663, -0.205474, 0.3, 0.0, 0.205474, 0.978663, -0.0, 0.0, 0.0, 0.0, 1.0],
                [1.0, -0.0, 0.0, 0.0, 0.0, 0.978663, -0.205474, 0.3, -0.0, 0.205474, 0.978663, -0.0, 0.0, 0.0, 0.0, 1.0],
                [1.0, -0.0, 0.0, 0.0, 0.0, 0.978663, -0.205474, 0.3, -0.0, 0.205474, 0.978663, 0.0, 0.0, 0.0, 0.0, 1.0],
