{
    "animation": [
        {
            "name": "Root",
            "time": [0.0, 0.0333, 0.0833, 0.1167, 0.2167, 0.2833, 0.7],
            "transform": [
                [0.881971, 0.0, 0.471304, -5e-06, 0.45481, 0.262236, -0.851105, 0.43787, -0.123593, 0.965004, 0.231284, 0.60097, 0.0, 0.0, 0.0, 1.0],
                [0.881971, 0.0, 0.471304, -5e-06, 0.45481, 0.262236, -0.851105, 0.43787, -0.123593, 0.965004, 0.231284, 0.60097, 0.0, 0.0, 0.0, 1.0],
                [0.881971, 0.0, 0.471304, -5e-06, 0.45481, 0.262236, -0.851105, 0.590265, -0.123593, 0.965004, 0.231284, 0.407376, 0.0, 0.0, 0.0, 1.0],
                [0.831397, -0.011125, 0.555567, -5e-06, 0.54364, 0.223273, -0.809077, 0.964867, -0.115042, 0.974692, 0.191677, 0.457958, 0.0, 0.0, 0.0, 1.0],
                [0.427005, 0.0, 0.904249, -5e-06, 0.904249, 0.0, -0.427005, 2.439095, 0.0, 1.0, 0.0, 0.731103, 0.0, 0.0, 0.0, 1.0],
                [0.427005, 0.0, 0.904249, -5e-06, 0.904249, 0.0, -0.427005, 2.535451, 0.0, 1.0, 0.0, 0.731103, 0.0, 0.0, 0.0, 1.0],
                [1.0, 0.0, 0.0, -5e-06, 0.0, 0.0, -1.0, 2.680447, 0.0, 1.0, 0.0, 0.731103, 0.0, 0.0, 0.0, 1.0]
            ]
        },
        {
            "name": "Thigh_R",
            "time": [0.0, 0.0333, 0.0833, 0.1167, 0.2167, 0.2833, 0.7],
            "transform": [
                [0.968866, 0.143, -0.202115, 0.124994, 0.245529, -0.449859, 0.858686, -0.002831, 0.031868, -0.881576, -0.470966, -1.2e-05, 0.0, 0.0, 0.0, 1.0],
                [0.968866, 0.143, -0.202115, 0.124994, 0.245529, -0.449859, 0.858686, -0.002831, 0.031868, -0.881576, -0.470966, -1.2e-05, 0.0, 0.0, 0.0, 1.0],
                [0.992481, 0.045962, -0.11344, 0.124994, 0.122399, -0.373015, 0.919716, -0.002831, -4.3e-05, -0.926685, -0.375839, -1.2e-05, 0.0, 0.0, 0.0, 1.0],
                [0.9626, -0.242748, 0.120312, 0.124994, -0.259957, -0.95264, 0.157791, -0.002831, 0.076311, -0.183163, -0.980116, -1.2e-05, 0.0, 0.0, 0.0, 1.0],
                [0.997865, 0.062362, -0.019388, 0.124994, 0.064973, -0.978018, 0.198135, -0.002831, -0.006606, -0.198969, -0.979983, -1.2e-05, 0.0, 0.0, 0.0, 1.0],
                [0.999544, 0.02891, -0.008717, 0.124994, 0.030019, -0.982613, 0.183218, -0.002831, -0.003269, -0.183394, -0.983034, -1.2e-05, 0.0, 0.0, 0.0, 1.0],
                [0.993538, 0.107612, -0.036078, 0.124994, 0.113137, -0.964414, 0.238967, -0.002831, -0.009078, -0.241502, -0.970357, -1.2e-05, 0.0, 0.0, 0.0, 1.0]
            ]
        },
        {
            "name": "Leg_R",
            "time": [0.0, 0.0333, 0.0833, 0.1167, 0.2167, 0.2833, 0.7],
            "transform": [
                [1.0, 6.3e-05, 0.000122, 0.0, -0.000133, 0.215515, 0.976502, 0.37472, 3.5e-05, -0.976499, 0.215514, 0.0, 0.0, 0.0, 0.0, 1.0],
                [1.0, 6.3e-05, 0.000122, 0.0, -0.000133, 0.215515, 0.976502, 0.37472, 3.5e-05, -0.976499, 0.215514, 0.0, 0.0, 0.0, 0.0, 1.0],
                [1.0, -1e-06, 6.2e-05, 0.0, -5.5e-05, -0.488063, 0.87281, 0.37472, 2.9e-05, -0.872807, -0.488064, 0.0, 0.0, 0.0, 0.0, 1.0],
                [1.0, -9.3e-05, -0.000106, -0.0, 0.000128, 0.273794, 0.961789, 0.37472, -6e-05, -0.961789, 0.273795, -0.0, 0.0, 0.0, 0.0, 1.0],
                [1.0, 3.2e-05, 9e-06, 0.0, -3.2e-05, 0.847921, 0.530122, 0.37472, 9e-06, -0.530122, 0.847922, -0.0, 0.0, 0.0, 0.0, 1.0],
                [1.0, 1.4e-05, 5e-06, 0.0, -1.5e-05, 0.847079, 0.531468, 0.37472, 4e-06, -0.531467, 0.847079, 0.0, 0.0, 0.0, 0.0, 1.0],
                [1.0, 5.5e-05, 1.6e-05, -0.0, -5.6e-05, 0.853964, 0.520332, 0.37472, 1.5e-05, -0.520331, 0.853965, -0.0, 0.0, 0.0, 0.0, 1.0]
            ]
        },
        {
            "name": "Knee_R",
            "time": [0.0, 0.0333, 0.0833, 0.1167, 0.2167, 0.2833, 0.7],
            "transform": [
                [1.0, 0.0, -0.0, -0.0, -0.0, 1e-06, -1.0, 0.37472, -0.0, 1.0, 1e-06, -0.0, 0.0, 0.0, 0.0, 1.0],
                [1.0, 0.0, -0.0, -0.0, -0.0, 1e-06, -1.0, 0.37472, -0.0, 1.0, 1e-06, -0.0, 0.0, 0.0, 0.0, 1.0],
                [1.0, 0.0, -0.0, 0.0, -0.0, 1e-06, -1.0, 0.37472, -0.0, 1.0, 1e-06, 0.0, 0.0, 0.0, 0.0, 1.0],
                [1.0, 0.0, -0.0, -0.0, -0.0, 1e-06, -1.0, 0.37472, -0.0, 1.0, 1e-06, -0.0, 0.0, 0.0, 0.0, 1.0],
                [1.0, 0.0, -0.0, -0.0, -0.0, 1e-06, -1.0, 0.37472, -0.0, 1.0, 1e-06, -0.0, 0.0, 0.0, 0.0, 1.0],
                [1.0, 0.0, -0.0, 0.0, -0.0, 1e-06, -1.0, 0.37472, -0.0, 1.0, 1e-06, -0.0, 0.0, 0.0, 0.0, 1.0],
                [1.0, 0.0, -0.0, -0.0, -0.0, 1e-06, -1.0, 0.37472, -0.0, 1.0, 1e-06, -0.0, 0.0, 0.0, 0.0, 1.0]
            ]
        },
        {
            "name": "Thigh_L",
            "time": [0.0, 0.0333, 0.0833, 0.1167, 0.2167, 0.2833, 0.7],
            "transform": [
                [0.987685, -0.151847, 0.037697, -0.125006, -0.154004, -0.98605, 0.063145, -0.002831, 0.027583, -0.068171, -0.997292, -1.2e-05, 0.0, 0.0, 0.0, 1.0],
                [0.987685, -0.151847, 0.037697, -0.125006, -0.154004, -0.98605, 0.063145, -0.002831, 0.027583, -0.068171, -0.997292, -1.2e-05, 0.0, 0.0, 0.0, 1.0],
                [0.949572, -0.305795, 0.069297, -0.125006, -0.296712, -0.947812, -0.116676, -0.002831, 0.10136, 0.090234, -0.990749, -1.2e-05, 0.0, 0.0, 0.0, 1.0],
                [0.996721, 0.036991, -0.071954, -0.125006, 0.080842, -0.419566, 0.904117, -0.002831, 0.003255, -0.906969, -0.421183, -1.2e-05, 0.0, 0.0, 0.0, 1.0],
                [0.999828, 0.017046, -0.007337, -0.125006, 0.018557, -0.924265, 0.381299, -0.002831, -0.000282, -0.381368, -0.924423, -1.2e-05, 0.0, 0.0, 0.0, 1.0],
                [0.999858, -0.015453, 0.006604, -0.125006, -0.016799, -0.928023, 0.372142, -0.002831, 0.000378, -0.372199, -0.928152, -1.2e-05, 0.0, 0.0, 0.0, 1.0],
                [0.998789, -0.045702, 0.018214, -0.125006, -0.049164, -0.913859, 0.403044, -0.002831, -0.001775, -0.403449, -0.915, -1.2e-05, 0.0, 0.0, 0.0, 1.0]
            ]
        },
        {
            "name": "Leg_L",
            "time": [0.0, 0.0333, 0.0833, 0.1167, 0.2167, 0.2833, 0.7],
            "transform": [
                [1.0, -7.6e-05, -2.3e-05, 0.0, 7.5e-05, 0.803401, 0.595438, 0.37472, -2.7e-05, -0.595438, 0.803402, 0.0, 0.0, 0.0, 0.0, 1.0],
                [1.0, -7.6e-05, -2.3e-05, 0.0, 7.5e-05, 0.803401, 0.595438, 0.37472, -2.7e-05, -0.595438, 0.803402, 0.0, 0.0, 0.0, 0.0, 1.0],
                [1.0, -0.000146, -7.4e-05, -0.0, 0.000147, 0.601036, 0.799221, 0.37472, -7.2e-05, -0.799223, 0.601037, -0.0, 0.0, 0.0, 0.0, 1.0],
                [1.0, 4e-06, 4.2e-05, 0.0, -4e-05, -0.251327, 0.967904, 0.37472, 1.4e-05, -0.967901, -0.251328, 0.0, 0.0, 0.0, 0.0, 1.0],
                [1.0, 9e-06, 4e-06, 0.0, -9e-06, 0.855109, 0.518449, 0.37472, 1e-06, -0.518448, 0.85511, -0.0, 0.0, 0.0, 0.0, 1.0],
                [1.0, -9e-06, -2e-06, 1e-06, 8e-06, 0.848234, 0.529621, 0.37472, -3e-06, -0.52962, 0.848235, -0.0, 0.0, 0.0, 0.0, 1.0],
                [1.0, -2.5e-05, -3e-06, -0.0, 2.4e-05, 0.925485, 0.378784, 0.37472, -7e-06, -0.378784, 0.925485, 0.0, 0.0, 0.0, 0.0, 1.0]
            ]
        },
        {
            "name": "Knee_L",
            "time": [0.0, 0.0333, 0.0833, 0.1167, 0.2167, 0.2833, 0.7],
            "transform": [
                [1.0, 0.0, -0.0, -0.0, -0.0, 1e-06, -1.0, 0.37472, -0.0, 1.0, 1e-06, 0.0, 0.0, 0.0, 0.0, 1.0],
                [1.0, 0.0, -0.0, -0.0, -0.0, 1e-06, -1.0, 0.37472, -0.0, 1.0, 1e-06, 0.0, 0.0, 0.0, 0.0, 1.0],
                [1.0, 0.0, -0.0, -0.0, -0.0, 1e-06, -1.0, 0.37472, -0.0, 1.0, 1e-06, -0.0, 0.0, 0.0, 0.0, 1.0],
                [1.0, 0.0, -0.0, 0.0, -0.0, 1e-06, -1.0, 0.37472, -0.0, 1.0, 1e-06, 0.0, 0.0, 0.0, 0.0, 1.0],
                [1.0, 0.0, -0.0, -0.0, -0.0, 1e-06, -1.0, 0.37472, -0.0, 1.0, 1e-06, -0.0, 0.0, 0.0, 0.0, 1.0],
                [1.0, 0.0, -0.0, 0.0, -0.0, 1e-06, -1.0, 0.37472, -0.0, 1.0, 1e-06, 0.0, 0.0, 0.0, 0.0, 1.0],
                [1.0, 0.0, -0.0, -0.0, -0.0, 1e-06, -1.0, 0.37472, -0.0, 1.0, 1e-06, 0.0, 0.0, 0.0, 0.0, 1.0]
            ]
        },
        {
            "name": "Torso",
            "time": [0.0, 0.0333, 0.0833, 0.1167, 0.2167, 0.2833, 0.7],
            "transform": [
                [1.0, -0.0, -0.0, 0.0, -0.0, 1.0, -0.0, 0.05, -0.0, -0.0, 1.0, -0.0, 0.0, 0.0, 0.0, 1.0],
                [1.0, -0.0, -0.0, 0.0, -0.0, 1.0, -0.0, 0.05, -0.0, -0.0, 1.0, -0.0, 0.0, 0.0, 0.0, 1.0],
                [1.0, -0.0, -0.0, -0.0, -0.0, 1.0, -0.0, 0.05, -0.0, -0.0, 1.0, -0.0, 0.0, 0.0, 0.0, 1.0],
                [1.0, 0.0, -0.0, -0.0, -0.0, 1.0, -0.0, 0.05, 0.0, -0.0, 1.0, 0.0, 0.0, 0.0, 0.0, 1.0],
                [1.0, 0.0, 0.0, -0.0, 0.0, 1.0, 0.0, 0.05, 0.0, 0.0, 1.0, 0.0, 0.0, 0.0, 0.0, 1.0],
                [1.0, 0.0, 0.0, -0.0, 0.0, 1.0, 0.0, 0.05, 0.0, 0.0, 1.0, 0.0, 0.0, 0.0, 0.0, 1.0],
                [1.0, 0.0, 0.0, 0.0, 0.0, 1.0, 0.0, 0.05, 0.0, 0.0, 1.0, 0.0, 0.0, 0.0, 0.0, 1.0]
            ]
        },
        {
            "name": "Chest",
            "time": [0.0, 0.0333, 0.0833, 0.1167, 0.2167, 0.2833, 0.7],
            "transform": [
                [0.866294, -0.01072, 0.49942, 0.0, -0.048442, 0.993255, 0.105347, 0.3, -0.49718, -0.115454, 0.859931, -0.0, 0.0, 0.0, 0.0, 1.0],
                [0.866294, -0.01072, 0.49942, 0.0, -0.048442, 0.993255, 0.105347, 0.3, -0.49718, -0.115454, 0.859931, -0.0, 0.0, 0.0, 0.0, 1.0],
                [0.866294, -0.01072, 0.49942, 0.0, -0.048442, 0.993255, 0.105347, 0.3, -0.49718, -0.115454, 0.859931, -0.0, 0.0, 0.0, 0.0, 1.0],
                [0.891892, -0.006427, 0.452202, 0.0, -0.03856, 0.995177, 0.090199, 0.3, -0.450601, -0.097885, 0.887343, -0.0, 0.0, 0.0, 0.0, 1.0],
                [0.984321, 0.0, 0.176388, -0.0, 0.0, 1.0, 0.0, 0.3, -0.176388, 0.0, 0.984321, 0.0, 0.0, 0.0, 0.0, 1.0],
                [0.984321, 0.0, 0.176388, -0.0, 0.0, 1.0, 0.0, 0.3, -0.176388, 0.0, 0.984321, 0.0, 0.0, 0.0, 0.0, 1.0],
                [1.0, 0.0, 0.0, 0.0, 0.0, 1.0, 0.0, 0.3, 0.0, 0.0, 1.0, 0.0, 0.0, 0.0, 0.0, 1.0]
            ]
        },
        {
            "name": "Head",
            "time": [0.0, 0.0333, 0.0833, 0.1167, 0.2167, 0.2833, 0.7],
            "transform": [
                [0.683229, -0.151132, -0.714392, -0.0, -0.016972, 0.974795, -0.222454, 0.4, 0.730007, 0.164112, 0.663444, 0.0, 0.0, 0.0, 0.0, 1.0],
                [0.683229, -0.151132, -0.714392, -0.0, -0.016972, 0.974795, -0.222454, 0.4, 0.730007, 0.164112, 0.663444, 0.0, 0.0, 0.0, 0.0, 1.0],
                [0.683229, -0.151132, -0.714392, -0.0, -0.016972, 0.974795, -0.222454, 0.4, 0.730007, 0.164112, 0.663444, 0.0, 0.0, 0.0, 0.0, 1.0],
                [0.64847, -0.131235, -0.749843, 0.0, -0.018752, 0.981975, -0.188079, 0.4, 0.761009, 0.136025, 0.63432, -0.0, 0.0, 0.0, 0.0, 1.0],
                [0.353786, 0.076288, -0.93221, -0.0, 0.052218, 0.993503, 0.101121, 0.4, 0.933868, -0.084453, 0.347504, -0.0, 0.0, 0.0, 0.0, 1.0],
                [0.353786, 0.076288, -0.93221, -0.0, 0.052218, 0.993503, 0.101121, 0.4, 0.933868, -0.084453, 0.347504, -0.0, 0.0, 0.0, 0.0, 1.0],
                [1.0, 0.0, 0.0, 0.0, 0.0, 1.0, 0.0, 0.4, 0.0, 0.0, 1.0, 0.0, 0.0, 0.0, 0.0, 1.0]
            ]
        },
        {
            "name": "Shoulder_R",
            "time": [0.0, 0.0333, 0.0833, 0.1167, 0.2167, 0.2833, 0.7],
            "transform": [
                [0.218374, 0.926733, 0.305743, -0.0, -0.070124, -0.297593, 0.952114, 0.4, 0.973342, -0.229357, -0.0, 0.0, 0.0, 0.0, 0.0, 1.0],
                [0.218374, 0.926733, 0.305743, -0.0, -0.070124, -0.297593, 0.952114, 0.4, 0.973342, -0.229357, -0.0, 0.0, 0.0, 0.0, 0.0, 1.0],
                [0.218374, 0.926733, 0.305743, -0.0, -0.070124, -0.297593, 0.952114, 0.4, 0.973342, -0.229357, -0.0, 0.0, 0.0, 0.0, 0.0, 1.0],
                [0.204077, 0.929986, 0.305743, 0.0, -0.065533, -0.298637, 0.952114, 0.4, 0.976759, -0.21434, -0.0, -0.0, 0.0, 0.0, 0.0, 1.0],
                [0.126097, 0.943727, 0.305743, -0.0, -0.040492, -0.30305, 0.952114, 0.4, 0.991191, -0.132439, -0.0, -0.0, 0.0, 0.0, 0.0, 1.0],
                [0.126097, 0.943727, 0.305743, -0.0, -0.040492, -0.30305, 0.952114, 0.4, 0.991191, -0.132439, -0.0, -0.0, 0.0, 0.0, 0.0, 1.0],
                [0.0, 0.952114, 0.305743, 0.0, 0.0, -0.305743, 0.952114, 0.4, 1.0, 0.0, -0.0, 0.0, 0.0, 0.0, 0.0, 1.0]
            ]
        },
        {
            "name": "Arm_R",
            "time": [0.0, 0.0333, 0.0833, 0.1167, 0.2167, 0.2833, 0.7],
            "transform": [
                [-0.132798, -0.757395, -0.639311, 0.0, 0.95987, 0.062474, -0.273399, 0.39386, 0.247011, -0.649962, 0.718704, -0.0, 0.0, 0.0, 0.0, 1.0],
                [-0.132798, -0.757395, -0.639311, 0.0, 0.95987, 0.062474, -0.273399, 0.39386, 0.247011, -0.649962, 0.718704, -0.0, 0.0, 0.0, 0.0, 1.0],
                [-0.753634, -0.609469, -0.246139, -0.0, 0.533984, -0.349345, -0.769947, 0.39386, 0.383271, -0.711692, 0.588725, 0.0, 0.0, 0.0, 0.0, 1.0],
                [-0.665335, -0.670759, -0.327737, 0.0, 0.511787, -0.090201, -0.854364, 0.393861, 0.54351, -0.73617, 0.403299, -0.0, 0.0, 0.0, 0.0, 1.0],
                [-0.335996, -0.123335, -0.933753, -0.0, -0.298916, 0.954101, -0.018463, 0.39386, 0.893172, 0.27291, -0.357441, 0.0, 0.0, 0.0, 0.0, 1.0],
                [-0.335996, -0.123335, -0.933753, -0.0, -0.298916, 0.954101, -0.018463, 0.39386, 0.893172, 0.27291, -0.357441, 0.0, 0.0, 0.0, 0.0, 1.0],
                [0.078146, -0.033991, -0.996362, -0.0, 0.856419, 0.51389, 0.049639, 0.39386, 0.510333, -0.857183, 0.069269, 0.0, 0.0, 0.0, 0.0, 1.0]
            ]
        },
        {
            "name": "Hand_R",
            "time": [0.0, 0.0333, 0.0833, 0.1167, 0.2167, 0.2833, 0.7],
            "transform": [
                [1.0, 0.0, 0.0, 0.0, 0.0, 0.647716, -0.761882, 0.3, -0.0, 0.761882, 0.647715, 0.0, 0.0, 0.0, 0.0, 1.0],
                [1.0, 0.0, 0.0, 0.0, 0.0, 0.647716, -0.761882, 0.3, -0.0, 0.761882, 0.647715, 0.0, 0.0, 0.0, 0.0, 1.0],
                [1.0, 0.0, 0.0, -0.0, 0.0, 0.647716, -0.761882, 0.3, -0.0, 0.761882, 0.647716, -0.0, 0.0, 0.0, 0.0, 1.0],
                [1.0, -0.0, -0.0, 0.0, -0.0, 0.236301, -0.97168, 0.3, 0.0, 0.97168, 0.236301, 0.0, 0.0, 0.0, 0.0, 1.0],
                [1.0, -0.0, 0.0, 0.0, 0.0, 0.999985, 0.005484, 0.3, -0.0, -0.005484, 0.999985, 0.0, 0.0, 0.0, 0.0, 1.0],
                [1.0, -0.0, 0.0, 0.0, 0.0, 0.999985, 0.005484, 0.3, -0.0, -0.005484, 0.999985, 0.0, 0.0, 0.0, 0.0, 1.0],
                [1.0, -0.0, 0.0, -0.0, 0.0, 0.999985, 0.005484, 0.3, -0.0, -0.005484, 0.999985, 0.0, 0.0, 0.0, 0.0, 1.0]
            ]
        },
        {
            "name": "Tool_R",
            "time": [0.0, 0.0333, 0.0833, 0.1167, 0.15, 0.1833, 0.2, 0.2167, 0.2833, 0.4, 0.6167, 0.7],
            "transform": [
                [0.164775, -0.322937, -0.931966, -0.0, -0.972206, 0.10616, -0.208675, 0.272858, 0.166217, 0.939888, -0.296295, 0.0, 0.0, 0.0, 0.0, 1.0],
                [0.164775, -0.322937, -0.931966, -0.0, -0.972206, 0.10616, -0.208675, 0.272858, 0.166217, 0.939888, -0.296295, 0.0, 0.0, 0.0, 0.0, 1.0],
                [-0.451221, -0.057038, -0.890588, -0.0, -0.853734, 0.318207, 0.412169, 0.272858, 0.259718, 0.945743, -0.192158, -0.0, 0.0, 0.0, 0.0, 1.0],
                [-0.449822, 0.230738, -0.862798, -0.0, -0.706541, 0.498993, 0.501802, 0.272858, 0.545982, 0.834832, -0.06139, -0.0, 0.0, 0.0, 0.0, 1.0],
                [-0.278524, 0.6985, -0.659183, -0.0, -0.948376, -0.091629, 0.303622, 0.272858, 0.151579, 0.709296, 0.687555, -0.0, 0.0, 0.0, 0.0, 1.0],
                [0.058218, 0.976456, -0.207711, -0.0, -0.513842, -0.149077, -0.844833, 0.272858, -0.855403, 0.15582, 0.492763, -0.0, 0.0, 0.0, 0.0, 1.0],
                [0.132591, 0.991094, 0.012362, -0.0, -0.129457, 0.029682, -0.991141, 0.272858, -0.982096, 0.129739, 0.13215, -0.0, 0.0, 0.0, 0.0, 1.0],
                [0.129204, 0.991137, 0.030883, -0.0, 0.021739, 0.028306, -0.999363, 0.272858, -0.990789, 0.129716, -0.01789, 0.0, 0.0, 0.0, 0.0, 1.0],
                [0.129204, 0.991137, 0.030883, -0.0, 0.021739, 0.028306, -0.999363, 0.272858, -0.990789, 0.129716, -0.01789, 0.0, 0.0, 0.0, 0.0, 1.0],
                [-0.215039, -0.647946, -0.730701, -0.0, 0.095607, 0.730644, -0.676032, 0.272858, 0.971336, -0.215098, -0.095119, 0.0, 0.0, 0.0, 0.0, 1.0],
                [-0.800517, -0.597211, 0.050102, -0.0, -0.546852, 0.693688, -0.468774, 0.272858, 0.24505, -0.402413, -0.881376, -0.0, 0.0, 0.0, 0.0, 1.0],
                [0.958133, 0.170378, -0.230114, -0.0, 0.154652, -0.984317, -0.084864, 0.272858, -0.240819, 0.045686, -0.96888, 0.0, 0.0, 0.0, 0.0, 1.0]
            ]
        },
        {
            "name": "Elbow_R",
            "time": [0.0, 0.0333, 0.0833, 0.1167, 0.2167, 0.2833, 0.7],
            "transform": [
                [-1.0, 0.0, -0.0, 0.0, 0.0, -0.0, -1.0, 0.3, -0.0, -1.0, -0.0, 0.0, 0.0, 0.0, 0.0, 1.0],
                [-1.0, 0.0, -0.0, 0.0, 0.0, -0.0, -1.0, 0.3, -0.0, -1.0, -0.0, 0.0, 0.0, 0.0, 0.0, 1.0],
                [-1.0, 0.0, 0.0, -0.0, 0.0, 0.0, -1.0, 0.3, -0.0, -1.0, -0.0, -0.0, 0.0, 0.0, 0.0, 1.0],
                [-1.0, 0.0, -0.0, 0.0, 0.0, 0.0, -1.0, 0.3, -0.0, -1.0, -0.0, 0.0, 0.0, 0.0, 0.0, 1.0],
                [-1.0, 0.0, -0.0, 0.0, 0.0, 0.0, -1.0, 0.3, -0.0, -1.0, -0.0, 0.0, 0.0, 0.0, 0.0, 1.0],
                [-1.0, 0.0, -0.0, 0.0, 0.0, 0.0, -1.0, 0.3, -0.0, -1.0, -0.0, 0.0, 0.0, 0.0, 0.0, 1.0],
                [-1.0, 0.0, -0.0, -0.0, 0.0, 0.0, -1.0, 0.3, -0.0, -1.0, -0.0, 0.0, 0.0, 0.0, 0.0, 1.0]
            ]
        },
        {
            "name": "Shoulder_L",
            "time": [0.0, 0.0333, 0.0833, 0.1167, 0.2167, 0.2833, 0.7],
            "transform": [
                [-0.178846, -0.935166, -0.305743, -0.0, -0.057431, -0.300301, 0.952114, 0.4, -0.982199, 0.187841, 0.0, 0.0, 0.0, 0.0, 0.0, 1.0],
                [-0.178846, -0.935166, -0.305743, -0.0, -0.057431, -0.300301, 0.952114, 0.4, -0.982199, 0.187841, 0.0, 0.0, 0.0, 0.0, 0.0, 1.0],
                [-0.178846, -0.935166, -0.305743, -0.0, -0.057431, -0.300301, 0.952114, 0.4, -0.982199, 0.187841, 0.0, 0.0, 0.0, 0.0, 0.0, 1.0],
                [-0.178846, -0.935166, -0.305743, 0.0, -0.057431, -0.300301, 0.952114, 0.4, -0.9822, 0.18784, 0.0, -0.0, 0.0, 0.0, 0.0, 1.0],
                [-0.178846, -0.935166, -0.305743, -0.0, -0.057431, -0.300301, 0.952114, 0.4, -0.982199, 0.18784, 0.0, -0.0, 0.0, 0.0, 0.0, 1.0],
                [-0.178846, -0.935166, -0.305743, -0.0, -0.057431, -0.300301, 0.952114, 0.4, -0.982199, 0.18784, 0.0, -0.0, 0.0, 0.0, 0.0, 1.0],
                [-0.178846, -0.935166, -0.305743, 0.0, -0.057431, -0.300301, 0.952114, 0.4, -0.982199, 0.18784, 0.0, 0.0, 0.0, 0.0, 0.0, 1.0]
            ]
        },
        {
            "name": "Arm_L",
            "time": [0.0, 0.0333, 0.0833, 0.1167, 0.2167, 0.2833, 0.7],
            "transform": [
                [0.122063, -0.264078, 0.956746, 0.0, -0.782309, 0.567635, 0.256484, 0.39386, -0.610814, -0.779778, -0.137304, -0.0, 0.0, 0.0, 0.0, 1.0],
                [0.122063, -0.264078, 0.956746, 0.0, -0.782309, 0.567635, 0.256484, 0.39386, -0.610814, -0.779778, -0.137304, -0.0, 0.0, 0.0, 0.0, 1.0],
                [0.122063, -0.264078, 0.956746, 0.0, -0.782309, 0.567635, 0.256484, 0.39386, -0.610814, -0.779778, -0.137304, 0.0, 0.0, 0.0, 0.0, 1.0],
                [0.122063, -0.264078, 0.956746, -0.0, -0.782309, 0.567635, 0.256484, 0.39386, -0.610814, -0.779778, -0.137304, -0.0, 0.0, 0.0, 0.0, 1.0],
                [0.122063, -0.264078, 0.956746, 0.0, -0.782309, 0.567635, 0.256484, 0.39386, -0.610814, -0.779778, -0.137304, -0.0, 0.0, 0.0, 0.0, 1.0],
                [0.122063, -0.264078, 0.956746, 0.0, -0.782309, 0.567635, 0.256484, 0.393861, -0.610814, -0.779778, -0.137304, -0.0, 0.0, 0.0, 0.0, 1.0],
                [-0.131222, 0.096587, 0.986636, -0.0, -0.932128, 0.326822, -0.155967, 0.39386, -0.337519, -0.940137, 0.047145, -0.0, 0.0, 0.0, 0.0, 1.0]
            ]
        },
        {
            "name": "Hand_L",
            "time": [0.0, 0.0333, 0.0833, 0.1167, 0.2167, 0.2833, 0.7],
            "transform": [
                [1.0, -1e-06, -1e-06, 0.0, 0.0, 0.721514, -0.692399, 0.3, 1e-06, 0.692399, 0.721514, 0.0, 0.0, 0.0, 0.0, 1.0],
                [1.0, -1e-06, -1e-06, 0.0, 0.0, 0.721514, -0.692399, 0.3, 1e-06, 0.692399, 0.721514, 0.0, 0.0, 0.0, 0.0, 1.0],
                [1.0, -1e-06, -1e-06, -0.0, 0.0, 0.721514, -0.692399, 0.3, 1e-06, 0.692399, 0.721514, 0.0, 0.0, 0.0, 0.0, 1.0],
                [1.0, -1e-06, -1e-06, 0.0, 0.0, 0.721515, -0.692399, 0.3, 1e-06, 0.692399, 0.721515, 0.0, 0.0, 0.0, 0.0, 1.0],
                [1.0, -1e-06, -1e-06, 0.0, 0.0, 0.721514, -0.692399, 0.3, 1e-06, 0.692399, 0.721514, 0.0, 0.0, 0.0, 0.0, 1.0],
                [1.0, -1e-06, -1e-06, 0.0, 0.0, 0.721514, -0.692399, 0.3, 1e-06, 0.692399, 0.721514, 0.0, 0.0, 0.0, 0.0, 1.0],
                [1.0, -1e-06, -1e-06, -0.0, 0.0, 0.958509, -0.285062, 0.3, 1e-06, 0.285062, 0.958509, 0.0, 0.0, 0.0, 0.0, 1.0]
            ]
        },
        {
            "name": "Tool_L",
            "time": [0.0, 0.0333, 0.0833, 0.1167, 0.2167, 0.2833, 0.7],
            "transform": [
                [1.0, 0.0, 0.0, -0.0, -0.0, -0.999836, 0.018122, 0.272858, 0.0, -0.018122, -0.999239, -0.0, 0.0, 0.0, 0.0, 1.0],
                [1.0, 0.0, 0.0, -0.0, -0.0, -0.999836, 0.018122, 0.272858, 0.0, -0.018122, -0.999239, -0.0, 0.0, 0.0, 0.0, 1.0],
                [1.0, 0.0, 0.0, -0.0, -0.0, -0.999836, 0.018122, 0.272858, 0.0, -0.018122, -0.999239, 0.0, 0.0, 0.0, 0.0, 1.0],
                [1.0, 0.0, 0.0, 0.0, -0.0, -0.999836, 0.018122, 0.272858, 0.0, -0.018122, -0.999239, 0.0, 0.0, 0.0, 0.0, 1.0],
                [1.0, 0.0, 0.0, -0.0, -0.0, -0.999836, 0.018122, 0.272858, 0.0, -0.018122, -0.999239, 0.0, 0.0, 0.0, 0.0, 1.0],
                [1.0, 0.0, 0.0, 0.0, -0.0, -0.999836, 0.018122, 0.272858, 0.0, -0.018122, -0.999239, 0.0, 0.0, 0.0, 0.0, 1.0],
                [1.0, 0.0, 0.0, -0.0, 0.0, -0.999836, 0.018122, 0.272858, 0.0, -0.018122, -0.999239, 0.0, 0.0, 0.0, 0.0, 1.0]
            ]
        },
        {
            "name": "Elbow_L",
            "time": [0.0, 0.0333, 0.0833, 0.1167, 0.2167, 0.2833, 0.7],
            "transform": [
                [-1.0, 0.0, -0.0, 0.0, 0.0, -0.0, -1.0, 0.3, -0.0, -1.0, 0.0, 0.0, 0.0, 0.0, 0.0, 1.0],
                [-1.0, 0.0, -0.0, 0.0, 0.0, -0.0, -1.0, 0.3, -0.0, -1.0, 0.0, 0.0, 0.0, 0.0, 0.0, 1.0],
                [-1.0, 0.0, -0.0, -0.0, 0.0, -0.0, -1.0, 0.3, -0.0, -1.0, 0.0, 0.0, 0.0, 0.0, 0.0, 1.0],
                [-1.0, 0.0, -0.0, 0.0, 0.0, -0.0, -1.0, 0.3, -0.0, -1.0, 0.0, 0.0, 0.0, 0.0, 0.0, 1.0],
                [-1.0, 0.0, -0.0, 0.0, 0.0, -0.0, -1.0, 0.3, -0.0, -1.0, 0.0, 0.0, 0.0, 0.0, 0.0, 1.0],
                [-1.0, 0.0, -0.0, 0.0, 0.0, -0.0, -1.0, 0.3, -0.0, -1.0, 0.0, 0.0, 0.0, 0.0, 0.0, 1.0],
                [-1.0, 0.0, -0.0, -0.0, 0.0, -0.0, -1.0, 0.3, -0.0, -1.0, 0.0, 0.0, 0.0, 0.0, 0.0, 1.0]
            ]
        }
    ]
}