{
    "animation": [
        {
            "name": "Root",
            "time": [0.0, 0.7917, 1.5],
            "transform": [
                [1.0, 0.0, 0.0, -5e-06, 0.0, 0.547935, -0.836521, 0.000946, 0.0, 0.836521, 0.547935, 0.763972, 0.0, 0.0, 0.0, 1.0],
                [1.0, 0.0, 0.0, -5e-06, 0.0, 0.547935, -0.836521, 4.000947, 0.0, 0.836521, 0.547935, 0.763972, 0.0, 0.0, 0.0, 1.0],
                [1.0, 0.0, 0.0, -5e-06, 0.0, 0.547935, -0.836521, 4.000947, 0.0, 0.836521, 0.547935, 0.763972, 0.0, 0.0, 0.0, 1.0]
            ]
        },
        {
            "name": "Thigh_R",
            "time": [0.0, 0.7917, 1.5],
            "transform": [
                [0.98995, 0.093643, -0.105969, 0.124994, 0.128397, -0.28112, 0.951044, -0.002831, 0.059268, -0.955093, -0.290319, -1.2e-05, 0.0, 0.0, 0.0, 1.0],
                [0.98995, 0.093643, -0.105969, 0.124994, 0.128397, -0.28112, 0.951044, -0.002831, 0.059268, -0.955093, -0.290319, -1.2e-05, 0.0, 0.0, 0.0, 1.0],
                [0.98995, 0.093643, -0.105969, 0.124994, 0.128397, -0.28112, 0.951044, -0.002831, 0.059268, -0.955093, -0.290319, -1.2e-05, 0.0, 0.0, 0.0, 1.0]
            ]
        },
        {
            "name": "Leg_R",
            "time": [0.0, 0.7917, 1.5],
            "transform": [
                [1.0, -1e-06, -1e-06, -0.0, -0.0, -0.522184, 0.852833, 0.37472, -1e-06, -0.852833, -0.522184, 0.0, 0.0, 0.0, 0.0, 1.0],
                [1.0, -1e-06, -1e-06, -0.0, -0.0, -0.522184, 0.852833, 0.37472, -1e-06, -0.852833, -0.522184, 0.0, 0.0, 0.0, 0.0, 1.0],
                [1.0, -1e-06, -1e-06, -0.0, -0.0, -0.522184, 0.852833, 0.37472, -1e-06, -0.852833, -0.522184, 0.0, 0.0, 0.0, 0.0, 1.0]
            ]
        },
        {
            "name": "Knee_R",
            "time": [0.0, 0.7917, 1.5],
            "transform": [
                [0.999685, -0.000736, -0.025107, -0.0, -0.014878, 0.788017, -0.615473, 0.37472, 0.020238, 0.615653, 0.787758, 0.0, 0.0, 0.0, 0.0, 1.0],
                [0.999685, -0.000736, -0.025107, -0.0, -0.014878, 0.788017, -0.615473, 0.37472, 0.020238, 0.615653, 0.787758, 0.0, 0.0, 0.0, 0.0, 1.0],
                [0.999685, -0.000736, -0.025107, -0.0, -0.014878, 0.788017, -0.615473, 0.37472, 0.020238, 0.615653, 0.787758, 0.0, 0.0, 0.0, 0.0, 1.0]
            ]
        },
        {
            "name": "Thigh_L",
            "time": [0.0, 0.7917, 1.5],
            "transform": [
                [0.99366, -0.064877, -0.091817, -0.125006, -0.081219, -0.978946, -0.187261, -0.002831, -0.077735, 0.193532, -0.978009, -1.2e-05, 0.0, 0.0, 0.0, 1.0],
                [0.99366, -0.064877, -0.091817, -0.125006, -0.081219, -0.978946, -0.187261, -0.002831, -0.077735, 0.193532, -0.978009, -1.2e-05, 0.0, 0.0, 0.0, 1.0],
                [0.99366, -0.064877, -0.091817, -0.125006, -0.081219, -0.978946, -0.187261, -0.002831, -0.077735, 0.193532, -0.978009, -1.2e-05, 0.0, 0.0, 0.0, 1.0]
            ]
        },
        {
            "name": "Leg_L",
            "time": [0.0, 0.7917, 1.5],
            "transform": [
                [1.0, -0.0, 1e-06, 0.0, -0.0, 0.782692, 0.622409, 0.37472, -1e-06, -0.622409, 0.782692, 0.0, 0.0, 0.0, 0.0, 1.0],
                [1.0, -0.0, 1e-06, 0.0, -0.0, 0.782692, 0.622409, 0.374721, -1e-06, -0.622409, 0.782692, -0.0, 0.0, 0.0, 0.0, 1.0],
                [1.0, -0.0, 1e-06, 0.0, -0.0, 0.782692, 0.622409, 0.374721, -1e-06, -0.622409, 0.782692, -0.0, 0.0, 0.0, 0.0, 1.0]
            ]
        },
        {
            "name": "Knee_L",
            "time": [0.0, 0.7917, 1.5],
            "transform": [
                [1.0, 0.0, -0.0, 0.0, -0.0, 0.247313, -0.968935, 0.37472, -0.0, 0.968936, 0.247313, 0.0, 0.0, 0.0, 0.0, 1.0],
                [1.0, 0.0, -0.0, 0.0, -0.0, 0.247313, -0.968935, 0.374721, -0.0, 0.968936, 0.247313, -0.0, 0.0, 0.0, 0.0, 1.0],
                [1.0, 0.0, -0.0, 0.0, -0.0, 0.247313, -0.968935, 0.374721, -0.0, 0.968936, 0.247313, -0.0, 0.0, 0.0, 0.0, 1.0]
            ]
        },
        {
            "name": "Torso",
            "time": [0.0, 0.7917, 1.5],
            "transform": [
                [1.0, 0.0, 0.0, 0.0, 0.0, 0.994953, 0.100343, 0.05, 0.0, -0.100343, 0.994953, 0.0, 0.0, 0.0, 0.0, 1.0],
                [1.0, 0.0, 0.0, 0.0, 0.0, 0.994953, 0.100343, 0.05, 0.0, -0.100343, 0.994953, -0.0, 0.0, 0.0, 0.0, 1.0],
                [1.0, 0.0, 0.0, 0.0, 0.0, 0.994953, 0.100343, 0.05, 0.0, -0.100343, 0.994953, -0.0, 0.0, 0.0, 0.0, 1.0]
            ]
        },
        {
            "name": "Chest",
            "time": [0.0, 0.7917, 1.5],
            "transform": [
                [0.64915, -0.0, 0.76066, 0.0, 0.20101, 0.964452, -0.171543, 0.3, -0.73362, 0.264257, 0.626075, -0.0, 0.0, 0.0, 0.0, 1.0],
                [0.64915, -0.0, 0.76066, 0.0, 0.20101, 0.964452, -0.171543, 0.3, -0.73362, 0.264257, 0.626075, 0.0, 0.0, 0.0, 0.0, 1.0],
                [0.64915, -0.0, 0.76066, 0.0, 0.20101, 0.964452, -0.171543, 0.3, -0.73362, 0.264257, 0.626075, 0.0, 0.0, 0.0, 0.0, 1.0]
            ]
        },
        {
            "name": "Head",
            "time": [0.0, 0.7917, 1.5],
            "transform": [
                [0.64406, -0.327546, -0.691304, -0.0, 0.023396, 0.911706, -0.410177, 0.4, 0.764617, 0.248005, 0.594856, 0.0, 0.0, 0.0, 0.0, 1.0],
                [0.64406, -0.327546, -0.691304, -0.0, 0.023396, 0.911706, -0.410177, 0.4, 0.764617, 0.248005, 0.594856, -0.0, 0.0, 0.0, 0.0, 1.0],
                [0.64406, -0.327546, -0.691304, -0.0, 0.023396, 0.911706, -0.410177, 0.4, 0.764617, 0.248005, 0.594856, -0.0, 0.0, 0.0, 0.0, 1.0]
            ]
        },
        {
            "name": "Shoulder_R",
            "time": [0.0, 0.7917, 1.5],
            "transform": [
                [0.347369, 0.932427, -0.09957, -0.0, -0.052018, 0.125179, 0.990769, 0.4, 0.936284, -0.338984, 0.091986, 0.0, 0.0, 0.0, 0.0, 1.0],
                [0.347369, 0.932427, -0.09957, -0.0, -0.052018, 0.125179, 0.990769, 0.4, 0.936284, -0.338984, 0.091986, -0.0, 0.0, 0.0, 0.0, 1.0],
                [0.347369, 0.932427, -0.09957, -0.0, -0.052018, 0.125179, 0.990769, 0.4, 0.936284, -0.338984, 0.091986, -0.0, 0.0, 0.0, 0.0, 1.0]
            ]
        },
        {
            "name": "Arm_R",
            "time": [0.0, 0.7917, 1.5],
            "transform": [
                [0.585411, -0.374366, -0.719127, -0.0, -0.015167, 0.881792, -0.471395, 0.393861, 0.810595, 0.286867, 0.510533, 0.0, 0.0, 0.0, 0.0, 1.0],
                [0.585411, -0.374366, -0.719127, 0.0, -0.015167, 0.881792, -0.471395, 0.39386, 0.810595, 0.286867, 0.510533, 0.0, 0.0, 0.0, 0.0, 1.0],
                [0.585411, -0.374366, -0.719127, 0.0, -0.015167, 0.881792, -0.471395, 0.39386, 0.810595, 0.286867, 0.510533, 0.0, 0.0, 0.0, 0.0, 1.0]
            ]
        },
        {
            "name": "Hand_R",
            "time": [0.0, 0.7917, 1.5],
            "transform": [
                [1.0, 0.0, 0.0, 0.0, -0.0, 0.987878, -0.155231, 0.3, -0.0, 0.155231, 0.987878, -0.0, 0.0, 0.0, 0.0, 1.0],
                [1.0, 0.0, 0.0, 0.0, -0.0, 0.987878, -0.155231, 0.3, -0.0, 0.155231, 0.987878, 0.0, 0.0, 0.0, 0.0, 1.0],
                [1.0, 0.0, 0.0, 0.0, -0.0, 0.987878, -0.155231, 0.3, -0.0, 0.155231, 0.987878, 0.0, 0.0, 0.0, 0.0, 1.0]
            ]
        },
        {
            "name": "Tool_R",
            "time": [0.0, 0.7917, 1.5],
            "transform": [
                [0.996072, 0.029328, 0.083552, 0.0, 0.073481, 0.25277, -0.964732, 0.272858, -0.049384, 0.966512, 0.249464, 0.0, 0.0, 0.0, 0.0, 1.0],
                [0.996072, 0.029328, 0.083552, -0.0, 0.073481, 0.25277, -0.964732, 0.272858, -0.049384, 0.966512, 0.249464, 0.0, 0.0, 0.0, 0.0, 1.0],
                [0.996072, 0.029328, 0.083552, -0.0, 0.073481, 0.25277, -0.964732, 0.272858, -0.049384, 0.966512, 0.249464, 0.0, 0.0, 0.0, 0.0, 1.0]
            ]
        },
        {
            "name": "Elbow_R",
            "time": [0.0, 0.7917, 1.5],
            "transform": [
                [-1.0, 0.0, -0.0, 0.0, 0.0, -0.0, -1.0, 0.3, -0.0, -1.0, 0.0, -0.0, 0.0, 0.0, 0.0, 1.0],
                [-1.0, 0.0, -0.0, 0.0, 0.0, -0.0, -1.0, 0.3, -0.0, -1.0, 0.0, 0.0, 0.0, 0.0, 0.0, 1.0],
                [-1.0, 0.0, -0.0, 0.0, 0.0, -0.0, -1.0, 0.3, -0.0, -1.0, 0.0, 0.0, 0.0, 0.0, 0.0, 1.0]
            ]
        },
        {
            "name": "Shoulder_L",
            "time": [0.0, 0.7917, 1.5],
            "transform": [
                [-0.035222, -0.938297, -0.344033, -0.0, -0.082715, -0.340328, 0.936662, 0.4, -0.995951, 0.061448, -0.065624, 0.0, 0.0, 0.0, 0.0, 1.0],
                [-0.035222, -0.938297, -0.344033, -0.0, -0.082715, -0.340328, 0.936662, 0.4, -0.995951, 0.061448, -0.065624, -0.0, 0.0, 0.0, 0.0, 1.0],
                [-0.035222, -0.938297, -0.344033, -0.0, -0.082715, -0.340328, 0.936662, 0.4, -0.995951, 0.061448, -0.065624, -0.0, 0.0, 0.0, 0.0, 1.0]
            ]
        },
        {
            "name": "Arm_L",
            "time": [0.0, 0.7917, 1.5],
            "transform": [
                [-0.608635, -0.293985, 0.736978, 0.0, -0.522413, 0.847569, -0.093335, 0.39386, -0.597201, -0.441814, -0.669442, 0.0, 0.0, 0.0, 0.0, 1.0],
                [-0.608635, -0.293985, 0.736978, 0.0, -0.522413, 0.847569, -0.093335, 0.39386, -0.597201, -0.441814, -0.669442, 0.0, 0.0, 0.0, 0.0, 1.0],
                [-0.608635, -0.293985, 0.736978, 0.0, -0.522413, 0.847569, -0.093335, 0.39386, -0.597201, -0.441814, -0.669442, 0.0, 0.0, 0.0, 0.0, 1.0]
            ]
        },
        {
            "name": "Hand_L",
            "time": [0.0, 0.7917, 1.5],
            "transform": [
                [1.0, 0.0, 0.0, -0.0, -0.0, 0.969399, -0.245491, 0.3, -0.0, 0.245491, 0.969399, 0.0, 0.0, 0.0, 0.0, 1.0],
                [1.0, 0.0, 0.0, 0.0, -0.0, 0.969399, -0.245491, 0.3, -0.0, 0.245491, 0.969399, 0.0, 0.0, 0.0, 0.0, 1.0],
                [1.0, 0.0, 0.0, 0.0, -0.0, 0.969399, -0.245491, 0.3, -0.0, 0.245491, 0.969399, 0.0, 0.0, 0.0, 0.0, 1.0]
            ]
        },
        {
            "name": "Tool_L",
            "time": [0.0, 0.7917, 1.5],
            "transform": [
                [1.0, -0.0, 0.0, -0.0, 0.0, -0.067954, -0.997688, 0.272858, 0.0, 0.997101, -0.067924, 0.0, 0.0, 0.0, 0.0, 1.0],
                [1.0, -0.0, 0.0, -0.0, 0.0, -0.067954, -0.997688, 0.272858, 0.0, 0.997101, -0.067924, 0.0, 0.0, 0.0, 0.0, 1.0],
                [1.0, -0.0, 0.0, -0.0, 0.0, -0.067954, -0.997688, 0.272858, 0.0, 0.997101, -0.067924, 0.0, 0.0, 0.0, 0.0, 1.0]
            ]
        },
        {
            "name": "Elbow_L",
            "time": [0.0, 0.7917, 1.5],
            "transform": [
                [-1.0, 0.0, -0.0, -0.0, 0.0, -0.0, -1.0, 0.3, -0.0, -1.0, -0.0, 0.0, 0.0, 0.0, 0.0, 1.0],
                [-1.0, 0.0, -0.0, 0.0, 0.0, -0.0, -1.0, 0.3, -0.0, -1.0, -0.0, 0.0, 0.0, 0.0, 0.0, 1.0],
                [-1.0, 0.0, -0.0, 0.0, 0.0, -0.0, -1.0, 0.3, -0.0, -1.0, -0.0, 0.0, 0.0, 0.0, 0.0, 1.0]
            ]
        }
    ]
}