{
    "animation": [
        {
            "name": "Root",
            "time": [0.0, 0.05, 0.1, 0.15, 0.2, 0.3, 0.3833, 0.4333, 0.5, 0.7, 0.9, 1.2],
            "transform": [
                [-0.397614, -0.359876, 0.844033, -5e-06, 0.881249, 0.106411, 0.460518, 0.020202, -0.255544, 0.926912, 0.27483, 0.359285, 0.0, 0.0, 0.0, 1.0],
                [0.662624, -0.190727, 0.72426, -5e-06, 0.710102, 0.467399, -0.526586, 0.100946, -0.238084, 0.863227, 0.445146, 0.430326, 0.0, 0.0, 0.0, 1.0],
                [0.661292, -0.133054, -0.738234, -5e-06, -0.607232, 0.482852, -0.63097, 0.900946, 0.440411, 0.865535, 0.238511, 0.464616, 0.0, 0.0, 0.0, 1.0],
                [0.208305, -0.190727, -0.959287, -5e-06, -0.840073, 0.467399, -0.275347, 1.400946, 0.500887, 0.863227, -0.062863, 1.130326, 0.0, 0.0, 0.0, 1.0],
                [-0.120053, -0.141352, -0.982653, -5e-06, -0.864937, 0.500752, 0.03364, 1.400946, 0.487311, 0.853971, -0.182377, 1.107104, 0.0, 0.0, 0.0, 1.0],
                [-0.349104, -0.068178, -0.934601, -5e-06, -0.820361, 0.504281, 0.269645, 1.400946, 0.452917, 0.860844, -0.231976, 1.060626, 0.0, 0.0, 0.0, 1.0],
                [-0.328235, -0.010461, -0.944538, -5e-06, -0.839458, 0.4617, 0.286606, 1.400946, 0.433095, 0.886974, -0.160328, 0.944554, 0.0, 0.0, 0.0, 1.0],
                [-0.468563, 0.036859, -0.882661, -5e-06, -0.856592, 0.225445, 0.464138, 1.400946, 0.216099, 0.973558, -0.074062, 0.544554, 0.0, 0.0, 0.0, 1.0],
                [-0.664638, -0.001779, -0.747163, -5e-06, -0.730862, 0.209305, 0.649639, 1.400946, 0.15523, 0.977849, -0.140413, 0.379718, 0.0, 0.0, 0.0, 1.0],
                [-0.756529, -0.010461, -0.653876, -5e-06, -0.640128, 0.216402, 0.737161, 1.400946, 0.133789, 0.976248, -0.170411, 0.344554, 0.0, 0.0, 0.0, 1.0],
                [-0.756529, -0.010461, -0.653876, -5e-06, -0.640128, 0.216402, 0.737161, 1.400946, 0.133789, 0.976248, -0.170411, 0.334554, 0.0, 0.0, 0.0, 1.0],
                [-0.159231, -0.010461, -0.987186, -5e-06, -0.964204, 0.216402, 0.153232, 1.400946, 0.212026, 0.976248, -0.044544, 0.544554, 0.0, 0.0, 0.0, 1.0]
            ]
        },
        {
            "name": "Thigh_R",
            "time": [0.0, 0.05, 0.1, 0.15, 0.2, 0.3, 0.3833, 0.4333, 0.5, 0.7, 0.9, 1.2],
            "transform": [
                [0.975955, 0.18531, -0.114765, 0.124994, 0.217967, -0.832114, 0.509976, -0.002831, -0.000994, -0.522729, -0.852498, -1.2e-05, 0.0, 0.0, 0.0, 1.0],
                [0.85127, 0.281808, -0.442629, 0.124994, 0.453219, 0.030233, 0.890886, -0.002831, 0.264441, -0.958994, -0.101984, -1.2e-05, 0.0, 0.0, 0.0, 1.0],
                [0.926356, 0.349139, 0.141298, 0.124994, 0.354912, -0.934743, -0.017127, -0.002831, 0.126097, 0.066014, -0.989819, -1.2e-05, 0.0, 0.0, 0.0, 1.0],
                [0.912619, 0.407042, 0.037985, 0.124994, 0.38142, -0.881229, 0.279202, -0.002831, 0.147121, -0.240316, -0.959481, -1.2e-05, 0.0, 0.0, 0.0, 1.0],
                [0.985946, 0.019837, -0.165865, 0.124955, 0.086184, -0.910975, 0.403351, -0.001925, -0.143098, -0.411979, -0.899884, -6e-06, 0.0, 0.0, 0.0, 1.0],
                [0.91971, -0.125143, -0.372106, 0.124921, 0.011811, -0.938581, 0.344847, -0.001128, -0.392408, -0.321556, -0.861749, -0.0, 0.0, 0.0, 0.0, 1.0],
                [0.90296, 0.03918, -0.427923, 0.124916, -0.046762, -0.980958, -0.188487, -0.001018, -0.42716, 0.190208, -0.883938, 1e-06, 0.0, 0.0, 0.0, 1.0],
                [0.810459, 0.080171, -0.580275, 0.124916, 0.304158, -0.904182, 0.299889, -0.001018, -0.500634, -0.419546, -0.757191, 1e-06, 0.0, 0.0, 0.0, 1.0],
                [0.777403, 0.077586, -0.624192, 0.124916, 0.524428, -0.627866, 0.57511, -0.001018, -0.347289, -0.77444, -0.528796, 1e-06, 0.0, 0.0, 0.0, 1.0],
                [0.788784, 0.062522, -0.611475, 0.124916, 0.557422, -0.491974, 0.668756, -0.001018, -0.259019, -0.868358, -0.422915, 1e-06, 0.0, 0.0, 0.0, 1.0],
                [0.785488, 0.064181, -0.615532, 0.124916, 0.567342, -0.472004, 0.674779, -0.001018, -0.247226, -0.879253, -0.407169, 1e-06, 0.0, 0.0, 0.0, 1.0],
                [0.830809, 0.109591, -0.545653, 0.124916, 0.191358, -0.976892, 0.09516, -0.001018, -0.522617, -0.183476, -0.832586, 1e-06, 0.0, 0.0, 0.0, 1.0]
            ]
        },
        {
            "name": "Leg_R",
            "time": [0.0, 0.05, 0.1, 0.15, 0.2, 0.3, 0.3833, 0.4333, 0.5, 0.7, 0.9, 1.2],
            "transform": [
                [1.000001, -4e-06, 3e-06, 0.0, -4e-06, -0.359097, 0.933301, 0.37472, -2e-06, -0.9333, -0.359098, 0.0, 0.0, 0.0, 0.0, 1.0],
                [1.000001, -4e-06, 3e-06, -0.0, -4e-06, -0.373702, 0.927549, 0.37472, -3e-06, -0.927549, -0.373702, 0.0, 0.0, 0.0, 0.0, 1.0],
                [1.000001, 4e-06, 2e-06, -0.0, -4e-06, 0.999988, 0.004843, 0.37472, -2e-06, -0.004843, 0.999989, -0.0, 0.0, 0.0, 0.0, 1.0],
                [1.000001, 4e-06, 3e-06, -0.0, -4e-06, 0.999987, 0.00515, 0.37472, -2e-06, -0.005149, 0.999986, 0.0, 0.0, 0.0, 0.0, 1.0],
                [1.000003, 3e-06, 4e-06, -0.0, -4e-06, 0.956183, 0.292777, 0.37472, -2e-06, -0.292777, 0.956183, -0.0, 0.0, 0.0, 0.0, 1.0],
                [1.000004, 2e-06, 4e-06, 0.0, -4e-06, 0.897544, 0.440933, 0.37472, -2e-06, -0.440934, 0.897544, -0.0, 0.0, 0.0, 0.0, 1.0],
                [1.000005, 4e-06, 2e-06, -0.0, -4e-06, 0.999993, 0.004711, 0.37472, -2e-06, -0.004711, 0.999993, -0.0, 0.0, 0.0, 0.0, 1.0],
                [1.000005, 1e-06, 5e-06, -0.0, -4e-06, 0.619628, 0.7849, 0.37472, -2e-06, -0.784901, 0.619628, 0.0, 0.0, 0.0, 0.0, 1.0],
                [1.000004, -2e-06, 4e-06, -0.0, -4e-06, 0.061206, 0.998129, 0.37472, -3e-06, -0.99813, 0.061206, -0.0, 0.0, 0.0, 0.0, 1.0],
                [1.000005, -2e-06, 4e-06, -0.0, -4e-06, -0.018433, 0.999834, 0.37472, -3e-06, -0.999835, -0.018433, 0.0, 0.0, 0.0, 0.0, 1.0],
                [1.000005, -3e-06, 4e-06, 0.0, -4e-06, -0.04371, 0.999048, 0.37472, -3e-06, -0.999049, -0.04371, 0.0, 0.0, 0.0, 0.0, 1.0],
                [1.000005, 1e-06, 5e-06, 0.0, -4e-06, 0.637055, 0.770824, 0.37472, -2e-06, -0.770824, 0.637055, 0.0, 0.0, 0.0, 0.0, 1.0]
            ]
        },
        {
            "name": "Knee_R",
            "time": [0.0, 0.05, 0.1, 0.15, 0.2, 0.3, 0.3833, 0.4333, 0.5, 0.7, 0.9, 1.2],
            "transform": [
                [1.0, 2e-06, -4e-06, -0.0, -4e-06, 3e-06, -1.0, 0.371578, -2e-06, 1.0, 3e-06, 0.0, 0.0, 0.0, 0.0, 1.0],
                [1.0, 2e-06, -4e-06, -0.0, -4e-06, 3e-06, -1.0, 0.371578, -2e-06, 1.0, 3e-06, 0.0, 0.0, 0.0, 0.0, 1.0],
                [1.0, 2e-06, -4e-06, 0.0, -4e-06, 3e-06, -1.0, 0.371578, -2e-06, 1.0, 3e-06, 0.0, 0.0, 0.0, 0.0, 1.0],
                [1.0, 2e-06, -4e-06, -0.0, -4e-06, 3e-06, -1.0, 0.371579, -2e-06, 1.0, 3e-06, -0.0, 0.0, 0.0, 0.0, 1.0],
                [1.0, 2e-06, -4e-06, -0.0, -4e-06, 3e-06, -1.0, 0.371578, -2e-06, 1.0, 3e-06, 0.0, 0.0, 0.0, 0.0, 1.0],
                [1.0, 2e-06, -4e-06, -0.0, -4e-06, 3e-06, -1.0, 0.371578, -2e-06, 1.0, 3e-06, 0.0, 0.0, 0.0, 0.0, 1.0],
                [1.0, 2e-06, -4e-06, -0.0, -4e-06, 3e-06, -1.0, 0.371578, -2e-06, 1.0, 3e-06, 0.0, 0.0, 0.0, 0.0, 1.0],
                [1.0, 2e-06, -4e-06, -0.0, -4e-06, 3e-06, -1.0, 0.371578, -2e-06, 1.0, 3e-06, 0.0, 0.0, 0.0, 0.0, 1.0],
                [1.0, 2e-06, -4e-06, -0.0, -4e-06, 3e-06, -1.0, 0.371578, -2e-06, 1.0, 3e-06, 0.0, 0.0, 0.0, 0.0, 1.0],
                [1.0, 2e-06, -4e-06, 0.0, -4e-06, 3e-06, -1.0, 0.371578, -2e-06, 1.0, 3e-06, 0.0, 0.0, 0.0, 0.0, 1.0],
                [1.0, 2e-06, -4e-06, 0.0, -4e-06, 3e-06, -1.0, 0.371578, -2e-06, 1.0, 3e-06, 0.0, 0.0, 0.0, 0.0, 1.0],
                [1.0, 2e-06, -4e-06, -0.0, -4e-06, 3e-06, -1.0, 0.371578, -2e-06, 1.0, 3e-06, 0.0, 0.0, 0.0, 0.0, 1.0]
            ]
        },
        {
            "name": "Thigh_L",
            "time": [0.0, 0.05, 0.1, 0.15, 0.2, 0.3, 0.3833, 0.4333, 0.5, 0.7, 0.9, 1.2],
            "transform": [
                [0.95512, -0.175977, 0.238282, -0.125006, -0.246929, -0.028668, 0.96861, -0.00283, -0.163622, -0.983977, -0.070835, -1.2e-05, 0.0, 0.0, 0.0, 1.0],
                [0.825016, -0.561323, -0.065316, -0.125006, -0.550347, -0.824325, 0.132696, -0.002831, -0.128326, -0.07353, -0.989002, -1.2e-05, 0.0, 0.0, 0.0, 1.0],
                [0.814936, -0.552677, 0.174435, -0.125006, -0.57931, -0.785512, 0.217654, -0.002831, 0.016729, -0.278427, -0.960313, -1.2e-05, 0.0, 0.0, 0.0, 1.0],
                [0.576158, -0.803668, -0.148868, -0.125006, -0.797018, -0.512072, -0.320228, -0.00283, 0.181125, 0.303152, -0.935571, -1.2e-05, 0.0, 0.0, 0.0, 1.0],
                [0.640975, -0.545257, -0.540215, -0.124967, -0.75934, -0.553155, -0.342651, -0.003737, -0.111991, 0.629842, -0.768598, -1.8e-05, 0.0, 0.0, 0.0, 1.0],
                [0.621781, -0.70406, -0.343022, -0.124933, -0.713824, -0.689664, 0.121636, -0.004533, -0.322214, 0.169229, -0.931405, -2.4e-05, 0.0, 0.0, 0.0, 1.0],
                [0.652911, -0.757289, -0.013981, -0.085061, -0.65412, -0.573073, 0.493649, 0.084055, -0.381853, -0.313168, -0.869533, -0.023334, 0.0, 0.0, 0.0, 1.0],
                [0.671576, -0.699479, 0.244318, -0.124928, -0.624751, -0.357339, 0.69424, -0.004643, -0.398308, -0.61888, -0.676987, -2.4e-05, 0.0, 0.0, 0.0, 1.0],
                [0.697178, -0.70306, 0.14009, -0.124928, -0.587861, -0.448837, 0.673009, -0.004643, -0.410294, -0.551567, -0.726228, -2.4e-05, 0.0, 0.0, 0.0, 1.0],
                [0.643205, -0.733675, 0.219052, -0.124928, -0.6679, -0.397724, 0.629048, -0.004643, -0.3744, -0.550918, -0.745847, -2.4e-05, 0.0, 0.0, 0.0, 1.0],
                [0.635476, -0.734751, 0.237247, -0.124928, -0.678048, -0.384086, 0.626661, -0.004643, -0.369322, -0.559099, -0.742282, -2.4e-05, 0.0, 0.0, 0.0, 1.0],
                [0.832619, -0.541523, 0.116082, -0.124928, -0.375867, -0.398586, 0.836556, -0.004643, -0.406752, -0.740173, -0.535417, -2.4e-05, 0.0, 0.0, 0.0, 1.0]
            ]
        },
        {
            "name": "Leg_L",
            "time": [0.0, 0.05, 0.1, 0.15, 0.2, 0.3, 0.3833, 0.4333, 0.5, 0.7, 0.9, 1.2],
            "transform": [
                [0.999999, 0.0, 2e-06, -0.0, -1e-06, 0.651332, 0.758791, 0.37472, -1e-06, -0.75879, 0.651332, 0.0, 0.0, 0.0, 0.0, 1.0],
                [0.999999, 1e-06, 1e-06, 0.0, -1e-06, 0.999986, 0.004889, 0.37472, -1e-06, -0.004889, 0.999986, 0.0, 0.0, 0.0, 0.0, 1.0],
                [0.999999, -1e-06, 1e-06, -0.0, -1e-06, 0.061121, 0.998128, 0.37472, -1e-06, -0.998128, 0.061121, 0.0, 0.0, 0.0, 0.0, 1.0],
                [0.999998, 1e-06, 1e-06, 0.0, -1e-06, 0.930215, 0.367009, 0.37472, -1e-06, -0.367009, 0.930215, -0.0, 0.0, 0.0, 0.0, 1.0],
                [1.000005, 1e-06, 1e-06, -0.0, -1e-06, 0.999991, 0.005137, 0.37472, -1e-06, -0.005137, 0.999991, -0.0, 0.0, 0.0, 0.0, 1.0],
                [1.000011, -0.0, 2e-06, -0.0, -1e-06, 0.38803, 0.921656, 0.37472, -1e-06, -0.921658, 0.38803, -0.0, 0.0, 0.0, 0.0, 1.0],
                [1.000012, -1e-06, 1e-06, -0.0, -1e-06, -0.076706, 0.997063, 0.37472, -1e-06, -0.997065, -0.076706, 0.0, 0.0, 0.0, 0.0, 1.0],
                [1.000011, -2e-06, -0.0, 0.0, -1e-06, -0.788223, 0.615405, 0.37472, -1e-06, -0.615407, -0.788222, -0.0, 0.0, 0.0, 0.0, 1.0],
                [1.000012, -1e-06, 1e-06, -0.0, -1e-06, -0.45904, 0.888426, 0.37472, -1e-06, -0.888427, -0.45904, 0.0, 0.0, 0.0, 0.0, 1.0],
                [1.000012, -1e-06, 1e-06, 0.0, -1e-06, -0.501274, 0.8653, 0.37472, -1e-06, -0.865301, -0.501274, 0.0, 0.0, 0.0, 0.0, 1.0],
                [1.000012, -1e-06, 0.0, -0.0, -1e-06, -0.523925, 0.851776, 0.37472, -1e-06, -0.851778, -0.523924, 0.0, 0.0, 0.0, 0.0, 1.0],
                [1.000012, -1e-06, 1e-06, -0.0, -1e-06, 0.077072, 0.997035, 0.37472, -1e-06, -0.997037, 0.077072, 0.0, 0.0, 0.0, 0.0, 1.0]
            ]
        },
        {
            "name": "Knee_L",
            "time": [0.0, 0.05, 0.1, 0.15, 0.2, 0.3, 0.3833, 0.4333, 0.5, 0.7, 0.9, 1.2],
            "transform": [
                [1.0, 1e-06, -1e-06, 0.0, -1e-06, 0.417534, -0.908661, 0.404238, -0.0, 0.908661, 0.417534, -0.0, 0.0, 0.0, 0.0, 1.0],
                [0.999999, 1e-06, -2e-06, 0.0, -2e-06, 0.002445, -0.999997, 0.404238, -1e-06, 0.999996, 0.002445, -0.0, 0.0, 0.0, 0.0, 1.0],
                [1.0, 1e-06, -1e-06, 0.0, -1e-06, 0.685157, -0.728395, 0.404238, -0.0, 0.728395, 0.685158, -0.0, 0.0, 0.0, 0.0, 1.0],
                [1.0, 1e-06, -1e-06, 0.0, -1e-06, 0.186794, -0.982399, 0.404238, -0.0, 0.982399, 0.186794, -0.0, 0.0, 0.0, 0.0, 1.0],
                [0.999998, -1e-06, -2e-06, 0.0, -2e-06, 0.00257, -0.999996, 0.404238, 1e-06, 0.999995, 0.002569, -0.0, 0.0, 0.0, 0.0, 1.0],
                [1.0, 1e-06, -1e-06, -0.0, -1e-06, 0.553162, -0.833074, 0.404238, -1e-06, 0.833074, 0.553162, -0.0, 0.0, 0.0, 0.0, 1.0],
                [1.0, 2e-06, -1e-06, 0.0, -1e-06, 0.733726, -0.679445, 0.404238, -0.0, 0.679446, 0.733726, -0.0, 0.0, 0.0, 0.0, 1.0],
                [1.000001, 2e-06, -0.0, 0.0, -2e-06, 0.945573, -0.32541, 0.404238, -1e-06, 0.325411, 0.945573, -0.0, 0.0, 0.0, 0.0, 1.0],
                [1.0, 1e-06, -0.0, 0.0, -1e-06, 0.854119, -0.520078, 0.404238, -0.0, 0.520078, 0.854119, -0.0, 0.0, 0.0, 0.0, 1.0],
                [1.0, 1e-06, -0.0, 0.0, -1e-06, 0.866392, -0.499364, 0.404238, -0.0, 0.499364, 0.866393, -0.0, 0.0, 0.0, 0.0, 1.0],
                [1.0, 1e-06, -0.0, 0.0, -1e-06, 0.872903, -0.487893, 0.404238, -0.0, 0.487893, 0.872904, -0.0, 0.0, 0.0, 0.0, 1.0],
                [1.0, 1e-06, -1e-06, -0.0, -1e-06, 0.679312, -0.733849, 0.404238, -1e-06, 0.733849, 0.679313, -0.0, 0.0, 0.0, 0.0, 1.0]
            ]
        },
        {
            "name": "Torso",
            "time": [0.0, 0.05, 0.1, 0.15, 0.2, 0.3, 0.3833, 0.4333, 0.5, 0.7, 0.9, 1.2],
            "transform": [
                [0.983511, 0.17401, 0.049269, -0.0, -0.177229, 0.981606, 0.070987, 0.05, -0.03601, -0.078548, 0.99626, 0.0, 0.0, 0.0, 0.0, 1.0],
                [0.998955, 0.035358, -0.028949, -0.0, -0.030919, 0.989446, 0.141566, 0.05, 0.033648, -0.140523, 0.989506, -0.0, 0.0, 0.0, 0.0, 1.0],
                [0.998955, 0.035358, -0.028949, 0.0, -0.030919, 0.989446, 0.141566, 0.05, 0.033648, -0.140523, 0.989506, 0.0, 0.0, 0.0, 0.0, 1.0],
                [0.998955, 0.035358, -0.028949, 0.0, -0.030919, 0.989446, 0.141566, 0.05, 0.033649, -0.140523, 0.989506, -0.0, 0.0, 0.0, 0.0, 1.0],
                [0.999372, 0.028925, -0.020493, 0.0, -0.026288, 0.99255, 0.11897, 0.05, 0.023781, -0.118357, 0.992686, 0.0, 0.0, 0.0, 0.0, 1.0],
                [0.999687, 0.022213, -0.011507, 0.0, -0.021027, 0.995301, 0.094523, 0.05, 0.013552, -0.094252, 0.995456, -0.0, 0.0, 0.0, 0.0, 1.0],
                [0.999817, 0.017986, -0.006582, -0.0, -0.017415, 0.996773, 0.078362, 0.05, 0.00797, -0.078233, 0.996903, -0.0, 0.0, 0.0, 0.0, 1.0],
                [0.9973, -0.071903, 0.014929, 0.0, 0.070623, 0.994798, 0.073408, 0.05, -0.020129, -0.072155, 0.99719, 0.0, 0.0, 0.0, 0.0, 1.0],
                [0.974892, -0.220905, 0.028041, 0.0, 0.215838, 0.968397, 0.124988, 0.05, -0.054765, -0.115798, 0.991762, 0.0, 0.0, 0.0, 0.0, 1.0],
                [0.949991, -0.311108, 0.026982, 0.0, 0.301881, 0.937041, 0.175566, 0.05, -0.079903, -0.158641, 0.984098, -0.0, 0.0, 0.0, 0.0, 1.0],
                [0.949991, -0.311108, 0.026982, 0.0, 0.301881, 0.937041, 0.175566, 0.05, -0.079903, -0.158641, 0.984098, 0.0, 0.0, 0.0, 0.0, 1.0],
                [0.949991, -0.311108, 0.026982, 0.0, 0.30188, 0.937041, 0.175566, 0.05, -0.079903, -0.158641, 0.984098, -0.0, 0.0, 0.0, 0.0, 1.0]
            ]
        },
        {
            "name": "Chest",
            "time": [0.0, 0.05, 0.1, 0.15, 0.2, 0.3, 0.3833, 0.4333, 0.5, 0.7, 0.9, 1.2],
            "transform": [
                [0.968895, -0.006434, 0.247388, -0.0, 0.007554, 0.999965, -0.003575, 0.3, -0.247356, 0.005332, 0.96891, -0.0, 0.0, 0.0, 0.0, 1.0],
                [0.873387, -0.006447, 0.486985, 0.0, 0.008236, 0.999965, -0.001533, 0.3, -0.486957, 0.005349, 0.87341, -0.0, 0.0, 0.0, 0.0, 1.0],
                [0.817056, -0.00648, 0.576522, 0.0, 0.008419, 0.999964, -0.000693, 0.3, -0.576496, 0.00542, 0.817082, -0.0, 0.0, 0.0, 0.0, 1.0],
                [0.777994, -0.006447, 0.628238, 0.0, 0.008376, 0.999965, -0.000112, 0.3, -0.628215, 0.005349, 0.778021, 0.0, 0.0, 0.0, 0.0, 1.0],
                [0.699642, 0.018148, 0.714263, -0.0, -0.016965, 0.999817, -0.008786, 0.3, -0.714292, -0.00597, 0.699823, 0.0, 0.0, 0.0, 0.0, 1.0],
                [0.663318, 0.03934, 0.747303, -0.0, -0.038811, 0.999082, -0.018145, 0.3, -0.74733, -0.016968, 0.664236, -0.0, 0.0, 0.0, 0.0, 1.0],
                [0.65951, 0.042201, 0.750511, 0.0, -0.041841, 0.998936, -0.019402, 0.3, -0.750531, -0.018606, 0.660574, 0.0, 0.0, 0.0, 0.0, 1.0],
                [0.965925, -1e-06, 0.25882, 0.0, 7e-05, 1.0, -0.000257, 0.3, -0.25882, 0.000266, 0.965927, 0.0, 0.0, 0.0, 0.0, 1.0],
                [0.928235, 0.021544, 0.371369, -0.0, -0.022964, 0.999736, -0.000599, 0.3, -0.371284, -0.007973, 0.928486, 0.0, 0.0, 0.0, 0.0, 1.0],
                [0.876426, 0.042201, 0.479684, 0.0, -0.045954, 0.998936, -0.003922, 0.3, -0.479339, -0.018606, 0.877433, -0.0, 0.0, 0.0, 0.0, 1.0],
                [0.876426, 0.042201, 0.479684, 0.0, -0.045954, 0.998936, -0.003922, 0.3, -0.479339, -0.018606, 0.877433, -0.0, 0.0, 0.0, 0.0, 1.0],
                [0.876426, 0.042201, 0.479684, -0.0, -0.045954, 0.998936, -0.003922, 0.3, -0.479339, -0.018606, 0.877433, -0.0, 0.0, 0.0, 0.0, 1.0]
            ]
        },
        {
            "name": "Head",
            "time": [0.0, 0.05, 0.1, 0.15, 0.2, 0.3, 0.3833, 0.4333, 0.5, 0.7, 0.9, 1.2],
            "transform": [
                [0.500778, -0.312188, -0.807317, -0.0, 0.345176, 0.927349, -0.144492, 0.4, 0.793773, -0.206307, 0.572155, 0.0, 0.0, 0.0, 0.0, 1.0],
                [0.197731, -0.228619, -0.953224, -0.0, 0.015271, 0.973024, -0.2302, 0.4, 0.980137, 0.030961, 0.195888, 0.0, 0.0, 0.0, 0.0, 1.0],
                [0.965793, 0.048812, 0.254678, -0.0, -0.012841, 0.989922, -0.141033, 0.4, -0.258995, 0.132938, 0.956686, -0.0, 0.0, 0.0, 0.0, 1.0],
                [0.758041, 0.079538, 0.647339, -0.0, -0.052972, 0.996766, -0.06044, 0.400001, -0.650051, 0.011525, 0.759802, -0.0, 0.0, 0.0, 0.0, 1.0],
                [0.668365, 0.040681, 0.74272, 0.0, -0.02766, 0.999173, -0.029836, 0.400001, -0.743318, -0.000602, 0.668937, -0.0, 0.0, 0.0, 0.0, 1.0],
                [0.850802, -0.007478, 0.525433, 0.0, 0.010017, 0.999948, -0.001988, 0.4, -0.52539, 0.006955, 0.850832, 0.0, 0.0, 0.0, 0.0, 1.0],
                [0.89366, -0.013747, 0.448535, -0.0, -0.096931, 0.970021, 0.222856, 0.4, -0.438151, -0.242633, 0.865535, -0.0, 0.0, 0.0, 0.0, 1.0],
                [0.502357, -0.093191, 0.859623, -0.0, -0.112384, 0.978705, 0.171778, 0.400001, -0.857325, -0.182902, 0.481186, -0.0, 0.0, 0.0, 0.0, 1.0],
                [0.372762, -0.099496, 0.922577, -0.0, -0.123168, 0.980133, 0.155469, 0.4, -0.919716, -0.171584, 0.353101, 0.0, 0.0, 0.0, 0.0, 1.0],
                [0.337483, -0.127333, 0.93268, 0.0, -0.066289, 0.985135, 0.158481, 0.4, -0.938994, -0.115311, 0.324025, 0.0, 0.0, 0.0, 0.0, 1.0],
                [0.337483, -0.127333, 0.93268, 0.0, -0.066289, 0.985135, 0.158481, 0.4, -0.938994, -0.115311, 0.324025, 0.0, 0.0, 0.0, 0.0, 1.0],
                [0.807207, 0.187735, 0.559618, 0.0, -0.262644, 0.963285, 0.055692, 0.4, -0.528616, -0.191935, 0.826877, 0.0, 0.0, 0.0, 0.0, 1.0]
            ]
        },
        {
            "name": "Shoulder_R",
            "time": [0.0, 0.05, 0.1, 0.15, 0.2, 0.3, 0.3833, 0.4333, 0.5, 0.7, 0.9, 1.2],
            "transform": [
                [0.482982, 0.860217, 0.163578, -0.0, -0.12934, -0.114677, 0.984949, 0.4, 0.866027, -0.496869, 0.055873, 0.0, 0.0, 0.0, 0.0, 1.0],
                [0.482982, 0.868761, 0.109479, -0.0, -0.12934, -0.052876, 0.990191, 0.4, 0.866027, -0.492404, 0.086827, 0.0, 0.0, 0.0, 0.0, 1.0],
                [0.482982, 0.868761, 0.109479, -0.0, -0.12934, -0.052876, 0.990191, 0.4, 0.866027, -0.492404, 0.086827, -0.0, 0.0, 0.0, 0.0, 1.0],
                [-0.203599, 0.974838, 0.090774, -0.0, 0.054518, -0.081284, 0.9952, 0.400001, 0.977537, 0.20757, -0.036597, -0.0, 0.0, 0.0, 0.0, 1.0],
                [-0.190684, 0.970098, 0.150174, 0.0, 0.05106, -0.142972, 0.98841, 0.400001, 0.980324, 0.196142, -0.022271, -0.0, 0.0, 0.0, 0.0, 1.0],
                [-0.173127, 0.951733, 0.253444, 0.0, 0.046359, -0.24917, 0.967351, 0.4, 0.983809, 0.179224, -0.000983, 0.0, 0.0, 0.0, 0.0, 1.0],
                [-0.145681, 0.973194, 0.177965, -0.0, 0.039009, -0.174093, 0.983957, 0.4, 0.988563, 0.150286, -0.012601, -0.0, 0.0, 0.0, 0.0, 1.0],
                [0.417339, 0.902842, 0.103469, -0.0, -0.111761, -0.062003, 0.9918, 0.400001, 0.901854, -0.42548, 0.075026, -0.0, 0.0, 0.0, 0.0, 1.0],
                [0.17937, 0.979664, 0.089923, -0.0, -0.048036, -0.082575, 0.995427, 0.4, 0.98261, -0.182869, 0.032248, 0.0, 0.0, 0.0, 0.0, 1.0],
                [-0.068148, 0.993839, 0.087424, 0.0, 0.018246, -0.086372, 0.996097, 0.4, 0.997509, 0.069477, -0.012248, 0.0, 0.0, 0.0, 0.0, 1.0],
                [-0.068148, 0.993839, 0.087424, 0.0, 0.018246, -0.086372, 0.996097, 0.4, 0.997509, 0.069477, -0.012248, 0.0, 0.0, 0.0, 0.0, 1.0],
                [-0.068148, 0.993838, 0.087424, 0.0, 0.018246, -0.086372, 0.996097, 0.4, 0.99751, 0.069477, -0.012248, 0.0, 0.0, 0.0, 0.0, 1.0]
            ]
        },
        {
            "name": "Arm_R",
            "time": [0.0, 0.05, 0.1, 0.1167, 0.15, 0.2, 0.3, 0.3833, 0.4333, 0.5, 0.7, 0.9, 1.2],
            "transform": [
                [-0.272898, -0.801941, -0.531426, -0.0, -0.301963, 0.595879, -0.744139, 0.388213, 0.913423, -0.042603, -0.404772, -0.0, 0.0, 0.0, 0.0, 1.0],
                [-0.325716, -0.920178, 0.217206, -0.0, -0.49571, -0.02942, -0.867988, 0.388213, 0.805095, -0.390389, -0.44656, 0.0, 0.0, 0.0, 0.0, 1.0],
                [0.272943, -0.884055, -0.379402, 0.0, -0.499797, 0.20667, -0.841123, 0.388213, 0.82201, 0.419203, -0.38544, -0.0, 0.0, 0.0, 0.0, 1.0],
                [0.351478, -0.473256, -0.807768, 0.0, -0.441982, 0.67673, -0.5888, 0.388213, 0.825295, 0.56397, 0.028685, 0.0, 0.0, 0.0, 0.0, 1.0],
                [0.653645, 0.256435, -0.71203, 0.0, -0.158585, 0.966365, 0.202452, 0.388213, 0.739997, -0.019414, 0.672328, -0.0, 0.0, 0.0, 0.0, 1.0],
                [0.383667, 0.468079, -0.796053, -0.0, -0.262357, 0.88175, 0.392023, 0.388213, 0.885418, 0.058444, 0.461103, 0.0, 0.0, 0.0, 0.0, 1.0],
                [0.386236, 0.536209, -0.750532, -0.0, -0.369808, 0.835434, 0.406558, 0.388213, 0.84502, 0.120526, 0.520971, 0.0, 0.0, 0.0, 0.0, 1.0],
                [0.39053, 0.570382, -0.722598, 0.0, -0.40947, 0.810633, 0.418575, 0.388213, 0.82451, 0.132416, 0.550133, 0.0, 0.0, 0.0, 0.0, 1.0],
                [0.445511, 0.413918, -0.793845, -0.0, -0.427865, 0.877324, 0.217324, 0.388213, 0.786414, 0.242838, 0.567961, -0.0, 0.0, 0.0, 0.0, 1.0],
                [0.515797, 0.395072, -0.760177, -0.0, -0.454892, 0.878201, 0.147757, 0.388213, 0.725963, 0.269586, 0.632691, -0.0, 0.0, 0.0, 0.0, 1.0],
                [0.55626, 0.426638, -0.713129, 0.0, -0.480729, 0.86519, 0.142629, 0.388213, 0.677842, 0.263483, 0.68637, 0.0, 0.0, 0.0, 0.0, 1.0],
                [0.55626, 0.519873, -0.648309, -0.0, -0.480729, 0.837668, 0.259246, 0.388213, 0.677843, 0.167453, 0.715882, 0.0, 0.0, 0.0, 0.0, 1.0],
                [-0.191615, 0.353289, -0.91568, -0.0, 0.319747, 0.904538, 0.28208, 0.388213, 0.927923, -0.238735, -0.286287, 0.0, 0.0, 0.0, 0.0, 1.0]
            ]
        },
        {
            "name": "Hand_R",
            "time": [0.0, 0.05, 0.1, 0.15, 0.2, 0.3, 0.3833, 0.4333, 0.5, 0.7, 0.9, 1.2],
            "transform": [
                [0.999999, 0.0, 0.0, -0.0, -0.0, 0.999989, -0.004404, 0.329779, -0.0, 0.004404, 0.999992, 0.0, 0.0, 0.0, 0.0, 1.0],
                [0.999999, 0.0, 0.0, -0.0, -0.0, 0.999989, -0.004251, 0.329779, -0.0, 0.00425, 0.999992, -0.0, 0.0, 0.0, 0.0, 1.0],
                [1.0, 0.0, 0.0, -0.0, -0.0, 0.993225, -0.116206, 0.329779, -0.0, 0.116206, 0.993226, 0.0, 0.0, 0.0, 0.0, 1.0],
                [0.999999, 0.0, 0.0, -0.0, -0.0, 1.0, -0.0, 0.329779, -0.0, 0.0, 1.0, 0.0, 0.0, 0.0, 0.0, 1.0],
                [1.0, 0.0, 0.0, 0.0, -0.0, 1.0, -0.0, 0.329779, -0.0, 0.0, 0.999999, -0.0, 0.0, 0.0, 0.0, 1.0],
                [1.000001, 0.0, 0.0, -0.0, -0.0, 1.0, -0.0, 0.329779, -0.0, 0.0, 1.0, -0.0, 0.0, 0.0, 0.0, 1.0],
                [1.000001, 0.0, 0.0, 0.0, -0.0, 1.0, -0.0, 0.329779, -0.0, 0.0, 0.999999, 0.0, 0.0, 0.0, 0.0, 1.0],
                [1.0, 0.0, 0.0, -0.0, -0.0, 0.999999, -0.001472, 0.329779, -0.0, 0.001472, 0.999998, 0.0, 0.0, 0.0, 0.0, 1.0],
                [1.0, 0.0, 0.0, -0.0, -0.0, 0.994954, -0.100332, 0.329779, -0.0, 0.100332, 0.994953, -0.0, 0.0, 0.0, 0.0, 1.0],
                [1.0, 1e-06, 0.0, 0.0, -1e-06, 0.965544, -0.260241, 0.329779, -0.0, 0.26024, 0.965542, -0.0, 0.0, 0.0, 0.0, 1.0],
                [1.0, 1e-06, 0.0, -0.0, -0.0, 0.900166, -0.435548, 0.329779, -0.0, 0.435547, 0.900165, -0.0, 0.0, 0.0, 0.0, 1.0],
                [1.000001, 1e-06, 0.0, -0.0, -1e-06, 0.965544, -0.260241, 0.329779, -0.0, 0.26024, 0.965542, -0.0, 0.0, 0.0, 0.0, 1.0]
            ]
        },
        {
            "name": "Tool_R",
            "time": [0.0, 0.05, 0.1, 0.15, 0.2, 0.3, 0.3833, 0.4333, 0.5, 0.7, 0.9, 1.2],
            "transform": [
                [1.000001, -0.0, -0.0, -0.02, -0.0, -0.920382, -0.391022, 0.291425, -0.0, 0.391022, -0.92038, -0.0, 0.0, 0.0, 0.0, 1.0],
                [1.000002, 0.0, -0.0, -0.02, 0.0, -0.882974, -0.469426, 0.291425, -0.0, 0.469425, -0.882971, 0.0, 0.0, 0.0, 0.0, 1.0],
                [1.000001, -0.0, 0.0, -0.02, -0.0, -0.975834, -0.218514, 0.291425, 0.0, 0.218514, -0.975833, -0.0, 0.0, 0.0, 0.0, 1.0],
                [1.000001, 0.0, -0.0, -0.02, 0.0, -0.695387, -0.718636, 0.291425, -0.0, 0.718636, -0.695387, 0.0, 0.0, 0.0, 0.0, 1.0],
                [1.0, 0.0, -0.0, -0.02, -0.0, -0.850424, -0.526102, 0.291425, -0.0, 0.5261, -0.850426, 0.0, 0.0, 0.0, 0.0, 1.0],
                [1.0, 0.0, -0.0, -0.02, 0.0, -0.967944, -0.251171, 0.291425, -0.0, 0.251169, -0.96795, -0.0, 0.0, 0.0, 0.0, 1.0],
                [1.0, 0.0, -0.0, -0.02, 0.0, -0.995093, -0.098951, 0.291425, -0.0, 0.09895, -0.9951, -0.0, 0.0, 0.0, 0.0, 1.0],
                [1.000001, 0.0, -0.0, -0.02, 0.0, -0.997158, 0.07535, 0.291425, -0.0, -0.075349, -0.997165, -0.0, 0.0, 0.0, 0.0, 1.0],
                [1.0, 0.0, -0.0, -0.02, 0.0, -0.997159, 0.07535, 0.291425, -0.0, -0.075349, -0.997165, -0.0, 0.0, 0.0, 0.0, 1.0],
                [1.000001, 0.0, -0.0, -0.02, 0.0, -0.997159, 0.07535, 0.291425, -0.0, -0.075349, -0.997165, -0.0, 0.0, 0.0, 0.0, 1.0],
                [1.0, 0.0, -0.0, -0.02, -0.0, -0.997159, 0.07535, 0.291425, -0.0, -0.075349, -0.997165, 0.0, 0.0, 0.0, 0.0, 1.0],
                [1.000001, 0.0, -0.0, -0.02, 0.0, -0.997158, 0.07535, 0.291425, -0.0, -0.075349, -0.997165, 0.0, 0.0, 0.0, 0.0, 1.0]
            ]
        },
        {
            "name": "Elbow_R",
            "time": [0.0, 0.05, 0.1, 0.15, 0.2, 0.3, 0.3833, 0.4333, 0.5, 0.7, 0.9, 1.2],
            "transform": [
                [-0.999999, -0.0, 0.0, -0.0, -0.0, 0.002201, -0.999996, 0.332152, 1e-06, -0.999997, -0.002202, 0.0, 0.0, 0.0, 0.0, 1.0],
                [-1.0, -0.0, 1e-06, -0.0, -0.0, 0.002125, -0.999997, 0.340169, 0.0, -0.999997, -0.002125, -0.0, 0.0, 0.0, 0.0, 1.0],
                [-1.000001, -0.0, -1e-06, 0.0, 0.0, 0.058201, -0.998305, 0.369881, 0.0, -0.998305, -0.058201, 0.0, 0.0, 0.0, 0.0, 1.0],
                [-1.0, -1e-06, -1e-06, 0.0, 1e-06, 0.0, -1.0, 0.39135, 0.0, -1.0, -0.0, 0.0, 0.0, 0.0, 0.0, 1.0],
                [-1.000001, -0.0, -1e-06, 0.0, 1e-06, 0.0, -1.0, 0.43185, 0.0, -0.999999, -0.0, -0.0, 0.0, 0.0, 0.0, 1.0],
                [-1.000001, -0.0, -1e-06, -0.0, 0.0, 0.0, -1.000001, 0.446388, 0.0, -1.0, -0.0, -0.0, 0.0, 0.0, 0.0, 1.0],
                [-1.000001, -0.0, -1e-06, 0.0, 0.0, 0.0, -1.000001, 0.447849, 0.0, -1.0, -0.0, 0.0, 0.0, 0.0, 0.0, 1.0],
                [-1.000001, -0.0, -0.0, 0.0, 0.0, 0.000736, -1.000001, 0.447849, 0.0, -0.999999, -0.000736, 0.0, 0.0, 0.0, 0.0, 1.0],
                [-1.000001, -0.0, -0.0, -0.0, 0.0, 0.050229, -0.998739, 0.447849, 0.0, -0.998737, -0.050229, 0.0, 0.0, 0.0, 0.0, 1.0],
                [-1.000001, -0.0, -1e-06, 0.0, 0.0, 0.131256, -0.991349, 0.447849, 0.0, -0.991348, -0.131256, 0.0, 0.0, 0.0, 0.0, 1.0],
                [-1.000001, -0.0, -1e-06, 0.0, 1e-06, 0.223422, -0.974723, 0.447849, 0.0, -0.974721, -0.223421, -0.0, 0.0, 0.0, 0.0, 1.0],
                [-1.000001, -0.0, -1e-06, -0.0, 0.0, 0.131256, -0.99135, 0.447849, 0.0, -0.991347, -0.131256, 0.0, 0.0, 0.0, 0.0, 1.0]
            ]
        },
        {
            "name": "Shoulder_L",
            "time": [0.0, 0.05, 0.1, 0.15, 0.2, 0.3, 0.3833, 0.4333, 0.5, 0.7, 0.9, 1.2],
            "transform": [
                [0.005645, -0.906361, -0.422468, -0.0, 0.001511, -0.422467, 0.906377, 0.4, -0.999984, -0.005755, -0.001015, 0.0, 0.0, 0.0, 0.0, 1.0],
                [0.005645, -0.90636, -0.422468, -0.0, 0.001511, -0.422467, 0.906377, 0.4, -0.999984, -0.005755, -0.001015, 0.0, 0.0, 0.0, 0.0, 1.0],
                [0.005645, -0.906361, -0.422468, -0.0, 0.001511, -0.422467, 0.906377, 0.4, -0.999984, -0.005755, -0.001015, -0.0, 0.0, 0.0, 0.0, 1.0],
                [0.005645, -0.906361, -0.422468, -0.0, 0.001511, -0.422467, 0.906377, 0.400001, -0.999984, -0.005755, -0.001015, -0.0, 0.0, 0.0, 0.0, 1.0],
                [0.044186, -0.905376, -0.422306, 0.0, 0.011832, -0.422215, 0.906418, 0.400001, -0.998954, -0.045048, -0.007943, -0.0, 0.0, 0.0, 0.0, 1.0],
                [0.078786, -0.903202, -0.421923, 0.0, 0.021098, -0.421633, 0.906521, 0.4, -0.996669, -0.080322, -0.014163, 0.0, 0.0, 0.0, 0.0, 1.0],
                [0.077222, -0.957735, -0.277091, -0.0, 0.020679, -0.276323, 0.960842, 0.4, -0.9968, -0.079928, -0.001533, -0.0, 0.0, 0.0, 0.0, 1.0],
                [-0.184721, -0.978652, -0.090101, -0.0, -0.049466, -0.082304, 0.995379, 0.400001, -0.981546, 0.188325, -0.033207, -0.0, 0.0, 0.0, 0.0, 1.0],
                [-0.160784, -0.960935, -0.225282, -0.0, -0.043056, -0.221206, 0.974276, 0.4, -0.986051, 0.166348, -0.005808, 0.0, 0.0, 0.0, 0.0, 1.0],
                [-0.105624, -0.900667, -0.421476, 0.0, -0.028285, -0.420954, 0.90664, 0.4, -0.994004, 0.107684, 0.018987, 0.0, 0.0, 0.0, 0.0, 1.0],
                [-0.029551, -0.905926, -0.422403, 0.0, -0.007914, -0.422362, 0.906392, 0.4, -0.999532, 0.030128, 0.005312, 0.0, 0.0, 0.0, 0.0, 1.0],
                [0.083613, -0.902801, -0.421852, 0.0, 0.02239, -0.421526, 0.90654, 0.4, -0.996247, -0.085244, -0.015031, 0.0, 0.0, 0.0, 0.0, 1.0]
            ]
        },
        {
            "name": "Arm_L",
            "time": [0.0, 0.05, 0.1, 0.15, 0.2, 0.3, 0.3833, 0.4333, 0.5, 0.7, 0.9, 1.2],
            "transform": [
                [-0.580482, -0.399102, 0.709758, -0.0, -0.32199, 0.913109, 0.250105, 0.388212, -0.747903, -0.083354, -0.658552, -0.0, 0.0, 0.0, 0.0, 1.0],
                [-0.580482, -0.399102, 0.709758, -0.0, -0.32199, 0.913109, 0.250105, 0.388212, -0.747903, -0.083354, -0.658552, -0.0, 0.0, 0.0, 0.0, 1.0],
                [0.253359, -0.746009, 0.615857, -0.0, -0.107772, 0.610898, 0.784339, 0.388212, -0.961348, -0.265092, 0.074377, -0.0, 0.0, 0.0, 0.0, 1.0],
                [0.583755, -0.730118, 0.355185, -0.0, 0.182937, 0.544484, 0.818578, 0.388212, -0.79105, -0.412873, 0.451412, -0.0, 0.0, 0.0, 0.0, 1.0],
                [0.599517, -0.622588, 0.502953, 0.0, 0.220485, 0.732564, 0.643999, 0.388212, -0.769391, -0.275195, 0.576457, 0.0, 0.0, 0.0, 0.0, 1.0],
                [0.531467, -0.54125, 0.651606, 0.0, 0.191294, 0.826055, 0.530131, 0.388212, -0.825195, -0.157099, 0.54256, 0.0, 0.0, 0.0, 0.0, 1.0],
                [0.519064, -0.266432, 0.812148, 0.0, 0.186817, 0.962566, 0.196378, 0.388212, -0.834067, 0.049791, 0.549409, 0.0, 0.0, 0.0, 0.0, 1.0],
                [0.519064, -0.636811, 0.570125, -0.0, 0.186817, 0.735418, 0.651352, 0.388212, -0.834067, -0.231585, 0.500697, -0.0, 0.0, 0.0, 0.0, 1.0],
                [0.519065, -0.584698, 0.623458, -0.0, 0.186817, 0.789389, 0.584777, 0.388212, -0.834067, -0.187065, 0.518976, -0.0, 0.0, 0.0, 0.0, 1.0],
                [0.519064, -0.528135, 0.672045, -0.0, 0.186817, 0.837351, 0.513752, 0.388212, -0.834067, -0.141121, 0.533305, 0.0, 0.0, 0.0, 0.0, 1.0],
                [0.414175, -0.463252, 0.783489, 0.0, -0.098643, 0.832875, 0.544598, 0.388212, -0.904834, -0.302845, 0.29926, 0.0, 0.0, 0.0, 0.0, 1.0],
                [-0.034355, 0.226507, 0.973403, -0.0, -0.187123, 0.955296, -0.228898, 0.388212, -0.981734, -0.19001, 0.009566, 0.0, 0.0, 0.0, 0.0, 1.0]
            ]
        },
        {
            "name": "Hand_L",
            "time": [0.0, 0.05, 0.1, 0.15, 0.2, 0.3, 0.3833, 0.4333, 0.5, 0.7, 0.9, 1.2],
            "transform": [
                [1.000002, 1e-06, 0.0, -0.0, -0.0, 0.794674, -0.607038, 0.329779, -0.0, 0.607038, 0.794673, -0.0, 0.0, 0.0, 0.0, 1.0],
                [1.000002, 1e-06, 0.0, -0.0, -0.0, 0.794674, -0.607038, 0.329779, -0.0, 0.607038, 0.794673, -0.0, 0.0, 0.0, 0.0, 1.0],
                [1.000002, 1e-06, 0.0, -0.0, -0.0, 0.794674, -0.607038, 0.329779, -0.0, 0.607038, 0.794673, 0.0, 0.0, 0.0, 0.0, 1.0],
                [1.000002, 1e-06, 0.0, 0.0, -0.0, 0.794674, -0.607038, 0.329779, -0.0, 0.607038, 0.794673, 0.0, 0.0, 0.0, 0.0, 1.0],
                [0.999892, -0.007925, 0.012499, -0.0, 0.014107, 0.765655, -0.643098, 0.329779, -0.004473, 0.643204, 0.765682, 0.0, 0.0, 0.0, 0.0, 1.0],
                [0.999614, -0.014424, 0.023811, 0.0, 0.026703, 0.738614, -0.6736, 0.329779, -0.007871, 0.673975, 0.738712, 0.0, 0.0, 0.0, 0.0, 1.0],
                [0.999562, -0.015284, 0.025392, 0.0, 0.028451, 0.73478, -0.677711, 0.329779, -0.008299, 0.678135, 0.73489, -0.0, 0.0, 0.0, 0.0, 1.0],
                [0.999562, -0.015284, 0.025392, -0.0, 0.028451, 0.734779, -0.67771, 0.329779, -0.008299, 0.678135, 0.734891, 0.0, 0.0, 0.0, 0.0, 1.0],
                [0.999562, -0.015284, 0.025392, 0.0, 0.028451, 0.734779, -0.67771, 0.329779, -0.008299, 0.678135, 0.73489, 0.0, 0.0, 0.0, 0.0, 1.0],
                [0.999562, -0.015284, 0.025392, 0.0, 0.028451, 0.734779, -0.67771, 0.329779, -0.008299, 0.678135, 0.734891, -0.0, 0.0, 0.0, 0.0, 1.0],
                [0.999563, -0.015284, 0.025392, 0.0, 0.028451, 0.734779, -0.67771, 0.329779, -0.008299, 0.678135, 0.73489, 0.0, 0.0, 0.0, 0.0, 1.0],
                [0.999563, -0.015284, 0.025392, 0.0, 0.028451, 0.73478, -0.677711, 0.329779, -0.008299, 0.678135, 0.73489, -0.0, 0.0, 0.0, 0.0, 1.0]
            ]
        },
        {
            "name": "Tool_L",
            "time": [0.0, 0.5, 0.7, 0.9, 1.2],
            "transform": [
                [1.0, -0.0, 0.0, 0.02, -0.0, -0.999999, 0.0, 0.291426, 0.0, 0.0, -1.0, -0.0, 0.0, 0.0, 0.0, 1.0],
                [1.0, -0.0, 0.0, 0.02, -0.0, -1.0, 0.0, 0.291426, 0.0, -0.0, -1.0, -0.0, 0.0, 0.0, 0.0, 1.0],
                [1.0, -0.0, 0.0, 0.02, -0.0, -1.0, -0.0, 0.291426, 0.0, 0.0, -1.0, -0.0, 0.0, 0.0, 0.0, 1.0],
                [1.0, -0.0, 0.0, 0.02, -0.0, -1.0, -0.0, 0.291426, 0.0, 0.0, -1.0, -0.0, 0.0, 0.0, 0.0, 1.0],
                [1.0, -0.0, 0.0, 0.02, -0.0, -0.999999, 0.0, 0.291426, 0.0, 0.0, -1.0, -0.0, 0.0, 0.0, 0.0, 1.0]
            ]
        },
        {
            "name": "Elbow_L",
            "time": [0.0, 0.05, 0.1, 0.15, 0.2, 0.3, 0.3833, 0.4333, 0.5, 0.7, 0.9, 1.2],
            "transform": [
                [-1.000001, -1e-06, -0.0, 0.0, -0.0, 0.320412, -0.947279, 0.410827, 0.0, -0.947279, -0.320411, -0.0, 0.0, 0.0, 0.0, 1.0],
                [-0.999999, -0.0, -0.0, -0.0, 0.0, 0.320411, -0.947278, 0.410827, -0.0, -0.947278, -0.320411, -0.0, 0.0, 0.0, 0.0, 1.0],
                [-1.0, -0.0, 1e-06, -0.0, -1e-06, 0.320412, -0.947278, 0.410827, 0.0, -0.947278, -0.320412, -0.0, 0.0, 0.0, 0.0, 1.0],
                [-1.0, 0.0, -1e-06, 0.0, 1e-06, 0.320411, -0.947278, 0.410827, 0.0, -0.947279, -0.320411, 0.0, 0.0, 0.0, 0.0, 1.0],
                [-1.0, 1e-06, 1e-06, -0.0, -0.0, 0.342276, -0.939599, 0.410827, -1e-06, -0.939599, -0.342276, -0.0, 0.0, 0.0, 0.0, 1.0],
                [-1.0, 0.0, -0.0, 0.0, 0.0, 0.361431, -0.932399, 0.410827, 0.0, -0.932399, -0.361431, 0.0, 0.0, 0.0, 0.0, 1.0],
                [-1.0, 0.0, -0.0, -0.0, 0.0, 0.364063, -0.931374, 0.410827, 0.0, -0.931374, -0.364063, -0.0, 0.0, 0.0, 0.0, 1.0],
                [-1.0, 0.0, -0.0, -0.0, 0.0, 0.364063, -0.931375, 0.410827, -0.0, -0.931374, -0.364063, 0.0, 0.0, 0.0, 0.0, 1.0],
                [-1.0, -0.0, -0.0, 0.0, 0.0, 0.364063, -0.931374, 0.410827, 0.0, -0.931374, -0.364063, -0.0, 0.0, 0.0, 0.0, 1.0],
                [-1.0, 0.0, -0.0, 0.0, 0.0, 0.364063, -0.931374, 0.410827, 0.0, -0.931374, -0.364063, -0.0, 0.0, 0.0, 0.0, 1.0],
                [-1.0, -0.0, -0.0, 0.0, 0.0, 0.364063, -0.931374, 0.410827, 0.0, -0.931374, -0.364063, 0.0, 0.0, 0.0, 0.0, 1.0],
                [-1.0, 0.0, -0.0, 0.0, 0.0, 0.364063, -0.931375, 0.410827, 0.0, -0.931375, -0.364063, -0.0, 0.0, 0.0, 0.0, 1.0]
            ]
        }
    ]
}