{
    "animation": [
        {
            "name": "Root",
            "time": [0.0, 0.0333, 0.05, 0.0667, 0.0833, 0.1, 0.1333, 0.1667, 0.2333, 0.3, 0.35, 0.4, 0.5, 0.7, 0.8, 1.0, 1.2, 1.3167],
            "transform": [
                [-0.100611, 0.008773, 0.994887, -5e-06, 0.943818, 0.317212, 0.092649, 0.000946, -0.314777, 0.948314, -0.040196, 0.598368, 0.0, 0.0, 0.0, 1.0],
                [0.942701, -0.083089, 0.323128, -5e-06, 0.314889, 0.541673, -0.779381, 0.400946, -0.110272, 0.836472, 0.5368, 0.636869, 0.0, 0.0, 0.0, 1.0],
                [0.998044, -0.024702, 0.057419, -5e-06, 0.062506, 0.388506, -0.919324, 0.550946, 0.000402, 0.921115, 0.389291, 0.580119, 0.0, 0.0, 0.0, 1.0],
                [0.975746, -0.0162, -0.218304, -5e-06, -0.209925, 0.213446, -0.954134, 0.700946, 0.062053, 0.97682, 0.204869, 0.523369, 0.0, 0.0, 0.0, 1.0],
                [0.882991, 0.013065, -0.469209, -5e-06, -0.409913, 0.50848, -0.757245, 0.958267, 0.22869, 0.860975, 0.454339, 0.553955, 0.0, 0.0, 0.0, 1.0],
                [0.750046, 0.10661, -0.652737, -5e-06, -0.508786, 0.723572, -0.466455, 1.200946, 0.422573, 0.681966, 0.596954, 0.609869, 0.0, 0.0, 0.0, 1.0],
                [0.432981, 0.002348, -0.9014, -5e-06, -0.810351, 0.438985, -0.388103, 1.400946, 0.39479, 0.898491, 0.191975, 0.696369, 0.0, 0.0, 0.0, 1.0],
                [-0.102398, -0.053533, -0.993302, -5e-06, -0.959451, 0.26894, 0.084414, 1.400946, 0.262619, 0.961668, -0.078901, 0.804232, 0.0, 0.0, 0.0, 1.0],
                [-0.578642, -0.190727, -0.792967, -5e-06, -0.815549, 0.143971, 0.560492, 1.400946, 0.007263, 0.971028, -0.238855, 0.773972, 0.0, 0.0, 0.0, 1.0],
                [-0.906176, -0.164472, -0.389607, -5e-06, -0.349442, -0.227683, 0.908873, 1.400946, -0.238191, 0.959744, 0.148848, 0.773972, 0.0, 0.0, 0.0, 1.0],
                [-0.932039, -0.227155, 0.282319, -5e-06, 0.322871, -0.166926, 0.931606, 1.400946, -0.164493, 0.959446, 0.228923, 0.658969, 0.0, 0.0, 0.0, 1.0],
                [-0.501627, -0.235646, 0.832371, -5e-06, 0.863968, -0.08761, 0.495866, 1.400946, -0.043925, 0.967882, 0.247539, 0.578948, 0.0, 0.0, 0.0, 1.0],
                [0.181185, -0.193737, 0.964177, -5e-06, 0.981845, -0.020331, -0.18859, 1.400946, 0.056139, 0.980843, 0.186536, 0.372687, 0.0, 0.0, 0.0, 1.0],
                [0.546566, -0.158386, 0.822302, -5e-06, 0.833279, 0.005382, -0.552826, 1.400946, 0.083135, 0.987363, 0.134922, 0.36039, 0.0, 0.0, 0.0, 1.0],
                [0.565076, -0.156282, 0.810102, -5e-06, 0.820757, 0.006575, -0.57124, 1.400946, 0.083949, 0.987691, 0.131985, 0.36039, 0.0, 0.0, 0.0, 1.0],
                [0.58363, -0.263552, 0.76806, -5e-06, 0.807146, 0.291768, -0.513212, 1.400946, -0.088837, 0.919463, 0.38301, 0.558592, 0.0, 0.0, 0.0, 1.0],
                [0.999681, 0.00879, -0.023697, -5e-06, -0.025262, 0.317726, -0.947846, 1.400946, -0.000803, 0.948142, 0.317846, 0.652991, 0.0, 0.0, 0.0, 1.0],
                [0.945525, 0.075185, -0.316749, -5e-06, -0.325055, 0.271638, -0.905843, 1.400946, 0.017935, 0.959458, 0.28128, 0.660396, 0.0, 0.0, 0.0, 1.0]
            ]
        },
        {
            "name": "Thigh_R",
            "time": [0.0, 0.0333, 0.05, 0.0667, 0.1, 0.1333, 0.1667, 0.2333, 0.3, 0.35, 0.4, 0.5, 0.7, 0.8, 1.0, 1.2, 1.3167],
            "transform": [
                [0.733353, 0.660738, 0.159894, 0.124994, 0.472266, -0.66435, 0.579268, 0.002202, 0.48898, -0.349305, -0.79927, -1.2e-05, 0.0, 0.0, 0.0, 1.0],
                [0.999954, 0.003829, -0.004658, 0.124994, 0.006009, -0.697142, 0.716873, 0.004205, -0.000502, -0.716888, -0.697152, -1.2e-05, 0.0, 0.0, 0.0, 1.0],
                [0.9987, -0.045792, 0.02112, 0.124994, -0.050062, -0.950672, 0.30605, 0.004301, 0.006064, -0.306717, -0.951755, -1.2e-05, 0.0, 0.0, 0.0, 1.0],
                [0.988785, 0.110705, 0.099964, 0.124994, 0.133746, -0.954727, -0.265629, 0.004397, 0.066033, 0.276027, -0.958853, -1.2e-05, 0.0, 0.0, 0.0, 1.0],
                [0.995629, -0.037042, 0.085411, 0.124994, -0.082162, -0.781012, 0.619047, 0.004686, 0.043778, -0.623376, -0.780664, -1.2e-05, 0.0, 0.0, 0.0, 1.0],
                [0.952829, 0.278866, -0.119567, 0.124994, 0.226454, -0.391331, 0.891924, 0.004975, 0.201942, -0.876951, -0.436034, -1.2e-05, 0.0, 0.0, 0.0, 1.0],
                [0.991486, 0.101433, -0.081314, 0.124994, 0.110531, -0.328472, 0.937998, -0.004447, 0.068436, -0.939025, -0.336896, -1.2e-05, 0.0, 0.0, 0.0, 1.0],
                [0.859922, -0.176299, 0.479011, 0.124994, -0.484956, 0.01054, 0.874474, -0.00283, -0.159218, -0.98428, -0.076434, -1.2e-05, 0.0, 0.0, 0.0, 1.0],
                [0.995183, 0.061587, 0.076255, 0.124994, 0.067341, -0.994882, -0.075334, -0.00283, 0.071225, 0.080106, -0.994238, -1.2e-05, 0.0, 0.0, 0.0, 1.0],
                [0.948417, 0.316443, -0.019171, 0.124994, 0.275797, -0.793753, 0.542118, -0.002831, 0.156332, -0.519441, -0.840084, -1.2e-05, 0.0, 0.0, 0.0, 1.0],
                [0.96366, 0.26323, -0.045473, 0.124994, 0.17664, -0.500225, 0.847687, -0.00283, 0.20039, -0.824914, -0.528544, -1.2e-05, 0.0, 0.0, 0.0, 1.0],
                [0.986001, 0.146993, 0.0787, 0.124994, -0.085504, 0.040548, 0.995512, -0.002831, 0.143142, -0.988305, 0.052549, -1.2e-05, 0.0, 0.0, 0.0, 1.0],
                [0.957909, 0.062024, 0.280287, 0.124994, -0.283267, 0.045869, 0.957943, -0.002831, 0.046559, -0.997019, 0.061508, -1.2e-05, 0.0, 0.0, 0.0, 1.0],
                [0.954893, 0.056934, 0.291438, 0.124994, -0.293967, 0.04256, 0.954867, -0.00283, 0.04196, -0.997469, 0.057378, -1.2e-05, 0.0, 0.0, 0.0, 1.0],
                [0.98279, 0.092136, 0.160106, 0.124994, -0.147276, -0.132356, 0.9802, -0.00283, 0.111503, -0.98691, -0.11651, -1.2e-05, 0.0, 0.0, 0.0, 1.0],
                [0.988089, 0.098292, 0.118399, 0.124994, -0.053372, -0.502747, 0.862785, -0.002831, 0.14433, -0.858825, -0.491513, -1.2e-05, 0.0, 0.0, 0.0, 1.0],
                [0.984842, 0.153538, 0.080698, 0.124994, 0.057506, -0.727948, 0.683215, -0.00283, 0.163644, -0.668217, -0.725745, -1.2e-05, 0.0, 0.0, 0.0, 1.0]
            ]
        },
        {
            "name": "Leg_R",
            "time": [0.0, 0.0333, 0.05, 0.0667, 0.1, 0.1333, 0.1667, 0.2333, 0.3, 0.35, 0.4, 0.5, 0.7, 0.8, 1.0, 1.2, 1.3167],
            "transform": [
                [1.000024, -2e-06, 4e-06, -0.0, -4e-06, 0.115937, 0.993282, 0.37472, -2e-06, -0.993283, 0.115937, 0.0, 0.0, 0.0, 0.0, 1.0],
                [1.000024, 0.0, 5e-06, -0.0, -4e-06, 0.52809, 0.849219, 0.37472, -3e-06, -0.849218, 0.528091, 0.0, 0.0, 0.0, 0.0, 1.0],
                [1.000024, 1e-06, 5e-06, -0.0, -4e-06, 0.634878, 0.772646, 0.37472, -2e-06, -0.772646, 0.634879, -0.0, 0.0, 0.0, 0.0, 1.0],
                [1.000024, 2e-06, 4e-06, 0.0, -4e-06, 0.88472, 0.466179, 0.37472, -2e-06, -0.466178, 0.88472, 0.0, 0.0, 0.0, 0.0, 1.0],
                [1.000024, 2e-06, 4e-06, -0.0, -4e-06, 0.812278, 0.583315, 0.37472, -3e-06, -0.583314, 0.812279, -0.0, 0.0, 0.0, 0.0, 1.0],
                [1.000024, -3e-06, 3e-06, 0.0, -4e-06, -0.207366, 0.97829, 0.37472, -2e-06, -0.978289, -0.207366, 0.0, 0.0, 0.0, 0.0, 1.0],
                [1.000024, -3e-06, 4e-06, -0.0, -4e-06, -0.09085, 0.99589, 0.37472, -3e-06, -0.99589, -0.09085, -0.0, 0.0, 0.0, 0.0, 1.0],
                [1.000001, -4e-06, 2e-06, -0.0, -4e-06, -0.549146, 0.835727, 0.37472, -2e-06, -0.835726, -0.549146, -0.0, 0.0, 0.0, 0.0, 1.0],
                [1.000001, 4e-06, 2e-06, -0.0, -4e-06, 0.999986, 0.005416, 0.37472, -2e-06, -0.005416, 0.999986, 0.0, 0.0, 0.0, 0.0, 1.0],
                [1.000001, -0.0, 5e-06, -0.0, -4e-06, 0.514161, 0.857694, 0.37472, -2e-06, -0.857693, 0.514161, 0.0, 0.0, 0.0, 0.0, 1.0],
                [1.0, -2e-06, 4e-06, -0.0, -4e-06, 0.20878, 0.977964, 0.37472, -3e-06, -0.977962, 0.20878, -0.0, 0.0, 0.0, 0.0, 1.0],
                [1.000001, -4e-06, 3e-06, -0.0, -4e-06, -0.371895, 0.928276, 0.37472, -2e-06, -0.928274, -0.371895, 0.0, 0.0, 0.0, 0.0, 1.0],
                [1.0, -4e-06, 3e-06, 0.0, -4e-06, -0.324451, 0.945904, 0.37472, -2e-06, -0.945902, -0.324451, -0.0, 0.0, 0.0, 0.0, 1.0],
                [1.000001, -4e-06, 3e-06, 0.0, -4e-06, -0.31985, 0.947469, 0.37472, -2e-06, -0.947468, -0.319849, 0.0, 0.0, 0.0, 0.0, 1.0],
                [1.0, -1e-06, 4e-06, -0.0, -4e-06, 0.260113, 0.965579, 0.37472, -3e-06, -0.965577, 0.260113, -0.0, 0.0, 0.0, 0.0, 1.0],
                [1.0, 1e-06, 5e-06, 0.0, -4e-06, 0.623056, 0.782179, 0.37472, -2e-06, -0.782177, 0.623055, 0.0, 0.0, 0.0, 0.0, 1.0],
                [1.0, 0.0, 5e-06, -0.0, -4e-06, 0.57188, 0.820339, 0.37472, -2e-06, -0.820336, 0.57188, 0.0, 0.0, 0.0, 0.0, 1.0]
            ]
        },
        {
            "name": "Knee_R",
            "time": [0.0, 0.0333, 0.05, 0.0667, 0.1, 0.1333, 0.1667, 0.2333, 0.3, 0.35, 0.4, 0.5, 0.7, 0.8, 1.0, 1.2, 1.3167],
            "transform": [
                [1.0, 2e-06, -4e-06, -0.0, -4e-06, 3e-06, -1.0, 0.37472, -2e-06, 1.0, 3e-06, 0.0, 0.0, 0.0, 0.0, 1.0],
                [1.0, 2e-06, -4e-06, -0.0, -4e-06, 3e-06, -1.0, 0.37472, -2e-06, 1.0, 3e-06, 0.0, 0.0, 0.0, 0.0, 1.0],
                [1.0, 2e-06, -4e-06, -0.0, -4e-06, 3e-06, -1.0, 0.37472, -2e-06, 1.0, 3e-06, 0.0, 0.0, 0.0, 0.0, 1.0],
                [1.0, 2e-06, -4e-06, -0.0, -4e-06, 3e-06, -1.0, 0.37472, -2e-06, 1.0, 3e-06, 0.0, 0.0, 0.0, 0.0, 1.0],
                [1.0, 2e-06, -4e-06, 0.0, -4e-06, 3e-06, -1.0, 0.37472, -2e-06, 1.0, 3e-06, -0.0, 0.0, 0.0, 0.0, 1.0],
                [1.0, 2e-06, -4e-06, -0.0, -4e-06, 3e-06, -1.0, 0.37472, -2e-06, 1.0, 3e-06, 0.0, 0.0, 0.0, 0.0, 1.0],
                [1.0, 2e-06, -4e-06, -0.0, -4e-06, 3e-06, -1.0, 0.37472, -2e-06, 1.0, 3e-06, 0.0, 0.0, 0.0, 0.0, 1.0],
                [1.0, 2e-06, -4e-06, -0.0, -4e-06, 3e-06, -1.0, 0.37472, -2e-06, 1.0, 3e-06, 0.0, 0.0, 0.0, 0.0, 1.0],
                [1.0, 2e-06, -4e-06, -0.0, -4e-06, 3e-06, -1.0, 0.37472, -2e-06, 1.0, 3e-06, 0.0, 0.0, 0.0, 0.0, 1.0],
                [1.0, 2e-06, -4e-06, -0.0, -4e-06, 3e-06, -1.0, 0.37472, -2e-06, 1.0, 3e-06, -0.0, 0.0, 0.0, 0.0, 1.0],
                [1.0, 2e-06, -4e-06, 0.0, -4e-06, 3e-06, -1.0, 0.37472, -2e-06, 1.0, 3e-06, -0.0, 0.0, 0.0, 0.0, 1.0],
                [1.0, 2e-06, -4e-06, -0.0, -4e-06, 3e-06, -1.0, 0.37472, -2e-06, 1.0, 3e-06, 0.0, 0.0, 0.0, 0.0, 1.0],
                [1.0, 2e-06, -4e-06, 0.0, -4e-06, 3e-06, -1.0, 0.37472, -2e-06, 1.0, 3e-06, 0.0, 0.0, 0.0, 0.0, 1.0],
                [1.0, 2e-06, -4e-06, 0.0, -4e-06, 3e-06, -1.0, 0.37472, -2e-06, 1.0, 3e-06, 0.0, 0.0, 0.0, 0.0, 1.0],
                [1.0, 2e-06, -4e-06, -0.0, -4e-06, 3e-06, -1.0, 0.37472, -2e-06, 1.0, 3e-06, -0.0, 0.0, 0.0, 0.0, 1.0],
                [1.0, 2e-06, -4e-06, 0.0, -4e-06, 3e-06, -1.0, 0.37472, -2e-06, 1.0, 3e-06, -0.0, 0.0, 0.0, 0.0, 1.0],
                [1.0, 2e-06, -4e-06, -0.0, -4e-06, 3e-06, -1.0, 0.37472, -2e-06, 1.0, 3e-06, 0.0, 0.0, 0.0, 0.0, 1.0]
            ]
        },
        {
            "name": "Thigh_L",
            "time": [0.0, 0.0333, 0.05, 0.0667, 0.1, 0.1333, 0.1667, 0.2333, 0.3, 0.35, 0.4, 0.5, 0.7, 0.8, 1.0, 1.2, 1.3167],
            "transform": [
                [0.999066, 0.03702, 0.018869, -0.125521, 0.012021, -0.692163, 0.721528, -0.004963, 0.039775, -0.72068, -0.692009, -0.000472, 0.0, 0.0, 0.0, 1.0],
                [0.980912, 0.184651, -0.05977, -0.125176, 0.183268, -0.779848, 0.598406, -0.007992, 0.06389, -0.59798, -0.798859, -0.000335, 0.0, 0.0, 0.0, 1.0],
                [0.992425, 0.079713, -0.092717, -0.12516, 0.116284, -0.3809, 0.917187, -0.008137, 0.037799, -0.921086, -0.387311, -0.000329, 0.0, 0.0, 0.0, 1.0],
                [0.98518, -0.118908, 0.123035, -0.125143, -0.149761, -0.251465, 0.956125, -0.008283, -0.08276, -0.96045, -0.265565, -0.000322, 0.0, 0.0, 0.0, 1.0],
                [0.999489, -0.014666, 0.025776, -0.125094, -0.028928, -0.673588, 0.738432, -0.00872, 0.006533, -0.738852, -0.673715, -0.000303, 0.0, 0.0, 0.0, 1.0],
                [0.927943, 0.351936, -0.122143, -0.125044, 0.364263, -0.788483, 0.495427, -0.009157, 0.078058, -0.504256, -0.859925, -0.000283, 0.0, 0.0, 0.0, 1.0],
                [0.937204, 0.194542, -0.289236, -0.124945, 0.347249, -0.448672, 0.823379, -0.01003, 0.030412, -0.872173, -0.488086, -0.000243, 0.0, 0.0, 0.0, 1.0],
                [0.903476, -0.205725, 0.376044, -0.125006, -0.333015, 0.21547, 0.917973, -0.00283, -0.269875, -0.954595, 0.126162, -1.2e-05, 0.0, 0.0, 0.0, 1.0],
                [0.971381, 0.153999, -0.180843, -0.125006, 0.174251, 0.055393, 0.983143, -0.00283, 0.16142, -0.986518, 0.026974, -1.2e-05, 0.0, 0.0, 0.0, 1.0],
                [0.991394, -0.053482, 0.119491, -0.141455, -0.128592, -0.22667, 0.965444, 0.093114, -0.024549, -0.972501, -0.231597, 0.02288, 0.0, 0.0, 0.0, 1.0],
                [0.919399, -0.258801, 0.296188, -0.125006, -0.382943, -0.417084, 0.824251, -0.00283, -0.089782, -0.871239, -0.482572, -1.2e-05, 0.0, 0.0, 0.0, 1.0],
                [0.970191, -0.190776, 0.14945, -0.125006, -0.240471, -0.834386, 0.495947, -0.002831, 0.030085, -0.517102, -0.855389, -1.2e-05, 0.0, 0.0, 0.0, 1.0],
                [0.997933, 0.047023, 0.043828, -0.125006, 0.030465, -0.946353, 0.321675, -0.002831, 0.056604, -0.319675, -0.945828, -1.2e-05, 0.0, 0.0, 0.0, 1.0],
                [0.997201, 0.063663, 0.039223, -0.125006, 0.048177, -0.948155, 0.314119, -0.00283, 0.057188, -0.31135, -0.948566, -1.2e-05, 0.0, 0.0, 0.0, 1.0],
                [0.963506, -0.116202, 0.241151, -0.125006, -0.267069, -0.478584, 0.836433, -0.00283, 0.018216, -0.870312, -0.492152, -1.2e-05, 0.0, 0.0, 0.0, 1.0],
                [0.959202, 0.01055, 0.282526, -0.125006, -0.230716, -0.548374, 0.803764, -0.002831, 0.163413, -0.836155, -0.523566, -1.2e-05, 0.0, 0.0, 0.0, 1.0],
                [0.941413, -0.040557, 0.334808, -0.125006, -0.277194, -0.658538, 0.699621, -0.002831, 0.192114, -0.751439, -0.631197, -1.2e-05, 0.0, 0.0, 0.0, 1.0]
            ]
        },
        {
            "name": "Leg_L",
            "time": [0.0, 0.0333, 0.05, 0.0667, 0.1, 0.1333, 0.1667, 0.2333, 0.3, 0.35, 0.4, 0.5, 0.7, 0.8, 1.0, 1.2, 1.3167],
            "transform": [
                [1.000063, -1e-06, 1e-06, -0.0, -1e-06, 0.344281, 0.938948, 0.37472, -1e-06, -0.938953, 0.344279, 0.0, 0.0, 0.0, 0.0, 1.0],
                [1.000068, -0.0, 2e-06, -0.0, -1e-06, 0.461308, 0.887323, 0.37472, -1e-06, -0.887322, 0.46131, 0.0, 0.0, 0.0, 0.0, 1.0],
                [1.000069, -1e-06, 1e-06, -0.0, -1e-06, 0.192515, 0.981369, 0.37472, -1e-06, -0.981368, 0.192515, -0.0, 0.0, 0.0, 0.0, 1.0],
                [1.000069, -1e-06, 1e-06, -0.0, -1e-06, 0.038089, 0.999347, 0.37472, -1e-06, -0.999348, 0.038089, -0.0, 0.0, 0.0, 0.0, 1.0],
                [1.00007, -0.0, 2e-06, 0.0, -1e-06, 0.514863, 0.857356, 0.37472, -1e-06, -0.857357, 0.514863, -0.0, 0.0, 0.0, 0.0, 1.0],
                [1.00007, -0.0, 2e-06, 0.0, -1e-06, 0.531201, 0.84733, 0.37472, -1e-06, -0.847331, 0.531201, -0.0, 0.0, 0.0, 0.0, 1.0],
                [1.000071, -1e-06, 1e-06, -0.0, -1e-06, 0.057368, 0.998424, 0.37472, -1e-06, -0.998423, 0.057367, -0.0, 0.0, 0.0, 0.0, 1.0],
                [0.999999, -2e-06, -0.0, -0.0, -1e-06, -0.803314, 0.595552, 0.37472, -1e-06, -0.595553, -0.803313, 0.0, 0.0, 0.0, 0.0, 1.0],
                [0.999999, -1e-06, 1e-06, 0.0, -1e-06, -0.05671, 0.998389, 0.374721, -1e-06, -0.998389, -0.05671, -0.0, 0.0, 0.0, 0.0, 1.0],
                [0.999999, -1e-06, 1e-06, -0.0, -1e-06, 0.008987, 0.999959, 0.37472, -1e-06, -0.999959, 0.008987, 0.0, 0.0, 0.0, 0.0, 1.0],
                [0.999999, -1e-06, 1e-06, 0.0, -1e-06, -0.308581, 0.9512, 0.37472, -1e-06, -0.9512, -0.308581, 0.0, 0.0, 0.0, 0.0, 1.0],
                [0.999999, -1e-06, 1e-06, 0.0, -1e-06, -0.299353, 0.954147, 0.37472, -1e-06, -0.954146, -0.299353, 0.0, 0.0, 0.0, 0.0, 1.0],
                [0.999999, -1e-06, 1e-06, -0.0, -1e-06, -0.241302, 0.970455, 0.37472, -1e-06, -0.970455, -0.241303, 0.0, 0.0, 0.0, 0.0, 1.0],
                [0.999999, -1e-06, 1e-06, 0.0, -1e-06, -0.235498, 0.97188, 0.37472, -1e-06, -0.97188, -0.235498, 0.0, 0.0, 0.0, 0.0, 1.0],
                [0.999999, -1e-06, 2e-06, 0.0, -1e-06, 0.278862, 0.960336, 0.37472, -1e-06, -0.960336, 0.278862, 0.0, 0.0, 0.0, 0.0, 1.0],
                [0.999999, -0.0, 2e-06, 0.0, -1e-06, 0.604441, 0.796661, 0.37472, -1e-06, -0.796662, 0.604441, -0.0, 0.0, 0.0, 0.0, 1.0],
                [0.999999, -0.0, 2e-06, 0.0, -1e-06, 0.596566, 0.802577, 0.37472, -1e-06, -0.802578, 0.596567, -0.0, 0.0, 0.0, 0.0, 1.0]
            ]
        },
        {
            "name": "Knee_L",
            "time": [0.0, 0.0333, 0.05, 0.0667, 0.1, 0.1333, 0.1667, 0.2333, 0.3, 0.35, 0.4, 0.5, 0.7, 0.8, 1.0, 1.2, 1.3167],
            "transform": [
                [1.0, 1e-06, -1e-06, -0.0, -1e-06, 0.572603, -0.819832, 0.37472, -0.0, 0.819833, 0.572604, 0.0, 0.0, 0.0, 0.0, 1.0],
                [1.0, 1e-06, -1e-06, -0.0, -1e-06, 0.519002, -0.854772, 0.37472, -0.0, 0.854773, 0.519003, 0.0, 0.0, 0.0, 0.0, 1.0],
                [1.0, 1e-06, -1e-06, 0.0, -1e-06, 0.635414, -0.772172, 0.37472, -0.0, 0.772172, 0.635414, -0.0, 0.0, 0.0, 0.0, 1.0],
                [1.0, 1e-06, -1e-06, -0.0, -1e-06, 0.693511, -0.720446, 0.37472, -0.0, 0.720446, 0.693512, -0.0, 0.0, 0.0, 0.0, 1.0],
                [1.0, 1e-06, -1e-06, 0.0, -1e-06, 0.492532, -0.870294, 0.37472, -0.0, 0.870294, 0.492532, -0.0, 0.0, 0.0, 0.0, 1.0],
                [1.0, 1e-06, -1e-06, 0.0, -1e-06, 0.484169, -0.874974, 0.37472, -0.0, 0.874974, 0.484169, -0.0, 0.0, 0.0, 0.0, 1.0],
                [1.0, 1e-06, -1e-06, -0.0, -2e-06, 0.686527, -0.727104, 0.37472, -1e-06, 0.727104, 0.686527, -0.0, 0.0, 0.0, 0.0, 1.0],
                [1.0, 1e-06, -0.0, 0.0, -1e-06, 0.949557, -0.313594, 0.37472, -0.0, 0.313595, 0.949557, -0.0, 0.0, 0.0, 0.0, 1.0],
                [1.0, 2e-06, -1e-06, -0.0, -2e-06, 0.726882, -0.686764, 0.374721, -1e-06, 0.686764, 0.726881, -0.0, 0.0, 0.0, 0.0, 1.0],
                [1.0, 1e-06, -1e-06, -0.0, -1e-06, 0.703923, -0.710276, 0.37472, -0.0, 0.710276, 0.703924, 0.0, 0.0, 0.0, 0.0, 1.0],
                [1.0, 1e-06, -1e-06, -0.0, -1e-06, 0.808883, -0.58797, 0.37472, -0.0, 0.58797, 0.808883, 0.0, 0.0, 0.0, 0.0, 1.0],
                [1.0, 1e-06, -1e-06, -0.0, -1e-06, 0.806026, -0.591881, 0.37472, -0.0, 0.591881, 0.806026, 0.0, 0.0, 0.0, 0.0, 1.0],
                [1.0, 1e-06, -0.0, -0.0, -1e-06, 0.787815, -0.615912, 0.37472, -0.0, 0.615913, 0.787815, -0.0, 0.0, 0.0, 0.0, 1.0],
                [1.0, 2e-06, -1e-06, 0.0, -1e-06, 0.78597, -0.618264, 0.37472, -0.0, 0.618264, 0.785971, 0.0, 0.0, 0.0, 0.0, 1.0],
                [1.0, 1e-06, -1e-06, 0.0, -1e-06, 0.600476, -0.799643, 0.37472, -0.0, 0.799644, 0.600476, -0.0, 0.0, 0.0, 0.0, 1.0],
                [1.0, 1e-06, -1e-06, -0.0, -1e-06, 0.444729, -0.895665, 0.37472, -0.0, 0.895666, 0.444729, 0.0, 0.0, 0.0, 0.0, 1.0],
                [1.0, 1e-06, -1e-06, -0.0, -1e-06, 0.449134, -0.893464, 0.37472, -0.0, 0.893465, 0.449134, 0.0, 0.0, 0.0, 0.0, 1.0]
            ]
        },
        {
            "name": "Torso",
            "time": [0.0, 0.0333, 0.05, 0.0667, 0.1, 0.1333, 0.1667, 0.2333, 0.3, 0.35, 0.4, 0.5, 0.7, 0.8, 1.0, 1.2, 1.3167],
            "transform": [
                [0.990143, -0.139961, -0.005155, 0.0, 0.139961, 0.987448, 0.073199, 0.05, -0.005155, -0.073199, 0.997304, 0.0, 0.0, 0.0, 0.0, 1.0],
                [0.998912, -0.036503, 0.029035, 0.0, 0.039322, 0.99387, -0.103329, 0.05, -0.025086, 0.104359, 0.994223, 0.0, 0.0, 0.0, 0.0, 1.0],
                [0.998001, -0.062639, 0.008438, 0.0, 0.060744, 0.987453, 0.14576, 0.05, -0.017463, -0.144956, 0.989284, 0.0, 0.0, 0.0, 0.0, 1.0],
                [0.996411, -0.082746, -0.017843, 0.0, 0.083239, 0.919515, 0.384138, 0.05, -0.015379, -0.384245, 0.923103, 0.0, 0.0, 0.0, 0.0, 1.0],
                [0.995177, -0.01105, 0.097467, -0.0, 0.027368, 0.985457, -0.167707, 0.05, -0.094196, 0.169566, 0.981007, -0.0, 0.0, 0.0, 0.0, 1.0],
                [0.998176, -0.039096, 0.046014, -0.0, 0.044694, 0.990806, -0.127698, 0.05, -0.040599, 0.129521, 0.990745, 0.0, 0.0, 0.0, 0.0, 1.0],
                [0.997348, -0.040925, 0.060184, 0.0, 0.049454, 0.987773, -0.147852, 0.05, -0.053397, 0.150436, 0.987177, 0.0, 0.0, 0.0, 0.0, 1.0],
                [0.998955, 0.035358, -0.028949, -0.0, -0.030919, 0.989446, 0.141566, 0.05, 0.033649, -0.140523, 0.989506, 0.0, 0.0, 0.0, 0.0, 1.0],
                [0.98641, -0.149303, 0.068589, 0.0, 0.163189, 0.938827, -0.303273, 0.05, -0.019114, 0.310344, 0.950432, -0.0, 0.0, 0.0, 0.0, 1.0],
                [0.992138, -0.115321, 0.048608, -0.0, 0.123061, 0.969622, -0.211398, 0.05, -0.022753, 0.215718, 0.976191, -0.0, 0.0, 0.0, 0.0, 1.0],
                [0.998035, -0.053321, 0.032925, -0.0, 0.059259, 0.9739, -0.219105, 0.05, -0.020383, 0.220626, 0.975146, 0.0, 0.0, 0.0, 0.0, 1.0],
                [0.995629, 0.089414, 0.026965, -0.0, -0.086814, 0.992529, -0.085726, 0.05, -0.034429, 0.083011, 0.995954, -0.0, 0.0, 0.0, 0.0, 1.0],
                [0.995327, 0.095298, 0.015579, -0.0, -0.094748, 0.994959, -0.032865, 0.05, -0.018632, 0.031235, 0.999338, -0.0, 0.0, 0.0, 0.0, 1.0],
                [0.994879, 0.099633, 0.016983, -0.0, -0.099425, 0.994964, -0.01267, 0.05, -0.01816, 0.010916, 0.999775, -0.0, 0.0, 0.0, 0.0, 1.0],
                [0.997495, 0.06984, 0.011271, 0.0, -0.069333, 0.996775, -0.0404, 0.05, -0.014056, 0.039518, 0.99912, -0.0, 0.0, 0.0, 0.0, 1.0],
                [0.999476, -0.010816, 0.030504, -0.0, 0.010842, 0.999941, -0.000674, 0.05, -0.030495, 0.001004, 0.999534, -0.0, 0.0, 0.0, 0.0, 1.0],
                [0.998717, -0.033982, 0.037556, 0.0, 0.033404, 0.999316, 0.015898, 0.05, -0.038071, -0.014623, 0.999168, 0.0, 0.0, 0.0, 0.0, 1.0]
            ]
        },
        {
            "name": "Chest",
            "time": [0.0, 0.0333, 0.05, 0.0667, 0.1, 0.1333, 0.1667, 0.2333, 0.3, 0.35, 0.4, 0.5, 0.7, 0.8, 1.0, 1.2, 1.3167],
            "transform": [
                [0.965925, -1e-06, 0.25882, 0.0, 0.051549, 0.979966, -0.192379, 0.3, -0.253635, 0.199166, 0.946574, -0.0, 0.0, 0.0, 0.0, 1.0],
                [0.488438, -0.078724, 0.86904, -0.0, 0.268016, 0.961316, -0.063553, 0.3, -0.830419, 0.263958, 0.490643, -0.0, 0.0, 0.0, 0.0, 1.0],
                [0.799538, 0.003835, 0.600604, 0.0, 0.154822, 0.96487, -0.212264, 0.3, -0.580319, 0.262699, 0.770856, 0.0, 0.0, 0.0, 0.0, 1.0],
                [0.966521, 0.077023, 0.244754, -0.0, -5.9e-05, 0.953948, -0.299971, 0.3, -0.256588, 0.289914, 0.922016, -0.0, 0.0, 0.0, 0.0, 1.0],
                [0.965926, -1e-06, 0.25882, -0.0, -0.003057, 0.99993, 0.011411, 0.3, -0.258802, -0.011814, 0.965858, -0.0, 0.0, 0.0, 0.0, 1.0],
                [0.983326, 0.107327, -0.146802, 0.0, -0.076978, 0.977035, 0.198687, 0.3, 0.164755, -0.184073, 0.969006, -0.0, 0.0, 0.0, 0.0, 1.0],
                [0.940247, 0.129415, -0.31494, 0.0, -0.056959, 0.971702, 0.22924, 0.3, 0.335695, -0.197604, 0.921011, -0.0, 0.0, 0.0, 0.0, 1.0],
                [0.998455, -0.006447, 0.055186, 0.0, 0.006732, 0.999965, -0.004986, 0.3, -0.055151, 0.005349, 0.998464, -0.0, 0.0, 0.0, 0.0, 1.0],
                [0.998455, -0.006447, 0.055186, 0.0, 0.006732, 0.999965, -0.004986, 0.3, -0.055151, 0.005349, 0.998464, -0.0, 0.0, 0.0, 0.0, 1.0],
                [0.999938, -0.004557, 0.010091, -0.0, 0.004602, 0.999979, -0.004452, 0.3, -0.01007, 0.004498, 0.99994, -0.0, 0.0, 0.0, 0.0, 1.0],
                [0.997009, -0.000793, -0.077282, 0.0, 0.000552, 0.999995, -0.003147, 0.3, 0.077284, 0.003094, 0.997005, 0.0, 0.0, 0.0, 0.0, 1.0],
                [0.986193, 0.003147, -0.165571, 0.0, -0.003436, 0.999993, -0.00146, 0.3, 0.165565, 0.002009, 0.986198, -0.0, 0.0, 0.0, 0.0, 1.0],
                [0.973956, 0.005956, -0.226656, 0.0, -0.006132, 0.999981, -7.2e-05, 0.3, 0.226651, 0.00146, 0.973976, -0.0, 0.0, 0.0, 0.0, 1.0],
                [0.973085, 0.006129, -0.230365, 0.0, -0.006294, 0.99998, 1.9e-05, 0.3, 0.23036, 0.001432, 0.973105, 0.0, 0.0, 0.0, 0.0, 1.0],
                [0.973085, 0.006129, -0.230365, 0.0, -0.006294, 0.99998, 1.9e-05, 0.3, 0.23036, 0.001432, 0.973105, -0.0, 0.0, 0.0, 0.0, 1.0],
                [0.919114, 0.014014, -0.393744, -0.0, -0.013222, 0.999901, 0.004726, 0.3, 0.393771, 0.000863, 0.919209, -0.0, 0.0, 0.0, 0.0, 1.0],
                [0.889134, 0.01724, -0.457322, -0.0, -0.015798, 0.999851, 0.006977, 0.3, 0.457374, 0.001022, 0.889274, -0.0, 0.0, 0.0, 0.0, 1.0]
            ]
        },
        {
            "name": "Head",
            "time": [0.0, 0.0333, 0.05, 0.0667, 0.0833, 0.1, 0.1333, 0.1667, 0.2333, 0.3, 0.35, 0.4, 0.5, 0.7, 0.8, 1.0, 1.2, 1.3167],
            "transform": [
                [-0.205199, 0.025433, -0.97839, 0.0, 0.186684, 0.982325, -0.013619, 0.4, 0.960751, -0.185444, -0.206321, -0.0, 0.0, 0.0, 0.0, 1.0],
                [0.285963, -0.027527, -0.957845, -0.0, -0.019856, 0.999203, -0.034643, 0.4, 0.958035, 0.028925, 0.285189, 0.0, 0.0, 0.0, 0.0, 1.0],
                [0.792088, -0.089197, -0.603854, 0.0, -0.042716, 0.978741, -0.200604, 0.4, 0.608911, 0.18469, 0.771438, 0.0, 0.0, 0.0, 0.0, 1.0],
                [0.999408, -0.009266, -0.033146, 0.0, -0.001446, 0.95092, -0.309435, 0.4, 0.034387, 0.3093, 0.950342, 0.0, 0.0, 0.0, 0.0, 1.0],
                [0.983895, 0.080842, 0.159423, 0.0, -0.019057, 0.934239, -0.356137, 0.400001, -0.17773, 0.347363, 0.920733, 0.0, 0.0, 0.0, 0.0, 1.0],
                [0.934674, 0.167627, 0.313504, -0.0, -0.006998, 0.890361, -0.455202, 0.4, -0.355436, 0.423271, 0.83337, -0.0, 0.0, 0.0, 0.0, 1.0],
                [0.414616, 0.189695, 0.890005, -0.0, 0.040254, 0.973251, -0.22619, 0.4, -0.909106, 0.129608, 0.39589, -0.0, 0.0, 0.0, 0.0, 1.0],
                [0.469236, -0.180497, 0.864429, -0.0, 0.036647, 0.982025, 0.185158, 0.4, -0.882312, -0.055204, 0.467416, 0.0, 0.0, 0.0, 0.0, 1.0],
                [0.992773, 0.056595, 0.105826, -0.0, -0.08296, 0.960834, 0.264419, 0.4, -0.086717, -0.271287, 0.958583, 0.0, 0.0, 0.0, 0.0, 1.0],
                [0.757101, 0.166091, -0.631832, -0.0, 0.196718, 0.864296, 0.46292, 0.4, 0.622976, -0.47477, 0.621686, -0.0, 0.0, 0.0, 0.0, 1.0],
                [0.522604, 0.112395, -0.845134, 0.0, 0.185567, 0.952513, 0.241424, 0.400001, 0.832135, -0.282998, 0.476929, 0.0, 0.0, 0.0, 0.0, 1.0],
                [0.542299, 0.190333, -0.818343, 0.0, -0.009079, 0.975274, 0.220816, 0.4, 0.840136, -0.112319, 0.530617, -0.0, 0.0, 0.0, 0.0, 1.0],
                [0.737635, 0.085121, -0.669813, 0.0, -0.044861, 0.996008, 0.077172, 0.4, 0.673707, -0.026876, 0.738509, -0.0, 0.0, 0.0, 0.0, 1.0],
                [0.754621, 0.053873, -0.653946, 0.0, -0.061103, 0.998063, 0.011712, 0.400001, 0.653309, 0.03112, 0.756451, -0.0, 0.0, 0.0, 0.0, 1.0],
                [0.737665, 0.063801, -0.672145, 0.0, -0.085724, 0.996319, 0.000492, 0.4, 0.669702, 0.057256, 0.740419, 0.0, 0.0, 0.0, 0.0, 1.0],
                [0.755723, 0.034124, -0.654002, 0.0, -0.186849, 0.968367, -0.165385, 0.4, 0.62767, 0.247185, 0.738193, -0.0, 0.0, 0.0, 0.0, 1.0],
                [0.89827, 0.036549, 0.437921, -0.0, 0.044225, 0.983957, -0.172836, 0.4, -0.437212, 0.17462, 0.882243, -0.0, 0.0, 0.0, 0.0, 1.0],
                [0.66483, 0.04254, 0.745782, 0.0, 0.107436, 0.982552, -0.15182, 0.4, -0.739228, 0.181058, 0.64866, 0.0, 0.0, 0.0, 0.0, 1.0]
            ]
        },
        {
            "name": "Shoulder_R",
            "time": [0.0, 0.0333, 0.05, 0.0667, 0.1, 0.1333, 0.1667, 0.2333, 0.3, 0.35, 0.4, 0.5, 0.7, 0.8, 1.0, 1.2, 1.3167],
            "transform": [
                [-0.092337, 0.991851, 0.087774, 0.0, 0.024724, -0.08584, 0.996002, 0.4, 0.99542, 0.094138, -0.016596, -0.0, 0.0, 0.0, 0.0, 1.0],
                [-0.109547, 0.990071, 0.088088, -0.0, 0.029333, -0.085363, 0.995918, 0.4, 0.993548, 0.111684, -0.01969, 0.0, 0.0, 0.0, 0.0, 1.0],
                [0.160495, 0.982047, 0.099124, 0.0, -0.042981, -0.093377, 0.994703, 0.4, 0.9861, -0.163905, 0.027223, 0.0, 0.0, 0.0, 0.0, 1.0],
                [0.312756, 0.940145, 0.135313, 0.0, -0.083755, -0.114607, 0.989874, 0.4, 0.946133, -0.320922, 0.042898, 0.0, 0.0, 0.0, 0.0, 1.0],
                [-0.120921, 0.898888, 0.421163, -0.0, 0.032378, -0.420479, 0.906725, 0.4, 0.992134, 0.123279, 0.02174, -0.0, 0.0, 0.0, 0.0, 1.0],
                [-0.179254, 0.973522, 0.141856, -0.0, 0.047999, -0.135365, 0.989632, 0.4, 0.982631, 0.184205, -0.022464, -0.0, 0.0, 0.0, 0.0, 1.0],
                [0.030908, 0.995721, 0.087092, -0.0, -0.00828, -0.086876, 0.996185, 0.4, 0.999488, -0.031511, 0.005559, 0.0, 0.0, 0.0, 0.0, 1.0],
                [0.139164, 0.985598, 0.096086, -0.0, -0.037269, -0.091749, 0.995086, 0.4, 0.989569, -0.142061, 0.023964, 0.0, 0.0, 0.0, 0.0, 1.0],
                [0.139164, 0.985598, 0.096086, -0.0, -0.037269, -0.091749, 0.995086, 0.4, 0.989569, -0.142061, 0.023964, -0.0, 0.0, 0.0, 0.0, 1.0],
                [0.128132, 0.985332, 0.112719, 0.0, -0.034315, -0.109183, 0.993431, 0.400001, 0.991165, -0.131158, 0.019822, 0.0, 0.0, 0.0, 0.0, 1.0],
                [0.106779, 0.98367, 0.14489, 0.0, -0.028597, -0.142625, 0.989365, 0.4, 0.993873, -0.109786, 0.012901, -0.0, 0.0, 0.0, 0.0, 1.0],
                [0.085063, 0.980431, 0.177541, 0.0, -0.022782, -0.176226, 0.984087, 0.4, 0.996116, -0.087754, 0.007346, -0.0, 0.0, 0.0, 0.0, 1.0],
                [0.069845, 0.977231, 0.200355, 0.0, -0.018707, -0.199527, 0.979715, 0.400001, 0.997383, -0.072176, 0.004345, -0.0, 0.0, 0.0, 0.0, 1.0],
                [0.068914, 0.977011, 0.201749, 0.0, -0.018457, -0.200946, 0.979429, 0.4, 0.997453, -0.07122, 0.004185, 0.0, 0.0, 0.0, 0.0, 1.0],
                [0.068914, 0.97701, 0.201749, 0.0, -0.018457, -0.200946, 0.979429, 0.4, 0.997453, -0.07122, 0.004185, -0.0, 0.0, 0.0, 0.0, 1.0],
                [0.026684, 0.963986, 0.264611, -0.0, -0.007148, -0.264514, 0.964355, 0.4, 0.999619, -0.027624, -0.000167, -0.0, 0.0, 0.0, 0.0, 1.0],
                [0.009344, 0.956928, 0.290174, 0.0, -0.002505, -0.290163, 0.956974, 0.4, 0.999953, -0.009669, -0.000314, 0.0, 0.0, 0.0, 0.0, 1.0]
            ]
        },
        {
            "name": "Arm_R",
            "time": [0.0, 0.0333, 0.05, 0.0667, 0.1, 0.1333, 0.1667, 0.2333, 0.3, 0.35, 0.4, 0.5, 0.7, 0.8, 1.0, 1.2, 1.3167],
            "transform": [
                [0.458351, -0.873574, -0.421425, -0.0, -0.332151, 0.322629, -0.897862, 0.388213, 0.824373, 0.615698, -0.127449, 0.0, 0.0, 0.0, 0.0, 1.0],
                [0.78192, -0.641175, 0.200001, 0.0, -0.148186, -0.483259, -0.883194, 0.388213, 0.643, 0.668328, -0.446751, -0.0, 0.0, 0.0, 0.0, 1.0],
                [0.693537, -0.710304, -0.245806, 0.0, 0.164743, 0.468797, -0.900662, 0.388213, 0.731344, 0.567984, 0.435981, 0.0, 0.0, 0.0, 0.0, 1.0],
                [0.428185, -0.923442, -0.149151, -0.0, 0.454234, 0.351637, -0.842739, 0.388213, 0.814689, 0.289287, 0.548264, -0.0, 0.0, 0.0, 0.0, 1.0],
                [0.156273, -0.813527, -0.590571, 0.0, 0.376298, 0.595687, -0.738935, 0.388213, 0.944592, -0.102714, 0.392074, -0.0, 0.0, 0.0, 0.0, 1.0],
                [-0.335923, -0.530875, -0.809262, 0.0, 0.280961, 0.7588, -0.625821, 0.388213, 0.911426, -0.429576, -0.10535, -0.0, 0.0, 0.0, 0.0, 1.0],
                [-0.255162, -0.366901, -0.91452, 0.0, -0.0631, 0.942134, -0.365766, 0.388213, 0.983328, -0.03475, -0.260778, 0.0, 0.0, 0.0, 0.0, 1.0],
                [-0.201257, 0.028788, -0.99044, -0.0, -0.272349, 0.966916, 0.084377, 0.388213, 0.945665, 0.284596, -0.186485, 0.0, 0.0, 0.0, 0.0, 1.0],
                [-0.055647, -0.044074, -0.997476, -0.0, -0.454138, 0.89082, -0.014026, 0.388213, 0.88919, 0.452211, -0.069588, 0.0, 0.0, 0.0, 0.0, 1.0],
                [0.307914, -0.42287, -0.852272, -2e-06, 0.2964, 0.893851, -0.336415, 0.388236, 0.904065, -0.149026, 0.400569, -7.3e-05, 0.0, 0.0, 0.0, 1.0],
                [0.289907, -0.150215, -0.945192, -4e-06, 0.390346, 0.920285, -0.026531, 0.388281, 0.873832, -0.361261, 0.325433, -0.000214, 0.0, 0.0, 0.0, 1.0],
                [0.222466, -0.011084, -0.974877, -8e-06, 0.375685, 0.923688, 0.075229, 0.388326, 0.899649, -0.382982, 0.209654, -0.000356, 0.0, 0.0, 0.0, 1.0],
                [0.16909, 0.058741, -0.983848, -1e-05, 0.358163, 0.926316, 0.116862, 0.388358, 0.918219, -0.372138, 0.135592, -0.000455, 0.0, 0.0, 0.0, 1.0],
                [0.07272, 0.06822, -0.995016, -1e-05, 0.375511, 0.92237, 0.090683, 0.38836, 0.92396, -0.380234, 0.041458, -0.000461, 0.0, 0.0, 0.0, 1.0],
                [0.24383, 0.06341, -0.967742, -1e-05, 0.382112, 0.91086, 0.155959, 0.38836, 0.891367, -0.407813, 0.197865, -0.000461, 0.0, 0.0, 0.0, 1.0],
                [0.153286, 0.325133, -0.933162, -1.6e-05, 0.544595, 0.760179, 0.35432, 0.388447, 0.824572, -0.562508, -0.060541, -0.000737, 0.0, 0.0, 0.0, 1.0],
                [0.124785, 0.481247, -0.867658, -1.8e-05, 0.609071, 0.653177, 0.449881, 0.388483, 0.783238, -0.584603, -0.211606, -0.00085, 0.0, 0.0, 0.0, 1.0]
            ]
        },
        {
            "name": "Hand_R",
            "time": [0.0, 0.0333, 0.05, 0.0667, 0.1, 0.1333, 0.1667, 0.2333, 0.3, 0.35, 0.4, 0.5, 0.7, 0.8, 1.0, 1.2, 1.3167],
            "transform": [
                [0.995261, -0.06858, 0.068933, -0.0, 0.077507, 0.849235, -0.274163, 0.329779, -0.044363, 0.310584, 0.949511, 0.0, 0.0, 0.0, 0.0, 1.0],
                [0.976206, -0.033255, 0.034657, -0.0, 0.039394, 0.931853, -0.215473, 0.329779, -0.0266, 0.224095, 0.964278, 0.0, 0.0, 0.0, 0.0, 1.0],
                [0.978888, -0.016923, 0.016324, 0.0, 0.019143, 0.966132, -0.146343, 0.329779, -0.013483, 0.145595, 0.959433, -0.0, 0.0, 0.0, 0.0, 1.0],
                [0.974329, 0.0, 0.0, 0.0, -0.0, 0.96839, -0.074468, 0.329779, -0.0, 0.075436, 0.980977, 0.0, 0.0, 0.0, 0.0, 1.0],
                [0.972077, 0.0, 0.0, -0.0, -0.0, 0.985934, -0.037853, 0.329779, -0.0, 0.037466, 0.975868, -0.0, 0.0, 0.0, 0.0, 1.0],
                [0.988945, 0.0, 0.0, 0.0, -0.0, 0.979571, -0.0, 0.329779, -0.0, 0.0, 0.972362, 0.0, 0.0, 0.0, 0.0, 1.0],
                [0.982461, 0.0, 0.0, -0.0, -0.0, 0.945159, -0.289427, 0.329779, -0.0, 0.287371, 0.938446, 0.0, 0.0, 0.0, 0.0, 1.0],
                [0.995547, -0.0, 0.0, -0.0, 0.0, 0.918325, -0.374434, 0.329779, -0.0, 0.373311, 0.915576, 0.0, 0.0, 0.0, 0.0, 1.0],
                [0.999999, -0.0, 0.0, -0.0, 0.0, 0.925986, -0.377557, 0.329779, -0.0, 0.377556, 0.925987, 0.0, 0.0, 0.0, 0.0, 1.0],
                [0.999998, 0.001767, -0.000333, -0.0, -0.001767, 0.931995, -0.362466, 0.329779, -0.00033, 0.362465, 0.931998, 0.0, 0.0, 0.0, 0.0, 1.0],
                [0.999986, 0.005183, -0.000895, 0.0, -0.005185, 0.942864, -0.333137, 0.329779, -0.000883, 0.333136, 0.942878, 0.0, 0.0, 0.0, 0.0, 1.0],
                [0.999961, 0.008656, -0.001354, 0.0, -0.008659, 0.952909, -0.303132, 0.329779, -0.001334, 0.303131, 0.952948, 0.0, 0.0, 0.0, 0.0, 1.0],
                [0.999937, 0.011089, -0.001609, 0.0, -0.011093, 0.959355, -0.281984, 0.329779, -0.001583, 0.281983, 0.959418, 0.0, 0.0, 0.0, 0.0, 1.0],
                [0.999935, 0.011238, -0.001623, 0.0, -0.011242, 0.959733, -0.280686, 0.329779, -0.001597, 0.280686, 0.959798, -0.0, 0.0, 0.0, 0.0, 1.0],
                [0.999935, 0.011337, -0.000637, -0.0, -0.011242, 0.980545, -0.195972, 0.329779, -0.001597, 0.195966, 0.980609, -0.0, 0.0, 0.0, 0.0, 1.0],
                [0.999835, 0.018006, -0.002039, -0.0, -0.01801, 0.975022, -0.221375, 0.329779, -0.001998, 0.221375, 0.975187, 0.0, 0.0, 0.0, 0.0, 1.0],
                [0.999781, 0.020794, -0.00209, -0.0, -0.020799, 0.980238, -0.196728, 0.329779, -0.002042, 0.196729, 0.980456, -0.0, 0.0, 0.0, 0.0, 1.0]
            ]
        },
        {
            "name": "Tool_R",
            "time": [0.0, 0.0333, 0.05, 0.0667, 0.1, 0.1333, 0.1667, 0.2333, 0.3, 0.35, 0.4, 0.5, 0.7, 0.8, 1.0, 1.2, 1.3167],
            "transform": [
                [1.0, -0.0, -0.0, -0.02, -0.0, -0.999622, -0.027518, 0.291425, -0.0, 0.027518, -0.999637, 0.0, 0.0, 0.0, 0.0, 1.0],
                [1.0, 1e-06, 0.0, -0.02, 1e-06, -0.926742, -0.375706, 0.291425, -0.0, 0.375701, -0.926756, -0.0, 0.0, 0.0, 0.0, 1.0],
                [1.0, 0.0, -0.0, -0.02, 0.0, -0.936586, -0.350446, 0.291425, -0.0, 0.350441, -0.9366, -0.0, 0.0, 0.0, 0.0, 1.0],
                [1.0, 0.0, 0.0, -0.02, 0.0, -0.63089, -0.775885, 0.291425, -0.0, 0.775874, -0.630899, -0.0, 0.0, 0.0, 0.0, 1.0],
                [1.0, 0.0, 0.0, -0.02, 0.0, -0.884627, -0.466309, 0.291425, -0.0, 0.466302, -0.88464, -0.0, 0.0, 0.0, 0.0, 1.0],
                [1.0, 0.0, 0.0, -0.02, 0.0, -0.993351, -0.115146, 0.291425, 0.0, 0.115145, -0.993365, -0.0, 0.0, 0.0, 0.0, 1.0],
                [1.0, 0.0, 0.0, -0.02, 0.0, -0.999184, -0.040445, 0.291425, 0.0, 0.040444, -0.999199, 0.0, 0.0, 0.0, 0.0, 1.0],
                [1.000001, 0.0, -0.0, -0.02, 0.0, -0.995341, -0.096434, 0.291425, -0.0, 0.096434, -0.995338, 0.0, 0.0, 0.0, 0.0, 1.0],
                [1.000001, 0.0, -0.0, -0.02, 0.0, -0.995341, -0.096434, 0.291425, -0.0, 0.096434, -0.995338, -0.0, 0.0, 0.0, 0.0, 1.0],
                [1.000001, 0.0, -0.0, -0.02, 0.0, -0.992157, -0.125002, 0.291425, -0.0, 0.125002, -0.992156, -0.0, 0.0, 0.0, 0.0, 1.0],
                [1.000001, 0.0, -0.0, -0.02, 0.0, -0.983702, -0.17981, 0.291425, -0.0, 0.17981, -0.983701, -0.0, 0.0, 0.0, 0.0, 1.0],
                [1.000001, 0.0, -0.0, -0.02, -0.0, -0.972046, -0.234791, 0.291426, -0.0, 0.234791, -0.972045, -0.0, 0.0, 0.0, 0.0, 1.0],
                [1.000001, 0.0, -0.0, -0.02, 0.0, -0.962071, -0.272801, 0.291425, -0.0, 0.272801, -0.96207, 0.0, 0.0, 0.0, 0.0, 1.0],
                [1.000001, 0.0, -0.0, -0.02, 0.0, -0.961413, -0.275112, 0.291425, -0.0, 0.275111, -0.961412, 0.0, 0.0, 0.0, 0.0, 1.0],
                [1.0, 0.0, -0.0, -0.02, 0.0, -0.961413, -0.275112, 0.291425, -0.0, 0.275111, -0.961412, 0.0, 0.0, 0.0, 0.0, 1.0],
                [1.0, 0.0, -0.0, -0.02, -0.0, -0.98944, -0.144944, 0.291425, -0.0, 0.144944, -0.98944, -0.0, 0.0, 0.0, 0.0, 1.0],
                [1.0, 0.0, -0.0, -0.02, 0.0, -0.99588, -0.090679, 0.291425, -0.0, 0.090679, -0.99588, -0.0, 0.0, 0.0, 0.0, 1.0]
            ]
        },
        {
            "name": "Elbow_R",
            "time": [0.0, 0.0333, 0.05, 0.0667, 0.1, 0.1333, 0.1667, 0.2333, 0.3, 0.35, 0.4, 0.5, 0.7, 0.8, 1.0, 1.2, 1.3167],
            "transform": [
                [-0.999999, -0.0, -1e-06, -0.0, 0.0, 0.140998, -0.884585, 0.329779, 0.0, -0.987534, -0.157407, 0.0, 0.0, 0.0, 0.0, 1.0],
                [-0.977387, -0.0, -0.0, -0.0, 1e-06, 0.109054, -0.95102, 0.329779, 0.0, -0.983885, -0.112823, -0.0, 0.0, 0.0, 0.0, 1.0],
                [-0.979171, 0.0, -1e-06, 0.0, 1e-06, 0.073525, -0.974571, 0.329779, 0.0, -0.967762, -0.073012, -0.0, 0.0, 0.0, 0.0, 1.0],
                [-0.974329, -0.0, -0.0, 0.0, 0.0, 0.037261, -0.970534, 0.329779, 0.0, -0.98315, -0.037746, 0.0, 0.0, 0.0, 0.0, 1.0],
                [-0.972077, 0.0, -0.0, -0.0, 0.0, 0.018929, -0.98648, 0.329779, 0.0, -0.976408, -0.018736, -0.0, 0.0, 0.0, 0.0, 1.0],
                [-0.988945, -0.0, -1e-06, 0.0, 1e-06, 0.0, -0.979573, 0.329779, 0.0, -0.972362, -0.0, 0.0, 0.0, 0.0, 0.0, 1.0],
                [-0.98246, -0.0, -0.0, -0.0, 1e-06, 0.146326, -0.977591, 0.329779, 0.0, -0.970647, -0.145286, 0.0, 0.0, 0.0, 0.0, 1.0],
                [-0.995548, -0.0, -1e-06, -0.0, 1e-06, 0.19078, -0.973204, 0.329779, 0.0, -0.970289, -0.190209, 0.0, 0.0, 0.0, 0.0, 1.0],
                [-1.0, -0.0, -1e-06, -0.0, 1e-06, 0.192372, -0.981323, 0.329779, -0.0, -0.981321, -0.192371, 0.0, 0.0, 0.0, 0.0, 1.0],
                [-1.0, -0.0, -1e-06, -0.0, 1e-06, 0.184395, -0.982852, 0.329779, -0.0, -0.982852, -0.184395, 0.0, 0.0, 0.0, 0.0, 1.0],
                [-1.0, -0.0, -1e-06, 0.0, 0.0, 0.168999, -0.985616, 0.329779, 0.0, -0.985615, -0.168999, -0.0, 0.0, 0.0, 0.0, 1.0],
                [-1.0, -0.0, -1e-06, 0.0, 0.0, 0.153381, -0.988167, 0.329779, -0.0, -0.988166, -0.153381, 0.0, 0.0, 0.0, 0.0, 1.0],
                [-0.999999, -0.0, -0.0, 0.0, 1e-06, 0.142445, -0.989803, 0.329779, 0.0, -0.989802, -0.142445, 0.0, 0.0, 0.0, 0.0, 1.0],
                [-0.999999, 0.0, -1e-06, 0.0, 1e-06, 0.141775, -0.989899, 0.329779, 0.0, -0.989898, -0.141775, -0.0, 0.0, 0.0, 0.0, 1.0],
