{
    "animation": [
        {
            "name": "Root",
            "time": [0.0, 1.25],
            "transform": [
                [0.854689, 0.0, -0.51914, -5e-06, -0.51914, 0.0, -0.854689, 0.000946, 0.0, 1.0, 0.0, 0.755725, 0.0, 0.0, 0.0, 1.0],
                [0.854689, 0.0, -0.51914, -5e-06, -0.51914, 0.0, -0.854689, 0.000946, 0.0, 1.0, 0.0, 0.755725, 0.0, 0.0, 0.0, 1.0]
            ]
        },
        {
            "name": "Thigh_R",
            "time": [0.0, 1.25],
            "transform": [
                [0.968869, 0.211918, 0.127997, 0.124994, 0.142637, -0.900386, 0.411042, -0.002831, 0.202354, -0.379988, -0.902586, -1.2e-05, 0.0, 0.0, 0.0, 1.0],
                [0.968869, 0.211918, 0.127997, 0.124994, 0.142637, -0.900386, 0.411042, -0.002831, 0.202354, -0.379988, -0.902586, -1.2e-05, 0.0, 0.0, 0.0, 1.0]
            ]
        },
        {
            "name": "Leg_R",
            "time": [0.0, 1.25],
            "transform": [
                [1.0, -0.0, 2e-06, 0.0, -0.0, 0.966098, 0.258174, 0.37472, -2e-06, -0.258173, 0.966101, -0.0, 0.0, 0.0, 0.0, 1.0],
                [1.0, -0.0, 2e-06, 0.0, -0.0, 0.966098, 0.258174, 0.37472, -2e-06, -0.258173, 0.966101, -0.0, 0.0, 0.0, 0.0, 1.0]
            ]
        },
        {
            "name": "Knee_R",
            "time": [0.0, 1.25],
            "transform": [
                [1.0, 0.0, -0.0, 0.0, -0.0, 1e-06, -1.0, 0.37472, -0.0, 1.0, 1e-06, -0.0, 0.0, 0.0, 0.0, 1.0],
                [1.0, 0.0, -0.0, 0.0, -0.0, 1e-06, -1.0, 0.37472, -0.0, 1.0, 1e-06, -0.0, 0.0, 0.0, 0.0, 1.0]
            ]
        },
        {
            "name": "Thigh_L",
            "time": [0.0, 1.25],
            "transform": [
                [0.744074, -0.320815, -0.58603, -0.125006, -0.189827, -0.94253, 0.274955, -0.002831, -0.640561, -0.093342, -0.762213, -1.2e-05, 0.0, 0.0, 0.0, 1.0],
                [0.744074, -0.320815, -0.58603, -0.125006, -0.189827, -0.94253, 0.274955, -0.002831, -0.640561, -0.093342, -0.762213, -1.2e-05, 0.0, 0.0, 0.0, 1.0]
            ]
        },
        {
            "name": "Leg_L",
            "time": [0.0, 1.25],
            "transform": [
                [1.0, -0.0, 1e-06, 0.0, 0.0, 0.97094, 0.239328, 0.37472, -1e-06, -0.239328, 0.970938, 0.0, 0.0, 0.0, 0.0, 1.0],
                [1.0, -0.0, 1e-06, 0.0, 0.0, 0.97094, 0.239328, 0.37472, -1e-06, -0.239328, 0.970938, 0.0, 0.0, 0.0, 0.0, 1.0]
            ]
        },
        {
            "name": "Knee_L",
            "time": [0.0, 1.25],
            "transform": [
                [1.0, 0.0, -0.0, 0.0, -0.0, 1e-06, -1.0, 0.37472, -0.0, 1.0, 1e-06, 0.0, 0.0, 0.0, 0.0, 1.0],
                [1.0, 0.0, -0.0, 0.0, -0.0, 1e-06, -1.0, 0.37472, -0.0, 1.0, 1e-06, 0.0, 0.0, 0.0, 0.0, 1.0]
            ]
        },
        {
            "name": "Torso",
            "time": [0.0, 1.25],
            "transform": [
                [0.99978, -0.020971, -0.000197, -0.0, 0.020971, 0.999603, 0.018833, 0.05, -0.000198, -0.018833, 0.999823, 0.0, 0.0, 0.0, 0.0, 1.0],
                [0.99978, -0.020971, -0.000197, -0.0, 0.020971, 0.999603, 0.018833, 0.05, -0.000198, -0.018833, 0.999823, 0.0, 0.0, 0.0, 0.0, 1.0]
            ]
        },
        {
            "name": "Chest",
            "time": [0.0, 1.25],
            "transform": [
                [0.980663, -0.193945, -0.026164, 0.0, 0.192665, 0.933317, 0.302985, 0.3, -0.034343, -0.302167, 0.952636, 0.0, 0.0, 0.0, 0.0, 1.0],
                [0.980663, -0.193945, -0.026164, 0.0, 0.192665, 0.933317, 0.302985, 0.3, -0.034343, -0.302167, 0.952636, 0.0, 0.0, 0.0, 0.0, 1.0]
            ]
        },
        {
            "name": "Head",
            "time": [0.0, 1.25],
            "transform": [
                [0.854266, 0.14658, 0.498742, 0.0, -0.005987, 0.962133, -0.272516, 0.4, -0.519801, 0.229815, 0.822795, 0.0, 0.0, 0.0, 0.0, 1.0],
                [0.854266, 0.14658, 0.498742, 0.0, -0.005987, 0.962133, -0.272516, 0.4, -0.519801, 0.229815, 0.822795, 0.0, 0.0, 0.0, 0.0, 1.0]
            ]
        },
        {
            "name": "Shoulder_R",
            "time": [0.0, 1.25],
            "transform": [
                [0.413942, 0.863587, 0.287868, 0.0, -0.031196, -0.30259, 0.95261, 0.4, 0.909768, -0.403306, -0.098315, 0.0, 0.0, 0.0, 0.0, 1.0],
                [0.413942, 0.863587, 0.287868, 0.0, -0.031196, -0.30259, 0.95261, 0.4, 0.909768, -0.403306, -0.098315, 0.0, 0.0, 0.0, 0.0, 1.0]
            ]
        },
        {
            "name": "Arm_R",
            "time": [0.0, 1.25],
            "transform": [
                [-0.185429, -0.952752, -0.240583, 0.0, 0.841686, -0.027643, -0.539259, 0.39386, 0.50713, -0.302489, 0.807043, 0.0, 0.0, 0.0, 0.0, 1.0],
                [-0.185429, -0.952752, -0.240583, 0.0, 0.841686, -0.027643, -0.539259, 0.39386, 0.50713, -0.302489, 0.807043, 0.0, 0.0, 0.0, 0.0, 1.0]
            ]
        },
        {
            "name": "Hand_R",
            "time": [0.0, 1.25],
            "transform": [
                [1.0, 0.0, 0.0, -0.0, -0.0, 0.983774, -0.179412, 0.3, -0.0, 0.179412, 0.983774, 0.0, 0.0, 0.0, 0.0, 1.0],
                [1.0, 0.0, 0.0, -0.0, -0.0, 0.983774, -0.179412, 0.3, -0.0, 0.179412, 0.983774, 0.0, 0.0, 0.0, 0.0, 1.0]
            ]
        },
        {
            "name": "Tool_R",
            "time": [0.0, 1.25],
            "transform": [
                [1.0, 0.0, 0.0, 0.170084, -0.0, 0.220225, 0.975449, 0.272858, 0.0, -0.974869, 0.220105, -0.0, 0.0, 0.0, 0.0, 1.0],
                [1.0, 0.0, 0.0, 0.170084, -0.0, 0.220225, 0.975449, 0.272858, 0.0, -0.974869, 0.220105, -0.0, 0.0, 0.0, 0.0, 1.0]
            ]
        },
        {
            "name": "Elbow_R",
            "time": [0.0, 1.25],
            "transform": [
                [-1.0, 0.0, -0.0, -0.0, 0.0, -0.0, -1.0, 0.3, -0.0, -1.0, 0.0, 0.0, 0.0, 0.0, 0.0, 1.0],
                [-1.0, 0.0, -0.0, -0.0, 0.0, -0.0, -1.0, 0.3, -0.0, -1.0, 0.0, 0.0, 0.0, 0.0, 0.0, 1.0]
            ]
        },
        {
            "name": "Shoulder_L",
            "time": [0.0, 1.25],
            "transform": [
                [0.185155, -0.971131, -0.150404, 0.0, 0.056213, -0.142334, 0.988221, 0.4, -0.9811, -0.191429, 0.028236, 0.0, 0.0, 0.0, 0.0, 1.0],
                [0.185155, -0.971131, -0.150404, 0.0, 0.056213, -0.142334, 0.988221, 0.4, -0.9811, -0.191429, 0.028236, 0.0, 0.0, 0.0, 0.0, 1.0]
            ]
        },
        {
            "name": "Arm_L",
            "time": [0.0, 1.25],
            "transform": [
                [-0.406555, 0.913471, 0.016881, 0.0, -0.688444, -0.294152, -0.662963, 0.39386, -0.600631, -0.281152, 0.748462, 0.0, 0.0, 0.0, 0.0, 1.0],
                [-0.406555, 0.913471, 0.016881, 0.0, -0.688444, -0.294152, -0.662963, 0.39386, -0.600631, -0.281152, 0.748462, 0.0, 0.0, 0.0, 0.0, 1.0]
            ]
        },
        {
            "name": "Hand_L",
            "time": [0.0, 1.25],
            "transform": [
                [0.989023, 0.146985, -0.015123, 0.0, -0.146966, 0.967935, -0.203723, 0.3, -0.015306, 0.203709, 0.978912, -0.0, 0.0, 0.0, 0.0, 1.0],
                [0.989023, 0.146985, -0.015123, 0.0, -0.146966, 0.967935, -0.203723, 0.3, -0.015306, 0.203709, 0.978912, -0.0, 0.0, 0.0, 0.0, 1.0]
            ]
        },
        {
            "name": "Tool_L",
            "time": [0.0, 1.25],
            "transform": [
                [1.0, 0.0, 0.0, 0.0, 0.0, -0.999836, 0.018122, 0.272858, 0.0, -0.018122, -0.999247, -0.0, 0.0, 0.0, 0.0, 1.0],
                [1.0, 0.0, 0.0, 0.0, 0.0, -0.999836, 0.018122, 0.272858, 0.0, -0.018122, -0.999247, -0.0, 0.0, 0.0, 0.0, 1.0]
            ]
        },
        {
            "name": "Elbow_L",
            "time": [0.0, 1.25],
            "transform": [
                [-1.0, 0.0, -0.0, 0.0, 0.0, -0.0, -1.0, 0.3, -0.0, -1.0, -0.0, -0.0, 0.0, 0.0, 0.0, 1.0],
                [-1.0, 0.0, -0.0, 0.0, 0.0, -0.0, -1.0, 0.3, -0.0, -1.0, -0.0, -0.0, 0.0, 0.0, 0.0, 1.0]
            ]
        }
    ]
}