{
    "animation": [
        {
            "name": "Root",
            "time": [0.0, 0.1167, 0.2833, 0.5833, 0.6, 0.6167, 0.65, 0.6833, 0.8167, 2.1667, 2.1833, 4.0, 4.3833, 4.8667],
            "transform": [
                [1.0, 0.0, 0.0, -5e-06, 0.0, 0.0, -1.0, 0.036582, 0.0, 1.0, 0.0, 0.48358, 0.0, 0.0, 0.0, 1.0],
                [1.0, 0.0, 0.0, -5e-06, 0.0, 0.0, -1.0, 0.036582, 0.0, 1.0, 0.0, 0.456448, 0.0, 0.0, 0.0, 1.0],
                [1.0, 0.0, 0.0, -5e-06, 0.0, 0.0, -1.0, 0.036582, 0.0, 1.0, 0.0, 0.432052, 0.0, 0.0, 0.0, 1.0],
                [1.0, 0.0, 0.0, -5e-06, 0.0, 0.0, -1.0, 0.036582, 0.0, 1.0, 0.0, 0.425532, 0.0, 0.0, 0.0, 1.0],
                [0.999514, 0.031127, 0.001587, -5e-06, -0.004189, 0.184627, -0.9828, 0.198782, -0.030884, 0.982316, 0.184668, 0.459548, 0.0, 0.0, 0.0, 1.0],
                [0.99798, 0.062836, 0.009396, -5e-06, -0.014626, 0.371124, -0.928468, 0.472098, -0.061829, 0.926455, 0.371293, 0.495185, 0.0, 0.0, 0.0, 1.0],
                [0.997855, 0.064691, 0.010063, -5e-06, -0.015445, 0.381979, -0.924042, 0.722804, -0.063621, 0.921904, 0.382158, 0.497348, 0.0, 0.0, 0.0, 1.0],
                [0.997741, 0.066331, 0.010673, -5e-06, -0.016191, 0.391568, -0.920007, 1.258525, -0.065204, 0.917755, 0.391757, 0.49927, 0.0, 0.0, 0.0, 1.0],
                [0.997741, 0.066331, 0.010673, -5e-06, -0.016191, 0.391568, -0.920007, 10.029771, -0.065204, 0.917755, 0.391757, 0.49927, 0.0, 0.0, 0.0, 1.0],
                [0.997741, 0.066331, 0.010673, -5e-06, -0.016191, 0.391568, -0.920007, 10.029771, -0.065204, 0.917755, 0.391757, 0.49927, 0.0, 0.0, 0.0, 1.0],
                [0.295829, 0.0, -0.955241, -0.061613, -0.955241, 0.0, -0.295829, 0.063112, 0.0, 1.0, 0.0, 0.363706, 0.0, 0.0, 0.0, 1.0],
                [0.295829, 0.0, -0.955241, -0.061613, -0.955241, 0.0, -0.295829, 0.063112, 0.0, 1.0, 0.0, 0.363706, 0.0, 0.0, 0.0, 1.0],
                [0.295829, 0.0, -0.955241, -0.061613, -0.955241, 0.0, -0.295829, 0.063112, 0.0, 1.0, 0.0, 0.548371, 0.0, 0.0, 0.0, 1.0],
                [0.424127, 0.0, -0.905603, 0.331397, -0.905603, 0.0, -0.424127, 0.017337, 0.0, 1.0, 0.0, 0.705497, 0.0, 0.0, 0.0, 1.0]
            ]
        },
        {
            "name": "Thigh_R",
            "time": [0.0, 0.0333, 0.0833, 0.1167, 0.1667, 0.2167, 0.2833, 0.5833, 0.6, 0.6167, 0.6333, 0.65, 0.6667, 0.6833, 0.8167, 2.1667, 2.1833, 2.7, 3.2167, 3.5833, 3.7167, 4.0, 4.0167, 4.1167, 4.2333, 4.3833, 4.4833, 4.5833, 4.7, 4.8667],
            "transform": [
                [0.375915, 0.04472, -0.925574, 0.043961, -0.348693, -0.918594, -0.186004, -0.03109, -0.858545, 0.392665, -0.329719, -0.10507, 0.0, 0.0, 0.0, 1.0],
                [0.204907, -0.517623, -0.83071, 0.043234, 0.344412, -0.756309, 0.556215, -0.032458, -0.916185, -0.400077, 0.023302, -0.105872, 0.0, 0.0, 0.0, 1.0],
                [0.217256, -0.525016, -0.822896, 0.040396, 0.356242, -0.742237, 0.567605, -0.037799, -0.908786, -0.416464, 0.025776, -0.109002, 0.0, 0.0, 0.0, 1.0],
                [0.226157, -0.529187, -0.81781, 0.038251, 0.365802, -0.731976, 0.574803, -0.041835, -0.902797, -0.429151, 0.028035, -0.111367, 0.0, 0.0, 0.0, 1.0],
                [0.235824, -0.532432, -0.81296, 0.035821, 0.377359, -0.720737, 0.581495, -0.046408, -0.895538, -0.443907, 0.030949, -0.114048, 0.0, 0.0, 0.0, 1.0],
                [0.248144, -0.551913, -0.796126, 0.034284, 0.376379, -0.702335, 0.604204, -0.049299, -0.892617, -0.449574, 0.033447, -0.115742, 0.0, 0.0, 0.0, 1.0],
                [0.265294, -0.588189, -0.763972, 0.033117, 0.36349, -0.672884, 0.644283, -0.051495, -0.893026, -0.44862, 0.035287, -0.11703, 0.0, 0.0, 0.0, 1.0],
                [0.28138, -0.617016, -0.734927, 0.031745, 0.353644, -0.645287, 0.677155, -0.054077, -0.892055, -0.450439, 0.036632, -0.118543, 0.0, 0.0, 0.0, 1.0],
                [0.787473, -0.455644, -0.415059, 0.121603, 0.164932, -0.493079, 0.854207, -0.028337, -0.593872, -0.741121, -0.313138, -0.090336, 0.0, 0.0, 0.0, 1.0],
                [0.994383, 0.050526, -0.092995, 0.119829, 0.102938, -0.665949, 0.73886, -0.00567, -0.024598, -0.744282, -0.667412, -0.006578, 0.0, 0.0, 0.0, 1.0],
                [0.994763, 0.102152, -0.003384, 0.120436, 0.097622, -0.939783, 0.327533, -0.004627, 0.030278, -0.326146, -0.944834, -0.003536, 0.0, 0.0, 0.0, 1.0],
                [0.994426, 0.103966, 0.017504, 0.122564, 0.09793, -0.972359, 0.211961, -0.004166, 0.039057, -0.209064, -0.977121, -0.003101, 0.0, 0.0, 0.0, 1.0],
                [0.995755, 0.083708, 0.038267, 0.126009, 0.086539, -0.993071, -0.079494, -0.002419, 0.031348, 0.08247, -0.996101, -0.025479, 0.0, 0.0, 0.0, 1.0],
                [0.992408, 0.05614, 0.109423, 0.127934, 0.121942, -0.564829, -0.816148, -0.001256, 0.015987, 0.823297, -0.567386, -0.047857, 0.0, 0.0, 0.0, 1.0],
                [0.990013, 0.023578, 0.13899, 0.127934, 0.136339, -0.410921, -0.901418, -0.001256, 0.03586, 0.911367, -0.41003, -0.047858, 0.0, 0.0, 0.0, 1.0],
                [0.988718, 0.135351, 0.064151, 0.127934, 0.148346, -0.825629, -0.544362, -0.001256, -0.020715, 0.54774, -0.836393, -0.047858, 0.0, 0.0, 0.0, 1.0],
                [-0.093113, -0.94901, 0.301177, 0.127934, -0.947346, -0.008636, -0.320093, -0.001256, 0.306375, -0.315124, -0.898237, -0.047857, 0.0, 0.0, 0.0, 1.0],
                [0.84538, 0.507919, -0.16538, 0.127934, 0.162577, 0.050263, 0.985414, -0.001256, 0.508823, -0.859937, -0.040087, -0.047857, 0.0, 0.0, 0.0, 1.0],
                [0.84538, 0.507919, -0.16538, 0.127934, 0.162577, 0.050263, 0.985414, -0.001256, 0.508823, -0.859937, -0.040087, -0.047857, 0.0, 0.0, 0.0, 1.0],
                [0.84538, 0.507919, -0.16538, 0.127934, 0.162577, 0.050263, 0.985414, -0.001256, 0.508823, -0.859937, -0.040087, -0.047857, 0.0, 0.0, 0.0, 1.0],
                [0.84538, 0.507919, -0.16538, 0.127934, 0.162577, 0.050263, 0.985414, -0.001256, 0.508823, -0.859937, -0.040087, -0.047857, 0.0, 0.0, 0.0, 1.0],
                [0.84538, 0.507919, -0.16538, 0.127934, 0.162577, 0.050263, 0.985414, -0.001256, 0.508823, -0.859937, -0.040087, -0.047857, 0.0, 0.0, 0.0, 1.0],
                [0.845447, 0.508115, -0.164431, 0.127934, 0.162393, 0.048723, 0.985522, -0.001256, 0.50877, -0.859909, -0.041324, -0.047857, 0.0, 0.0, 0.0, 1.0],
                [0.848099, 0.515086, -0.124148, 0.127934, 0.15483, -0.016845, 0.987797, -0.001256, 0.50671, -0.856972, -0.094039, -0.047857, 0.0, 0.0, 0.0, 1.0],
                [0.853209, 0.520966, -0.025054, 0.127934, 0.13818, -0.179458, 0.974013, -0.001256, 0.502931, -0.834498, -0.225104, -0.047857, 0.0, 0.0, 0.0, 1.0],
                [0.858281, 0.496064, 0.131427, 0.127934, 0.117148, -0.438731, 0.890949, -0.001256, 0.499629, -0.749287, -0.434669, -0.047857, 0.0, 0.0, 0.0, 1.0],
                [0.873188, 0.453542, 0.178443, 0.127934, 0.144425, -0.590462, 0.794037, -0.001256, 0.465493, -0.667571, -0.581089, -0.047857, 0.0, 0.0, 0.0, 1.0],
                [0.906641, 0.38092, 0.181384, 0.127934, 0.186593, -0.747616, 0.637379, -0.001256, 0.378396, -0.544028, -0.748899, -0.047857, 0.0, 0.0, 0.0, 1.0],
                [0.948434, 0.267306, 0.170352, 0.127934, 0.179059, -0.895283, 0.407928, -0.001256, 0.261555, -0.356388, -0.896981, -0.047857, 0.0, 0.0, 0.0, 1.0],
                [0.975033, 0.147523, 0.165972, 0.127934, 0.125973, -0.982986, 0.133675, -0.001256, 0.182868, -0.109427, -0.977028, -0.047857, 0.0, 0.0, 0.0, 1.0]
            ]
        },
        {
            "name": "Leg_R",
            "time": [0.0, 0.0333, 0.0833, 0.1167, 0.1667, 0.2167, 0.2833, 0.5833, 0.6, 0.6167, 0.6333, 0.65, 0.6667, 0.6833, 0.8167, 2.1667, 2.1833, 2.7, 3.2167, 3.5833, 3.7167, 4.0, 4.0167, 4.1167, 4.2333, 4.3833, 4.4833, 4.5833, 4.7, 4.8667],
            "transform": [
                [1.0, -0.000112, -6.2e-05, 0.0, 0.000112, 0.532633, 0.846346, 0.37472, -6.2e-05, -0.846346, 0.532633, -0.0, 0.0, 0.0, 0.0, 1.0],
                [1.0, 7.8e-05, 0.00024, 0.0, -0.000224, -0.157142, 0.987576, 0.37472, 0.000115, -0.987576, -0.157142, 0.0, 0.0, 0.0, 0.0, 1.0],
                [1.0, 7.5e-05, 0.00025, 0.0, -0.000228, -0.215499, 0.976504, 0.37472, 0.000127, -0.976504, -0.215499, -0.0, 0.0, 0.0, 0.0, 1.0],
                [1.0, 7.3e-05, 0.000258, 0.0, -0.000231, -0.25783, 0.966191, 0.37472, 0.000137, -0.96619, -0.25783, 0.0, 0.0, 0.0, 0.0, 1.0],
                [1.0, 7.1e-05, 0.000267, -0.0, -0.000233, -0.303985, 0.952677, 0.37472, 0.000149, -0.952676, -0.303985, -0.0, 0.0, 0.0, 0.0, 1.0],
                [1.0, 6.6e-05, 0.000269, 0.0, -0.00023, -0.343732, 0.939069, 0.37472, 0.000155, -0.939068, -0.343732, -0.0, 0.0, 0.0, 0.0, 1.0],
                [1.0, 5.7e-05, 0.000263, -0.0, -0.000221, -0.385847, 0.922563, 0.37472, 0.000155, -0.922562, -0.385847, -0.0, 0.0, 0.0, 0.0, 1.0],
                [1.0, 5.1e-05, 0.000259, -0.0, -0.000213, -0.425623, 0.904901, 0.37472, 0.000157, -0.904901, -0.425623, 0.0, 0.0, 0.0, 0.0, 1.0],
                [1.0, 6e-06, 0.000106, 0.0, -9.4e-05, -0.402727, 0.915321, 0.37472, 4.8e-05, -0.915319, -0.402727, -0.0, 0.0, 0.0, 0.0, 1.0],
                [1.0, -3e-06, -3.7e-05, 0.0, 3.2e-05, -0.427432, 0.904048, 0.37472, -1.9e-05, -0.904046, -0.427433, -0.0, 0.0, 0.0, 0.0, 1.0],
                [1.0, -1.1e-05, -4.6e-05, -0.0, 3.8e-05, -0.383398, 0.923583, 0.37472, -2.8e-05, -0.923583, -0.383398, 0.0, 0.0, 0.0, 0.0, 1.0],
                [1.0, -1.7e-05, -4.9e-05, 0.0, 4.3e-05, -0.245003, 0.969522, 0.37472, -2.8e-05, -0.969523, -0.245002, -0.0, 0.0, 0.0, 0.0, 1.0],
                [1.0, -6.5e-05, -8.9e-05, -0.0, 9.7e-05, 0.141624, 0.989921, 0.37472, -5.2e-05, -0.989922, 0.141624, -0.0, 0.0, 0.0, 0.0, 1.0],
                [1.0, -8.4e-05, 4e-05, -0.0, 8.3e-05, 0.999988, 0.004986, 0.37472, -4e-05, -0.004985, 0.999988, -0.0, 0.0, 0.0, 0.0, 1.0],
                [1.0, -8.1e-05, 3.1e-05, -0.0, 8.1e-05, 0.999986, 0.005328, 0.374722, -3.1e-05, -0.005327, 0.999987, -1e-06, 0.0, 0.0, 0.0, 1.0],
                [1.0, -0.000116, -2.7e-05, -0.0, 0.000106, 0.766832, 0.641847, 0.374721, -5.4e-05, -0.641849, 0.766833, -0.0, 0.0, 0.0, 0.0, 1.0],
                [1.0, -0.000492, 0.000177, -0.0, 0.000491, 0.999985, 0.005432, 0.37472, -0.00018, -0.005431, 0.999986, -0.0, 0.0, 0.0, 0.0, 1.0],
                [1.0, 2e-06, 1.4e-05, 0.0, -1.4e-05, -0.073065, 0.997328, 0.37472, 3e-06, -0.997326, -0.073065, -0.0, 0.0, 0.0, 0.0, 1.0],
                [1.0, 2e-06, 1.4e-05, 0.0, -1.4e-05, -0.073065, 0.997328, 0.37472, 3e-06, -0.997326, -0.073065, -0.0, 0.0, 0.0, 0.0, 1.0],
                [1.0, 2e-06, 1.4e-05, 0.0, -1.4e-05, -0.073065, 0.997328, 0.37472, 3e-06, -0.997326, -0.073065, -0.0, 0.0, 0.0, 0.0, 1.0],
                [1.0, 2e-06, 1.4e-05, 0.0, -1.4e-05, -0.073065, 0.997328, 0.37472, 3e-06, -0.997326, -0.073065, -0.0, 0.0, 0.0, 0.0, 1.0],
                [1.0, 2e-06, 1.4e-05, 0.0, -1.4e-05, -0.073065, 0.997328, 0.37472, 3e-06, -0.997326, -0.073065, -0.0, 0.0, 0.0, 0.0, 1.0],
                [1.0, 2e-06, 1.4e-05, 0.0, -1.4e-05, -0.071596, 0.997434, 0.37472, 3e-06, -0.997433, -0.071597, 0.0, 0.0, 0.0, 0.0, 1.0],
                [1.0, 2e-06, 9e-06, 0.0, -9e-06, -0.006807, 0.999978, 0.37472, 2e-06, -0.999976, -0.006808, 0.0, 0.0, 0.0, 0.0, 1.0],
                [1.0, -1e-06, -0.0, -0.0, 0.0, 0.172904, 0.98494, 0.37472, -1e-06, -0.984937, 0.172903, -0.0, 0.0, 0.0, 0.0, 1.0],
                [1.0, -9e-06, -9e-06, 0.0, 1.2e-05, 0.509473, 0.860489, 0.37472, -4e-06, -0.860486, 0.509472, 0.0, 0.0, 0.0, 0.0, 1.0],
                [1.0, -8e-06, -5e-06, 0.0, 9e-06, 0.629105, 0.777321, 0.37472, -3e-06, -0.777319, 0.629105, -0.0, 0.0, 0.0, 0.0, 1.0],
                [1.0, -1.2e-05, -7e-06, 0.0, 1.3e-05, 0.672258, 0.740318, 0.37472, -4e-06, -0.740316, 0.672258, 0.0, 0.0, 0.0, 0.0, 1.0],
                [1.0, -4.8e-05, -2.3e-05, -0.0, 5e-05, 0.719104, 0.694904, 0.37472, -1.6e-05, -0.694903, 0.719104, -0.0, 0.0, 0.0, 0.0, 1.0],
                [1.0, -0.000105, -2e-05, -0.0, 0.000101, 0.866639, 0.498936, 0.37472, -3.5e-05, -0.498936, 0.86664, -0.0, 0.0, 0.0, 0.0, 1.0]
            ]
        },
        {
            "name": "Knee_R",
            "time": [0.0, 0.6833, 0.8167, 2.1667, 2.1833, 4.3167, 4.5667, 4.8667],
            "transform": [
                [1.0, -0.0, 0.0, 0.0, 0.0, 0.594526, -0.804076, 0.37472, 0.0, 0.804076, 0.594526, 0.0, 0.0, 0.0, 0.0, 1.0],
                [1.0, -0.0, 0.0, 0.0, 0.0, 0.594526, -0.804076, 0.37472, 0.0, 0.804076, 0.594526, 0.0, 0.0, 0.0, 0.0, 1.0],
                [1.0, 0.0, -0.0, 0.0, -0.0, 1e-06, -1.0, 0.374721, -0.0, 1.0, 1e-06, -0.0, 0.0, 0.0, 0.0, 1.0],
                [1.0, 0.0, -0.0, -0.0, -0.0, 1e-06, -1.0, 0.374721, -0.0, 1.0, 1e-06, 0.0, 0.0, 0.0, 0.0, 1.0],
                [1.0, -0.0, 0.0, -0.0, 0.0, 0.594526, -0.804076, 0.37472, 0.0, 0.804076, 0.594526, -0.0, 0.0, 0.0, 0.0, 1.0],
                [1.0, -0.0, 0.0, -0.0, 0.0, 0.594526, -0.804076, 0.37472, 0.0, 0.804076, 0.594526, -0.0, 0.0, 0.0, 0.0, 1.0],
                [1.0, -0.0, 0.0, 0.0, 0.0, 0.455215, -0.890382, 0.37472, 0.0, 0.890382, 0.455215, 0.0, 0.0, 0.0, 0.0, 1.0],
                [1.0, 0.0, -0.0, -0.0, -0.0, 1e-06, -1.0, 0.37472, -0.0, 1.0, 1e-06, 0.0, 0.0, 0.0, 0.0, 1.0]
            ]
        },
        {
            "name": "Thigh_L",
            "time": [0.0, 0.0333, 0.0833, 0.1167, 0.1667, 0.2167, 0.2833, 0.5833, 0.6, 0.6167, 0.6333, 0.65, 0.6667, 0.6833, 0.8167, 2.1667, 2.1833, 2.7, 3.2167, 3.5833, 3.7167, 4.0, 4.0167, 4.1167, 4.2333, 4.3833, 4.4833, 4.5833, 4.7, 4.8667],
            "transform": [
                [0.051915, -0.377272, -0.924646, -0.025405, 0.614816, -0.717551, 0.327291, -0.034141, -0.786961, -0.585477, 0.194701, 0.152957, 0.0, 0.0, 0.0, 1.0],
                [0.260792, -0.94487, -0.198011, -0.025281, -0.443654, -0.299469, 0.844683, -0.032443, -0.857413, -0.132438, -0.497296, 0.152046, 0.0, 0.0, 0.0, 1.0],
                [0.292406, -0.940304, -0.174143, -0.024797, -0.475198, -0.300902, 0.826827, -0.025793, -0.829869, -0.159016, -0.534819, 0.148478, 0.0, 0.0, 0.0, 1.0],
                [0.315394, -0.936081, -0.155817, -0.024431, -0.498272, -0.3031, 0.812314, -0.020737, -0.80762, -0.178559, -0.56202, 0.145766, 0.0, 0.0, 0.0, 1.0],
                [0.340678, -0.930443, -0.134957, -0.024017, -0.523664, -0.307005, 0.794684, -0.014935, -0.780841, -0.200059, -0.591832, 0.142654, 0.0, 0.0, 0.0, 1.0],
                [0.356064, -0.926514, -0.121612, -0.023755, -0.539171, -0.309992, 0.78307, -0.011257, -0.763224, -0.213252, -0.609929, 0.14068, 0.0, 0.0, 0.0, 1.0],
                [0.366231, -0.92385, -0.111247, -0.023556, -0.550063, -0.311368, 0.774906, -0.008685, -0.750535, -0.222601, -0.62221, 0.139301, 0.0, 0.0, 0.0, 1.0],
                [0.378864, -0.92012, -0.099203, -0.023322, -0.563078, -0.314257, 0.76432, -0.005464, -0.734441, -0.233714, -0.637161, 0.137573, 0.0, 0.0, 0.0, 1.0],
                [0.679098, -0.64611, -0.348379, -0.096793, -0.55074, -0.762243, 0.340103, 0.006135, -0.485293, -0.039095, -0.873477, 0.092148, 0.0, 0.0, 0.0, 1.0],
                [0.920586, -0.224207, -0.319769, -0.119373, -0.293617, -0.937219, -0.18817, -0.002935, -0.257504, 0.267119, -0.928622, 0.007539, 0.0, 0.0, 0.0, 1.0],
                [0.933725, -0.03919, -0.35584, -0.120465, -0.124953, -0.967152, -0.221366, -0.002917, -0.335476, 0.25116, -0.90795, 0.004374, 0.0, 0.0, 0.0, 1.0],
                [0.93094, -0.033291, -0.363651, -0.122356, -0.100744, -0.980601, -0.168138, -0.00288, -0.350999, 0.193164, -0.916235, 0.003541, 0.0, 0.0, 0.0, 1.0],
                [0.937019, 0.020695, -0.348665, -0.124183, -0.10838, -0.931739, -0.346575, -0.002846, -0.332037, 0.362538, -0.870814, 0.001352, 0.0, 0.0, 0.0, 1.0],
                [0.950274, 0.143656, -0.2763, -0.125006, -0.150152, -0.56593, -0.810664, -0.002831, -0.272823, 0.811842, -0.516218, -1.2e-05, 0.0, 0.0, 0.0, 1.0],
                [0.959023, 0.028226, -0.281918, -0.125006, -0.245846, -0.41168, -0.877541, -0.002831, -0.140829, 0.910892, -0.38787, -1.1e-05, 0.0, 0.0, 0.0, 1.0],
                [0.930578, -0.020053, -0.365543, -0.125006, -0.0625, -0.992541, -0.104665, -0.002831, -0.360718, 0.120247, -0.924891, -1.1e-05, 0.0, 0.0, 0.0, 1.0],
                [-0.139365, -0.952683, 0.270132, -0.125006, -0.878833, -0.006715, -0.477081, -0.002831, 0.456323, -0.30389, -0.836314, -1.2e-05, 0.0, 0.0, 0.0, 1.0],
                [0.887199, -0.290132, 0.358747, -0.125006, -0.325921, -0.944454, 0.042206, -0.002831, 0.326576, -0.154367, -0.93248, -1.2e-05, 0.0, 0.0, 0.0, 1.0],
                [0.887199, -0.290132, 0.358747, -0.125006, -0.325921, -0.944454, 0.042206, -0.002831, 0.326576, -0.154367, -0.93248, -1.2e-05, 0.0, 0.0, 0.0, 1.0],
                [0.887199, -0.290132, 0.358747, -0.125006, -0.325921, -0.944454, 0.042206, -0.002831, 0.326576, -0.154367, -0.93248, -1.2e-05, 0.0, 0.0, 0.0, 1.0],
                [0.887199, -0.290132, 0.358747, -0.125006, -0.325921, -0.944454, 0.042206, -0.002831, 0.326576, -0.154367, -0.93248, -1.2e-05, 0.0, 0.0, 0.0, 1.0],
                [0.887199, -0.290132, 0.358747, -0.125006, -0.325921, -0.944454, 0.042206, -0.002831, 0.326576, -0.154367, -0.93248, -1.2e-05, 0.0, 0.0, 0.0, 1.0],
                [0.887368, -0.289851, 0.358557, -0.125006, -0.32562, -0.944554, 0.042295, -0.002831, 0.326419, -0.154283, -0.932549, -1.2e-05, 0.0, 0.0, 0.0, 1.0],
                [0.894136, -0.278899, 0.350336, -0.125006, -0.313086, -0.948713, 0.043807, -0.002831, 0.320152, -0.148854, -0.935599, -1.2e-05, 0.0, 0.0, 0.0, 1.0],
                [0.907937, -0.259976, 0.328727, -0.125006, -0.284635, -0.958216, 0.028346, -0.002831, 0.307623, -0.119302, -0.943999, -1.2e-05, 0.0, 0.0, 0.0, 1.0],
                [0.923258, -0.25292, 0.28918, -0.125006, -0.247168, -0.967301, -0.056881, -0.002831, 0.294111, -0.018959, -0.955583, -1.2e-05, 0.0, 0.0, 0.0, 1.0],
                [0.927239, -0.318138, 0.197524, -0.125006, -0.254901, -0.922635, -0.289429, -0.002831, 0.274322, 0.218023, -0.936597, -1.2e-05, 0.0, 0.0, 0.0, 1.0],
                [0.942482, -0.277096, 0.186934, -0.125006, -0.251907, -0.956421, -0.147652, -0.002831, 0.219702, 0.092072, -0.971212, -1.2e-05, 0.0, 0.0, 0.0, 1.0],
                [0.931303, -0.363453, 0.023989, -0.125006, -0.317897, -0.843191, -0.433554, -0.002831, 0.177805, 0.396146, -0.900807, -1.2e-05, 0.0, 0.0, 0.0, 1.0],
                [0.948001, -0.318195, -0.006736, -0.125006, -0.30539, -0.90349, -0.300733, -0.002831, 0.089607, 0.287154, -0.953684, -1.2e-05, 0.0, 0.0, 0.0, 1.0]
            ]
        },
        {
            "name": "Leg_L",
            "time": [0.0, 0.0333, 0.0833, 0.1167, 0.1667, 0.2167, 0.2833, 0.5833, 0.6, 0.6167, 0.6333, 0.65, 0.6667, 0.6833, 0.8167, 2.1667, 2.1833, 2.7, 3.2167, 3.5833, 3.7167, 4.0, 4.0167, 4.1167, 4.2333, 4.3833, 4.4833, 4.5833, 4.7, 4.8667],
            "transform": [
                [1.0, 0.000298, 0.000298, 0.0, -0.000372, 0.2957, 0.955281, 0.37472, 0.000197, -0.95528, 0.295699, -0.0, 0.0, 0.0, 0.0, 1.0],
                [1.0, -9.9e-05, -0.000157, 0.0, 0.000173, 0.195817, 0.98064, 0.37472, -6.6e-05, -0.980641, 0.195817, 0.0, 0.0, 0.0, 0.0, 1.0],
                [1.0, -0.000106, -0.000172, -0.0, 0.000189, 0.178688, 0.983905, 0.37472, -7.4e-05, -0.983907, 0.178688, -0.0, 0.0, 0.0, 0.0, 1.0],
                [1.0, -0.000111, -0.000184, 0.0, 0.0002, 0.166128, 0.986104, 0.37472, -7.9e-05, -0.986105, 0.166129, -0.0, 0.0, 0.0, 0.0, 1.0],
                [1.0, -0.000117, -0.000196, -0.0, 0.000212, 0.152624, 0.988284, 0.37472, -8.5e-05, -0.988285, 0.152624, -0.0, 0.0, 0.0, 0.0, 1.0],
                [1.0, -0.00012, -0.000204, 0.0, 0.000219, 0.144187, 0.98955, 0.37472, -8.9e-05, -0.989551, 0.144187, -0.0, 0.0, 0.0, 0.0, 1.0],
                [1.0, -0.000122, -0.000209, -0.0, 0.000224, 0.137073, 0.990561, 0.37472, -9.2e-05, -0.990561, 0.137073, -0.0, 0.0, 0.0, 0.0, 1.0],
                [1.0, -0.000124, -0.000215, -0.0, 0.00023, 0.129492, 0.99158, 0.37472, -9.5e-05, -0.99158, 0.129492, 0.0, 0.0, 0.0, 0.0, 1.0],
                [1.0, -0.000214, -0.00015, 0.0, 0.000241, 0.539847, 0.841762, 0.37472, -9.9e-05, -0.841763, 0.539848, -0.0, 0.0, 0.0, 0.0, 1.0],
                [1.0, -0.000155, -5.8e-05, -0.0, 0.000151, 0.711017, 0.703174, 0.37472, -6.8e-05, -0.703175, 0.711018, 0.0, 0.0, 0.0, 0.0, 1.0],
                [1.0, -5.3e-05, -4.8e-05, 0.0, 6.2e-05, 0.321279, 0.946983, 0.37472, -3.5e-05, -0.946985, 0.321281, -0.0, 0.0, 0.0, 0.0, 1.0],
                [1.0, -3.8e-05, -4.1e-05, -0.0, 4.9e-05, 0.235912, 0.971774, 0.37472, -2.7e-05, -0.971775, 0.235912, -0.0, 0.0, 0.0, 0.0, 1.0],
                [1.0, -5.5e-05, -3.1e-05, -0.0, 5.5e-05, 0.529399, 0.848373, 0.37472, -3e-05, -0.848374, 0.5294, -0.0, 0.0, 0.0, 0.0, 1.0],
                [1.0, -5.7e-05, 3.2e-05, 0.0, 5.7e-05, 0.999988, 0.004889, 0.37472, -3.3e-05, -0.004888, 0.999988, -0.0, 0.0, 0.0, 0.0, 1.0],
                [1.0, -0.000104, 4.2e-05, 0.0, 0.000104, 0.999985, 0.005514, 0.374721, -4.3e-05, -0.005513, 0.999985, 1e-06, 0.0, 0.0, 0.0, 1.0],
                [1.0, -1.9e-05, -2.9e-05, 0.0, 2.9e-05, 0.040931, 0.999162, 0.37472, -1.8e-05, -0.999162, 0.040932, 1e-06, 0.0, 0.0, 0.0, 1.0],
                [1.0, -0.000386, 9.1e-05, -0.0, 0.000385, 0.999998, 0.00212, 0.37472, -9.1e-05, -0.002119, 0.999998, 0.0, 0.0, 0.0, 0.0, 1.0],
                [1.0, 2.4e-05, 5.1e-05, -0.0, -5e-05, -0.057136, 0.998366, 0.37472, 2.7e-05, -0.998367, -0.057135, -0.0, 0.0, 0.0, 0.0, 1.0],
                [1.0, 2.4e-05, 5.1e-05, -0.0, -5e-05, -0.057136, 0.998366, 0.37472, 2.7e-05, -0.998367, -0.057135, -0.0, 0.0, 0.0, 0.0, 1.0],
                [1.0, 2.4e-05, 5.1e-05, -0.0, -5e-05, -0.057136, 0.998366, 0.37472, 2.7e-05, -0.998367, -0.057135, -0.0, 0.0, 0.0, 0.0, 1.0],
                [1.0, 2.4e-05, 5.1e-05, -0.0, -5e-05, -0.057136, 0.998366, 0.37472, 2.7e-05, -0.998367, -0.057135, -0.0, 0.0, 0.0, 0.0, 1.0],
                [1.0, 2.4e-05, 5.1e-05, -0.0, -5e-05, -0.057136, 0.998366, 0.37472, 2.7e-05, -0.998367, -0.057135, -0.0, 0.0, 0.0, 0.0, 1.0],
                [1.0, 2.4e-05, 5.1e-05, -0.0, -5e-05, -0.055673, 0.998449, 0.37472, 2.7e-05, -0.99845, -0.055672, -0.0, 0.0, 0.0, 0.0, 1.0],
                [1.0, 3e-05, 5.7e-05, -0.0, -5.8e-05, 0.008881, 0.99996, 0.37472, 3e-05, -0.999961, 0.008882, -0.0, 0.0, 0.0, 0.0, 1.0],
                [1.0, 4.8e-05, 6.6e-05, -0.0, -7.5e-05, 0.188013, 0.982167, 0.37472, 3.4e-05, -0.982167, 0.188014, -0.0, 0.0, 0.0, 0.0, 1.0],
                [1.0, 8.4e-05, 6e-05, -0.0, -9.5e-05, 0.523307, 0.852144, 0.37472, 4e-05, -0.852145, 0.523308, -0.0, 0.0, 0.0, 0.0, 1.0],
                [1.0, 7.9e-05, 1.2e-05, -0.0, -7.4e-05, 0.864761, 0.502183, 0.37472, 3e-05, -0.502183, 0.864762, -0.0, 0.0, 0.0, 0.0, 1.0],
                [1.0, 3.8e-05, 7e-06, 0.0, -3.7e-05, 0.871866, 0.489744, 0.37472, 1.3e-05, -0.489744, 0.871867, -0.0, 0.0, 0.0, 0.0, 1.0],
                [1.0, -3.7e-05, 1.4e-05, -0.0, 3.7e-05, 0.999987, 0.005138, 0.37472, -1.4e-05, -0.005136, 0.999987, 0.0, 0.0, 0.0, 0.0, 1.0],
                [1.0, -5.6e-05, 2.2e-05, 0.0, 5.6e-05, 0.999986, 0.005354, 0.37472, -2.3e-05, -0.005352, 0.999985, -0.0, 0.0, 0.0, 0.0, 1.0]
            ]
        },
        {
            "name": "Knee_L",
            "time": [0.0, 0.6833, 0.8167, 2.1667, 2.1833, 4.1, 4.3167, 4.8667],
            "transform": [
                [1.0, 0.0, 1e-06, 0.0, 1e-06, 0.696631, -0.71743, 0.37472, -1e-06, 0.71743, 0.696631, -0.0, 0.0, 0.0, 0.0, 1.0],
                [1.0, 0.0, 1e-06, 0.0, 1e-06, 0.696631, -0.71743, 0.37472, -1e-06, 0.71743, 0.696631, 0.0, 0.0, 0.0, 0.0, 1.0],
                [1.0, 0.0, -0.0, 0.0, -0.0, 1e-06, -1.0, 0.374721, -0.0, 1.0, 1e-06, 0.0, 0.0, 0.0, 0.0, 1.0],
                [1.0, 0.0, -0.0, 0.0, -0.0, 1e-06, -1.0, 0.37472, -0.0, 1.0, 1e-06, 0.0, 0.0, 0.0, 0.0, 1.0],
                [1.0, 0.0, 1e-06, -0.0, 1e-06, 0.696631, -0.71743, 0.37472, -1e-06, 0.71743, 0.696631, 0.0, 0.0, 0.0, 0.0, 1.0],
                [1.0, 0.0, 1e-06, 0.0, 1e-06, 0.696631, -0.71743, 0.37472, -1e-06, 0.71743, 0.696631, -0.0, 0.0, 0.0, 0.0, 1.0],
                [1.0, 0.0, 1e-06, 0.0, 0.0, 0.541872, -0.840461, 0.37472, -0.0, 0.840461, 0.541872, 0.0, 0.0, 0.0, 0.0, 1.0],
                [1.0, 0.0, -0.0, 0.0, -0.0, 1e-06, -1.0, 0.37472, -0.0, 1.0, 1e-06, -0.0, 0.0, 0.0, 0.0, 1.0]
            ]
        },
        {
            "name": "Torso",
            "time": [0.0, 0.1167, 0.2833, 0.5833, 0.6, 0.6167, 0.65, 0.6833, 0.8167, 2.1667, 2.1833, 4.3833, 4.8667],
            "transform": [
                [0.212953, 0.08094, 0.973704, 0.0, -0.043395, 0.996363, -0.073333, 0.05, -0.976098, -0.026637, 0.215691, 0.0, 0.0, 0.0, 0.0, 1.0],
                [0.242592, -0.005431, 0.970113, 0.0, -0.138188, 0.989594, 0.040096, 0.05, -0.960236, -0.143785, 0.239317, 0.0, 0.0, 0.0, 0.0, 1.0],
                [0.275874, -0.079671, 0.957886, 0.0, -0.218821, 0.965185, 0.143299, 0.05, -0.935955, -0.249138, 0.248836, 0.0, 0.0, 0.0, 0.0, 1.0],
                [0.285711, -0.098694, 0.95322, 0.0, -0.23934, 0.955813, 0.1707, 0.05, -0.927947, -0.276915, 0.249465, 0.0, 0.0, 0.0, 0.0, 1.0],
                [0.718845, -0.033514, 0.694363, 0.0, -0.056339, 0.992743, 0.106241, 0.05, -0.692884, -0.11549, 0.71174, -0.0, 0.0, 0.0, 0.0, 1.0],
                [0.973053, -0.062357, 0.221992, -0.0, 0.07634, 0.995565, -0.05497, 0.05, -0.21758, 0.070436, 0.973498, 0.0, 0.0, 0.0, 0.0, 1.0],
                [0.979145, -0.06702, 0.191791, 0.0, 0.081028, 0.994515, -0.066145, 0.05, -0.186306, 0.080306, 0.979204, -0.0, 0.0, 0.0, 0.0, 1.0],
                [0.983693, -0.071375, 0.165087, 0.0, 0.084856, 0.993483, -0.076094, 0.05, -0.15858, 0.088861, 0.983339, -0.0, 0.0, 0.0, 0.0, 1.0],
                [0.983693, -0.071375, 0.165087, 0.0, 0.084856, 0.993483, -0.076094, 0.05, -0.15858, 0.088861, 0.983339, -1e-06, 0.0, 0.0, 0.0, 1.0],
                [0.983693, -0.071375, 0.165087, 0.0, 0.084856, 0.993483, -0.076094, 0.05, -0.15858, 0.088861, 0.983339, -1e-06, 0.0, 0.0, 0.0, 1.0],
                [0.979576, -0.04948, 0.19489, 0.0, 0.025254, 0.99185, 0.124883, 0.05, -0.199481, -0.117411, 0.972842, -0.0, 0.0, 0.0, 0.0, 1.0],
                [0.979576, -0.04948, 0.19489, 0.0, 0.025254, 0.99185, 0.124883, 0.05, -0.199481, -0.117411, 0.972842, -0.0, 0.0, 0.0, 0.0, 1.0],
                [1.0, 0.0, 0.0, 0.0, 0.0, 1.0, 0.0, 0.05, 0.0, 0.0, 1.0, -0.0, 0.0, 0.0, 0.0, 1.0]
            ]
        },
        {
            "name": "Chest",
            "time": [0.0, 0.1167, 0.2833, 0.5833, 0.6, 0.6167, 0.65, 0.6833, 0.8167, 2.1667, 2.1833, 4.3833, 4.8667],
            "transform": [
                [0.764698, -0.048683, 0.642547, 0.0, -0.277129, 0.875372, 0.396136, 0.3, -0.581753, -0.480993, 0.655904, -0.0, 0.0, 0.0, 0.0, 1.0],
                [0.714536, -0.113045, 0.690405, 0.0, -0.257958, 0.874752, 0.410204, 0.3, -0.650304, -0.471201, 0.595881, -0.0, 0.0, 0.0, 0.0, 1.0],
                [0.663846, -0.169933, 0.728307, -0.0, -0.241635, 0.872875, 0.423912, 0.3, -0.707758, -0.457397, 0.538393, 0.0, 0.0, 0.0, 0.0, 1.0],
                [0.649477, -0.184896, 0.737559, -0.0, -0.237443, 0.872165, 0.427726, 0.3, -0.722358, -0.452926, 0.522548, 0.0, 0.0, 0.0, 0.0, 1.0],
                [0.675467, -0.131474, 0.725575, 0.0, -0.283926, 0.861739, 0.420465, 0.3, -0.680537, -0.49002, 0.544748, -0.0, 0.0, 0.0, 0.0, 1.0],
                [0.698657, -0.073952, 0.711624, 0.0, -0.331887, 0.847653, 0.413928, 0.3, -0.633821, -0.525372, 0.567675, 0.0, 0.0, 0.0, 0.0, 1.0],
                [0.699925, -0.070406, 0.710738, -0.0, -0.334754, 0.846716, 0.413536, 0.3, -0.630909, -0.527367, 0.569069, -0.0, 0.0, 0.0, 0.0, 1.0],
                [0.701037, -0.067251, 0.709946, 0.0, -0.337298, 0.845873, 0.413193, 0.3, -0.628312, -0.529127, 0.570305, 0.0, 0.0, 0.0, 0.0, 1.0],
                [0.701037, -0.067251, 0.709946, 0.0, -0.337298, 0.845873, 0.413193, 0.3, -0.628312, -0.529127, 0.570305, 1e-06, 0.0, 0.0, 0.0, 1.0],
                [0.701037, -0.067251, 0.709946, 0.0, -0.337298, 0.845873, 0.413193, 0.3, -0.628312, -0.529127, 0.570305, 1e-06, 0.0, 0.0, 0.0, 1.0],
                [0.969068, -0.01886, -0.24607, 0.0, -0.009938, 0.993285, -0.115267, 0.3, 0.246592, 0.114148, 0.962374, -0.0, 0.0, 0.0, 0.0, 1.0],
                [0.969068, -0.01886, -0.24607, -0.0, -0.009938, 0.993285, -0.115267, 0.3, 0.246592, 0.114148, 0.962374, 0.0, 0.0, 0.0, 0.0, 1.0],
                [1.0, 0.0, 0.0, 0.0, -0.0, 0.996933, 0.078259, 0.3, 0.0, -0.078259, 0.996933, -0.0, 0.0, 0.0, 0.0, 1.0]
            ]
        },
        {
            "name": "Head",
            "time": [0.0, 0.5833, 0.6, 0.8167, 2.1667, 2.1833, 4.3833, 4.8667],
            "transform": [
                [0.922892, -0.057961, -0.380673, -0.0, 0.041138, 0.99779, -0.052189, 0.4, 0.382856, 0.032504, 0.923236, -0.0, 0.0, 0.0, 0.0, 1.0],
                [0.922892, -0.057961, -0.380673, -0.0, 0.041138, 0.99779, -0.052189, 0.4, 0.382856, 0.032504, 0.923236, -0.0, 0.0, 0.0, 0.0, 1.0],
                [0.569564, -0.346965, -0.745125, -0.0, -0.21837, 0.810084, -0.544132, 0.4, 0.792408, 0.472631, 0.385628, 0.0, 0.0, 0.0, 0.0, 1.0],
                [0.569564, -0.346965, -0.745125, 0.0, -0.21837, 0.810084, -0.544132, 0.400001, 0.792408, 0.472631, 0.385628, -0.0, 0.0, 0.0, 0.0, 1.0],
                [0.569564, -0.346965, -0.745125, 0.0, -0.21837, 0.810084, -0.544132, 0.400001, 0.792408, 0.472631, 0.385628, -0.0, 0.0, 0.0, 0.0, 1.0],
                [0.960213, 0.100471, -0.260569, -0.0, -0.070054, 0.989866, 0.123523, 0.4, 0.270338, -0.100355, 0.957521, 0.0, 0.0, 0.0, 0.0, 1.0],
                [0.960213, 0.100471, -0.260569, -0.0, -0.070054, 0.989866, 0.123523, 0.4, 0.270338, -0.100355, 0.957521, 0.0, 0.0, 0.0, 0.0, 1.0],
                [1.0, 0.0, -0.0, -0.0, 0.0, 1.0, 0.0, 0.4, -0.0, 0.0, 1.0, 0.0, 0.0, 0.0, 0.0, 1.0]
            ]
        },
        {
            "name": "Shoulder_R",
            "time": [0.0, 0.5833, 0.6, 0.6167, 0.65, 0.6833, 0.8167, 2.1667, 2.1833, 2.7, 3.2167, 3.5833, 3.7167, 4.0, 4.3833, 4.8667],
            "transform": [
                [0.176116, 0.918726, 0.353449, -0.0, -0.068205, -0.346809, 0.935453, 0.4, 0.982004, -0.188855, 0.001583, -0.0, 0.0, 0.0, 0.0, 1.0],
                [0.176116, 0.918726, 0.353449, -0.0, -0.068205, -0.346809, 0.935452, 0.4, 0.982004, -0.188855, 0.001583, -0.0, 0.0, 0.0, 0.0, 1.0],
                [0.183888, 0.91776, 0.351997, -0.0, -0.052219, -0.348476, 0.935862, 0.4, 0.981559, -0.190475, -0.016156, 0.0, 0.0, 0.0, 0.0, 1.0],
                [0.192001, 0.916737, 0.350326, -0.0, -0.035469, -0.350252, 0.935984, 0.4, 0.980753, -0.192136, -0.034733, -0.0, 0.0, 0.0, 0.0, 1.0],
                [0.192493, 0.916675, 0.35022, -0.0, -0.034453, -0.350361, 0.935981, 0.4, 0.980693, -0.192236, -0.03586, -0.0, 0.0, 0.0, 0.0, 1.0],
                [0.192929, 0.916619, 0.350125, 0.0, -0.03355, -0.350457, 0.935978, 0.4, 0.980639, -0.192324, -0.036861, 0.0, 0.0, 0.0, 0.0, 1.0],
                [0.192929, 0.916619, 0.350125, 0.0, -0.03355, -0.350457, 0.935978, 0.400001, 0.980639, -0.192324, -0.036861, -0.0, 0.0, 0.0, 0.0, 1.0],
                [0.192929, 0.916619, 0.350125, 0.0, -0.03355, -0.350457, 0.935978, 0.400001, 0.980639, -0.192324, -0.036861, -0.0, 0.0, 0.0, 0.0, 1.0],
                [-0.241604, 0.882444, 0.403633, -0.0, 0.052044, -0.403573, 0.913466, 0.4, 0.968978, 0.241703, 0.051579, 0.0, 0.0, 0.0, 0.0, 1.0],
                [-0.241604, 0.882444, 0.403633, -0.0, 0.052044, -0.403573, 0.913466, 0.4, 0.968978, 0.241703, 0.051579, 0.0, 0.0, 0.0, 0.0, 1.0],
                [0.21389, 0.952118, 0.218455, -0.0, -0.092817, -0.20281, 0.974809, 0.4, 0.972438, -0.228778, 0.044994, 0.0, 0.0, 0.0, 0.0, 1.0],
                [0.21389, 0.952118, 0.218455, -0.0, -0.092817, -0.20281, 0.974809, 0.4, 0.972438, -0.228778, 0.044994, 0.0, 0.0, 0.0, 0.0, 1.0],
                [0.220802, 0.952372, 0.21032, -0.0, -0.053661, -0.203453, 0.977613, 0.4, 0.973841, -0.227144, 0.006182, 0.0, 0.0, 0.0, 0.0, 1.0],
                [0.220802, 0.952372, 0.21032, -0.0, -0.053661, -0.203453, 0.977613, 0.4, 0.973841, -0.227144, 0.006182, 0.0, 0.0, 0.0, 0.0, 1.0],
                [0.220802, 0.952372, 0.21032, -0.0, -0.053661, -0.203453, 0.977613, 0.4, 0.973841, -0.227144, 0.006182, 0.0, 0.0, 0.0, 0.0, 1.0],
                [0.051903, 0.975442, 0.214052, -0.0, -0.091486, -0.208796, 0.973671, 0.4, 0.994453, -0.070119, 0.078403, 0.0, 0.0, 0.0, 0.0, 1.0]
            ]
        },
        {
            "name": "Arm_R",
            "time": [0.0, 0.1167, 0.2833, 0.5833, 0.6, 0.6167, 0.65, 0.6833, 0.8167, 2.1667, 2.1833, 2.7, 3.2167, 3.5833, 3.7167, 4.0, 4.3833, 4.8667],
            "transform": [
                [-0.251675, -0.936639, 0.243655, 0.0, -0.591568, -0.050373, -0.80468, 0.39386, 0.765968, -0.346656, -0.541408, 0.0, 0.0, 0.0, 0.0, 1.0],
                [-0.295906, -0.918159, 0.263484, 0.0, -0.591734, -0.04034, -0.805123, 0.39386, 0.74986, -0.394153, -0.531369, 0.0, 0.0, 0.0, 0.0, 1.0],
                [-0.334933, -0.899412, 0.280853, 0.0, -0.59148, -0.031331, -0.80571, 0.393861, 0.733465, -0.435978, -0.521491, -0.0, 0.0, 0.0, 0.0, 1.0],
                [-0.345227, -0.894068, 0.285414, 0.0, -0.591348, -0.028929, -0.805898, 0.393861, 0.728784, -0.446996, -0.518718, 0.0, 0.0, 0.0, 0.0, 1.0],
                [-0.392524, -0.809732, 0.436186, 0.0, -0.571357, -0.156964, -0.805552, 0.393861, 0.720747, -0.565417, -0.401034, 0.0, 0.0, 0.0, 0.0, 1.0],
                [-0.441532, -0.691236, 0.57205, 0.0, -0.556585, -0.289062, -0.778881, 0.393861, 0.703749, -0.662297, -0.257101, 0.0, 0.0, 0.0, 0.0, 1.0],
                [-0.444343, -0.683346, 0.579308, -0.0, -0.555894, -0.296784, -0.776467, 0.393861, 0.702525, -0.667052, -0.247994, 0.0, 0.0, 0.0, 0.0, 1.0],
                [-0.446831, -0.676266, 0.585668, -0.0, -0.555301, -0.303617, -0.774246, 0.393861, 0.701415, -0.67118, -0.239866, -0.0, 0.0, 0.0, 0.0, 1.0],
                [-0.446831, -0.676266, 0.585668, -0.0, -0.555301, -0.303617, -0.774246, 0.39386, 0.701415, -0.67118, -0.239866, 1e-06, 0.0, 0.0, 0.0, 1.0],
                [-0.446831, -0.676266, 0.585668, -0.0, -0.555301, -0.303617, -0.774246, 0.39386, 0.701415, -0.67118, -0.239866, 1e-06, 0.0, 0.0, 0.0, 1.0],
                [0.678798, 0.632586, -0.372919, 0.0, 0.401222, 0.105835, 0.909846, 0.393861, 0.615024, -0.767225, -0.181967, 0.0, 0.0, 0.0, 0.0, 1.0],
                [0.678798, 0.632586, -0.372919, 0.0, 0.401222, 0.105835, 0.909846, 0.393861, 0.615024, -0.767225, -0.181967, 0.0, 0.0, 0.0, 0.0, 1.0],
                [0.341572, -0.903977, -0.257204, 0.0, -0.167697, 0.210653, -0.963069, 0.39386, 0.924774, 0.37209, -0.079641, 0.0, 0.0, 0.0, 0.0, 1.0],
                [0.341572, -0.903977, -0.257204, 0.0, -0.167697, 0.210653, -0.963069, 0.39386, 0.924774, 0.37209, -0.079641, 0.0, 0.0, 0.0, 0.0, 1.0],
                [0.22159, -0.922549, -0.315914, 0.0, -0.214252, 0.26999, -0.938723, 0.39386, 0.951312, 0.275697, -0.137831, 0.0, 0.0, 0.0, 0.0, 1.0],
                [0.22159, -0.922549, -0.315914, 0.0, -0.214252, 0.26999, -0.938723, 0.39386, 0.951312, 0.275697, -0.137831, 0.0, 0.0, 0.0, 0.0, 1.0],
                [0.134648, -0.148922, -0.979639, 0.0, 0.626473, 0.778775, -0.032281, 0.393861, 0.767725, -0.609371, 0.198156, 0.0, 0.0, 0.0, 0.0, 1.0],
                [0.023432, 0.036603, -0.999055, 0.0, 0.900932, 0.432383, 0.036972, 0.39386, 0.433328, -0.900947, -0.022845, -0.0, 0.0, 0.0, 0.0, 1.0]
            ]
        },
        {
            "name": "Hand_R",
            "time": [0.0, 0.5833, 0.6, 0.6167, 0.65, 0.6833, 0.8167, 2.1667, 2.1833, 2.7, 3.2167, 3.5833, 3.7167, 4.0, 4.3833, 4.8667],
            "transform": [
                [1.0, 0.0, 0.0, -0.0, -0.0, 0.867446, -0.497532, 0.3, -0.0, 0.497533, 0.867445, 0.0, 0.0, 0.0, 0.0, 1.0],
                [1.0, 0.0, -0.0, 0.0, -0.0, 0.867445, -0.497532, 0.3, -0.0, 0.497532, 0.867445, -0.0, 0.0, 0.0, 0.0, 1.0],
                [1.0, 0.0, 0.0, 0.0, -0.0, 0.929067, -0.36991, 0.3, -0.0, 0.36991, 0.929067, -0.0, 0.0, 0.0, 0.0, 1.0],
                [1.0, 0.0, 0.0, -0.0, -0.0, 0.97362, -0.228177, 0.3, -0.0, 0.228177, 0.973619, 0.0, 0.0, 0.0, 0.0, 1.0],
                [1.0, 0.0, 0.0, -0.0, 0.0, 0.975632, -0.219413, 0.3, -0.0, 0.219413, 0.975632, -0.0, 0.0, 0.0, 0.0, 1.0],
                [1.0, 0.0, 0.0, 0.0, 0.0, 0.977353, -0.211615, 0.3, -0.0, 0.211615, 0.977353, -0.0, 0.0, 0.0, 0.0, 1.0],
                [1.0, 0.0, 0.0, -0.0, 0.0, 0.977353, -0.211615, 0.3, -0.0, 0.211615, 0.977353, -0.0, 0.0, 0.0, 0.0, 1.0],
                [1.0, 0.0, 0.0, -0.0, 0.0, 0.977353, -0.211615, 0.3, -0.0, 0.211615, 0.977353, -0.0, 0.0, 0.0, 0.0, 1.0],
                [1.0, 0.0, 0.0, -0.0, 0.0, 0.322514, -0.946565, 0.3, -0.0, 0.946565, 0.322514, 0.0, 0.0, 0.0, 0.0, 1.0],
                [1.0, 0.0, 0.0, -0.0, 0.0, 0.322514, -0.946565, 0.3, -0.0, 0.946565, 0.322514, 0.0, 0.0, 0.0, 0.0, 1.0],
                [0.999627, -0.027292, 0.000153, -0.0, 0.008626, 0.31065, -0.950485, 0.3, 0.025893, 0.950132, 0.31077, 0.0, 0.0, 0.0, 0.0, 1.0],
                [0.999627, -0.027292, 0.000153, -0.0, 0.008626, 0.31065, -0.950485, 0.3, 0.025893, 0.950132, 0.31077, 0.0, 0.0, 0.0, 0.0, 1.0],
                [0.999757, 0.0, -0.022031, -0.0, -0.021629, 0.190263, -0.981495, 0.3, 0.004192, 0.981733, 0.190216, 0.0, 0.0, 0.0, 0.0, 1.0],
                [0.999757, 0.0, -0.022031, -0.0, -0.021629, 0.190263, -0.981495, 0.3, 0.004192, 0.981733, 0.190216, 0.0, 0.0, 0.0, 0.0, 1.0],
                [0.999757, 0.0, -0.022031, -0.0, -0.021629, 0.190262, -0.981495, 0.3, 0.004192, 0.981733, 0.190216, 0.0, 0.0, 0.0, 0.0, 1.0],
                [1.0, -0.0, -0.0, 0.0, 0.0, 0.990481, -0.137651, 0.3, -0.0, 0.137651, 0.990481, 0.0, 0.0, 0.0, 0.0, 1.0]
            ]
        },
        {
            "name": "Tool_R",
            "time": [0.0, 0.1167, 0.2833, 0.5833, 0.6, 0.6167, 0.65, 0.6833, 0.8167, 2.1667, 2.1833, 2.7, 3.0167, 3.1, 3.1333, 3.2167, 3.5833, 3.7167, 4.0, 4.3833, 4.8667],
            "transform": [
                [0.803006, 0.438333, 0.403789, 0.0, 0.595617, -0.613599, -0.518397, 0.272858, 0.020528, 0.656382, -0.753359, 0.0, 0.0, 0.0, 0.0, 1.0],
                [0.903086, 0.280308, 0.325367, 0.0, 0.424535, -0.697094, -0.57778, 0.272858, 0.064821, 0.659514, -0.748097, -0.0, 0.0, 0.0, 0.0, 1.0],
                [0.960951, 0.125219, 0.246766, -0.0, 0.256295, -0.738986, -0.623067, 0.272858, 0.104278, 0.66158, -0.741787, 0.0, 0.0, 0.0, 0.0, 1.0],
                [0.970966, 0.082577, 0.224511, 0.0, 0.20985, -0.744571, -0.633701, 0.272858, 0.114769, 0.662013, -0.739848, -0.0, 0.0, 0.0, 0.0, 1.0],
                [0.921437, 0.214211, 0.324142, -0.0, 0.387111, -0.57736, -0.718888, 0.272858, 0.033137, 0.787413, -0.614566, 0.0, 0.0, 0.0, 0.0, 1.0],
                [0.82911, 0.294351, 0.475324, -0.0, 0.556576, -0.354097, -0.751557, 0.272858, -0.052873, 0.887145, -0.45715, -0.0, 0.0, 0.0, 0.0, 1.0],
                [0.822285, 0.296835, 0.485528, -0.0, 0.566099, -0.339502, -0.751179, 0.272858, -0.058098, 0.892005, -0.446947, 0.0, 0.0, 0.0, 0.0, 1.0],
                [0.816109, 0.298792, 0.49466, 0.0, 0.574477, -0.326463, -0.750599, 0.272858, -0.06274, 0.896204, -0.437826, -0.0, 0.0, 0.0, 0.0, 1.0],
                [0.816109, 0.298792, 0.49466, -0.0, 0.574477, -0.326463, -0.750599, 0.272858, -0.06274, 0.896204, -0.437826, 0.0, 0.0, 0.0, 0.0, 1.0],
                [0.816109, 0.298792, 0.49466, -0.0, 0.574477, -0.326463, -0.750599, 0.272858, -0.06274, 0.896204, -0.437826, 0.0, 0.0, 0.0, 0.0, 1.0],
                [-0.960296, 0.102245, -0.259572, -0.0, -0.141863, -0.980112, 0.138764, 0.272858, -0.240081, 0.169966, 0.955134, 0.0, 0.0, 0.0, 0.0, 1.0],
                [-0.960296, 0.102245, -0.259572, -0.0, -0.141863, -0.980112, 0.138764, 0.272858, -0.240081, 0.169966, 0.955134, 0.0, 0.0, 0.0, 0.0, 1.0],
                [-0.428891, 0.076034, 0.900151, 0.0, -0.128892, -0.991407, 0.02233, 0.272858, 0.89358, -0.106392, 0.434747, 0.0, 0.0, 0.0, 0.0, 1.0],
                [-0.151418, 0.151142, 0.976846, 0.0, -0.35351, -0.931161, 0.089277, 0.272858, 0.922541, -0.331619, 0.19431, 0.0, 0.0, 0.0, 0.0, 1.0],
