{
    "animation": [
        {
            "name": "Root",
            "time": [0.0, 0.1167, 0.2833, 0.5833, 0.6, 0.6167, 0.65, 0.6833, 0.8167, 2.1667, 2.1833, 4.0, 4.3833, 4.8667],
            "transform": [
                [1.0, 0.0, 0.0, -5e-06, 0.0, 0.0, -1.0, 0.036582, 0.0, 1.0, 0.0, 0.48358, 0.0, 0.0, 0.0, 1.0],
                [1.0, 0.0, 0.0, -5e-06, 0.0, 0.0, -1.0, 0.036582, 0.0, 1.0, 0.0, 0.456448, 0.0, 0.0, 0.0, 1.0],
                [1.0, 0.0, 0.0, -5e-06, 0.0, 0.0, -1.0, 0.036582, 0.0, 1.0, 0.0, 0.432052, 0.0, 0.0, 0.0, 1.0],
                [1.0, 0.0, 0.0, -5e-06, 0.0, 0.0, -1.0, 0.036582, 0.0, 1.0, 0.0, 0.425532, 0.0, 0.0, 0.0, 1.0],
                [0.999514, 0.031127, 0.001587, -5e-06, -0.004189, 0.184627, -0.9828, 0.198782, -0.030884, 0.982316, 0.184668, 0.459548, 0.0, 0.0, 0.0, 1.0],
                [0.99798, 0.062836, 0.009396, -5e-06, -0.014626, 0.371124, -0.928468, 0.472098, -0.061829, 0.926455, 0.371293, 0.495185, 0.0, 0.0, 0.0, 1.0],
                [0.997855, 0.064691, 0.010063, -5e-06, -0.015445, 0.381979, -0.924042, 0.722804, -0.063621, 0.921904, 0.382158, 0.497348, 0.0, 0.0, 0.0, 1.0],
                [0.997741, 0.066331, 0.010673, -5e-06, -0.016191, 0.391568, -0.920007, 1.258525, -0.065204, 0.917755, 0.391757, 0.49927, 0.0, 0.0, 0.0, 1.0],
                [0.997741, 0.066331, 0.010673, -5e-06, -0.016191, 0.391568, -0.920007, 10.029771, -0.065204, 0.917755, 0.391757, 0.49927, 0.0, 0.0, 0.0, 1.0],
                [0.997741, 0.066331, 0.010673, -5e-06, -0.016191, 0.391568, -0.920007, 10.029771, -0.065204, 0.917755, 0.391757, 0.49927, 0.0, 0.0, 0.0, 1.0],
                [0.295829, 0.0, -0.955241, -0.061613, -0.955241, 0.0, -0.295829, 0.063112, 0.0, 1.0, 0.0, 0.363706, 0.0, 0.0, 0.0, 1.0],
                [0.295829, 0.0, -0.955241, -0.061613, -0.955241, 0.0, -0.295829, 0.063112, 0.0, 1.0, 0.0, 0.363706, 0.0, 0.0, 0.0, 1.0],
                [0.295829, 0.0, -0.955241, -0.061613, -0.955241, 0.0, -0.295829, 0.063112, 0.0, 1.0, 0.0, 0.548371, 0.0, 0.0, 0.0, 1.0],
                [0.424127, 0.0, -0.905603, 0.331397, -0.905603, 0.0, -0.424127, 0.017337, 0.0, 1.0, 0.0, 0.705497, 0.0, 0.0, 0.0, 1.0]
            ]
        },
        {
            "name": "Thigh_R",
            "time": [0.0, 0.0333, 0.0833, 0.1167, 0.1667, 0.2167, 0.2833, 0.5833, 0.6, 0.6167, 0.6333, 0.65, 0.6667, 0.6833, 0.8167, 2.1667, 2.1833, 2.7, 3.2167, 3.5833, 3.7167, 4.0, 4.0167, 4.1167, 4.2333, 4.3833, 4.4833, 4.5833, 4.7, 4.8667],
            "transform": [
                [0.201644, -0.515384, -0.832898, 0.043961, 0.341522, -0.759999, 0.552958, -0.03109, -0.917989, -0.395953, 0.022766, -0.10507, 0.0, 0.0, 0.0, 1.0],
                [0.204907, -0.517623, -0.83071, 0.043234, 0.344411, -0.756309, 0.556217, -0.032458, -0.916185, -0.400078, 0.023302, -0.105872, 0.0, 0.0, 0.0, 1.0],
                [0.217256, -0.525016, -0.822897, 0.040396, 0.356241, -0.742236, 0.567606, -0.037799, -0.908787, -0.416465, 0.025777, -0.109002, 0.0, 0.0, 0.0, 1.0],
                [0.226157, -0.529187, -0.81781, 0.038251, 0.365801, -0.731976, 0.574804, -0.041835, -0.902797, -0.429152, 0.028035, -0.111367, 0.0, 0.0, 0.0, 1.0],
                [0.242166, -0.550502, -0.798939, 0.035821, 0.368872, -0.709376, 0.600598, -0.046408, -0.897379, -0.440151, 0.031278, -0.114048, 0.0, 0.0, 0.0, 1.0],
                [0.261115, -0.587146, -0.76621, 0.034284, 0.358021, -0.67823, 0.641736, -0.049299, -0.89646, -0.441886, 0.033114, -0.115742, 0.0, 0.0, 0.0, 1.0],
                [0.275922, -0.616059, -0.737793, 0.033117, 0.347243, -0.651859, 0.674167, -0.051495, -0.896264, -0.442211, 0.03406, -0.11703, 0.0, 0.0, 0.0, 1.0],
                [0.28138, -0.617016, -0.734927, 0.031745, 0.353643, -0.645287, 0.677156, -0.054077, -0.892055, -0.450439, 0.036632, -0.118543, 0.0, 0.0, 0.0, 1.0],
                [0.788459, -0.532379, -0.308064, 0.121603, 0.1503, -0.318905, 0.935793, -0.028337, -0.59644, -0.784137, -0.171427, -0.090336, 0.0, 0.0, 0.0, 1.0],
                [0.996684, 0.051654, -0.062873, 0.119829, 0.081055, -0.69819, 0.711309, -0.00567, -0.007155, -0.714046, -0.700062, -0.006578, 0.0, 0.0, 0.0, 1.0],
                [0.995104, 0.097963, -0.013094, 0.120436, 0.094321, -0.901715, 0.421915, -0.004627, 0.029525, -0.421084, -0.906541, -0.003536, 0.0, 0.0, 0.0, 1.0],
                [0.994697, 0.10256, 0.007635, 0.122564, 0.095441, -0.948204, 0.302981, -0.004166, 0.038313, -0.300646, -0.952966, -0.003101, 0.0, 0.0, 0.0, 1.0],
                [0.991359, 0.13114, 0.003035, 0.126009, 0.13115, -0.991355, -0.003634, -0.002419, 0.002532, 0.004001, -0.999989, -0.025479, 0.0, 0.0, 0.0, 1.0],
                [0.988719, 0.135351, 0.064152, 0.127934, 0.148344, -0.825627, -0.544364, -0.001256, -0.020715, 0.54774, -0.836392, -0.047857, 0.0, 0.0, 0.0, 1.0],
                [0.988719, 0.135351, 0.064152, 0.127934, 0.148345, -0.825625, -0.544367, -0.001256, -0.020715, 0.547743, -0.83639, -0.047858, 0.0, 0.0, 0.0, 1.0],
                [0.988719, 0.135351, 0.064152, 0.127934, 0.148345, -0.825625, -0.544367, -0.001256, -0.020715, 0.547743, -0.83639, -0.047858, 0.0, 0.0, 0.0, 1.0],
                [0.84538, 0.507919, -0.165381, 0.127934, 0.162577, 0.050262, 0.985415, -0.001256, 0.508823, -0.859937, -0.040086, -0.047857, 0.0, 0.0, 0.0, 1.0],
                [0.84538, 0.507919, -0.165381, 0.127934, 0.162577, 0.050262, 0.985415, -0.001256, 0.508823, -0.859937, -0.040086, -0.047857, 0.0, 0.0, 0.0, 1.0],
                [0.84538, 0.507919, -0.165381, 0.127934, 0.162577, 0.050262, 0.985415, -0.001256, 0.508823, -0.859937, -0.040086, -0.047857, 0.0, 0.0, 0.0, 1.0],
                [0.84538, 0.507919, -0.165381, 0.127934, 0.162577, 0.050262, 0.985415, -0.001256, 0.508823, -0.859937, -0.040086, -0.047857, 0.0, 0.0, 0.0, 1.0],
                [0.84538, 0.507919, -0.165381, 0.127934, 0.162577, 0.050262, 0.985415, -0.001256, 0.508823, -0.859937, -0.040086, -0.047857, 0.0, 0.0, 0.0, 1.0],
                [0.84538, 0.507919, -0.165381, 0.127934, 0.162577, 0.050262, 0.985415, -0.001256, 0.508823, -0.859937, -0.040086, -0.047857, 0.0, 0.0, 0.0, 1.0],
                [0.845447, 0.508115, -0.164432, 0.127934, 0.162393, 0.048722, 0.985522, -0.001256, 0.50877, -0.859909, -0.041323, -0.047857, 0.0, 0.0, 0.0, 1.0],
                [0.848099, 0.515086, -0.124149, 0.127934, 0.15483, -0.016846, 0.987797, -0.001256, 0.50671, -0.856972, -0.094038, -0.047857, 0.0, 0.0, 0.0, 1.0],
                [0.853209, 0.520966, -0.025056, 0.127934, 0.138179, -0.179459, 0.974013, -0.001256, 0.502931, -0.834499, -0.225103, -0.047857, 0.0, 0.0, 0.0, 1.0],
                [0.858281, 0.496065, 0.131426, 0.127934, 0.117147, -0.438732, 0.890949, -0.001256, 0.49963, -0.749289, -0.434668, -0.047857, 0.0, 0.0, 0.0, 1.0],
                [0.873329, 0.451222, 0.183564, 0.127934, 0.143759, -0.598776, 0.787909, -0.001256, 0.465436, -0.661714, -0.587796, -0.047857, 0.0, 0.0, 0.0, 1.0],
                [0.906718, 0.379765, 0.183413, 0.127934, 0.186222, -0.750731, 0.633817, -0.001256, 0.378395, -0.540538, -0.751422, -0.047857, 0.0, 0.0, 0.0, 1.0],
                [0.948836, 0.258811, 0.180907, 0.127934, 0.176617, -0.909888, 0.375377, -0.001256, 0.261757, -0.32422, -0.909046, -0.047857, 0.0, 0.0, 0.0, 1.0],
                [0.975184, 0.139416, 0.171989, 0.127934, 0.124677, -0.987756, 0.093765, -0.001256, 0.182956, -0.069995, -0.980626, -0.047857, 0.0, 0.0, 0.0, 1.0]
            ]
        },
        {
            "name": "Leg_R",
            "time": [0.0, 0.0333, 0.0833, 0.1167, 0.1667, 0.2167, 0.2833, 0.5833, 0.6, 0.6167, 0.6333, 0.65, 0.6667, 0.6833, 0.8167, 2.1667, 2.1833, 2.7, 3.2167, 3.5833, 3.7167, 4.0, 4.0167, 4.1167, 4.2333, 4.3833, 4.4833, 4.5833, 4.7, 4.8667],
            "transform": [
                [1.0, 7.9e-05, 0.000237, -0.0, -0.000223, -0.141769, 0.9899, 0.37472, 0.000112, -0.989899, -0.141769, -0.0, 0.0, 0.0, 0.0, 1.0],
                [1.0, 7.8e-05, 0.00024, -0.0, -0.000225, -0.157142, 0.987576, 0.37472, 0.000115, -0.987576, -0.157143, 0.0, 0.0, 0.0, 0.0, 1.0],
                [1.0, 7.4e-05, 0.00025, -0.0, -0.000228, -0.215499, 0.976504, 0.37472, 0.000127, -0.976503, -0.2155, 0.0, 0.0, 0.0, 0.0, 1.0],
                [1.0, 7.2e-05, 0.000258, -0.0, -0.000231, -0.257831, 0.96619, 0.37472, 0.000137, -0.96619, -0.257831, -0.0, 0.0, 0.0, 0.0, 1.0],
                [1.0, 6.6e-05, 0.000263, -0.0, -0.000229, -0.315505, 0.948924, 0.37472, 0.000146, -0.948924, -0.315505, -0.0, 0.0, 0.0, 0.0, 1.0],
                [1.0, 5.7e-05, 0.00026, 0.0, -0.000221, -0.36483, 0.931074, 0.37472, 0.000148, -0.931074, -0.364831, -0.0, 0.0, 0.0, 0.0, 1.0],
                [1.0, 5.1e-05, 0.000255, -0.0, -0.000213, -0.401403, 0.915902, 0.37472, 0.000149, -0.915901, -0.401403, 0.0, 0.0, 0.0, 0.0, 1.0],
                [1.0, 5.1e-05, 0.00026, -0.0, -0.000213, -0.425623, 0.904901, 0.37472, 0.000157, -0.9049, -0.425624, 0.0, 0.0, 0.0, 0.0, 1.0],
                [1.0, 1.1e-05, 8.9e-05, -0.0, -5.3e-05, -0.732048, 0.681253, 0.37472, 7.2e-05, -0.681253, -0.732048, -0.0, 0.0, 0.0, 0.0, 1.0],
                [1.0, -9e-06, -4.6e-05, 0.0, 2.7e-05, -0.706795, 0.707419, 0.37472, -3.9e-05, -0.707418, -0.706795, 0.0, 0.0, 0.0, 0.0, 1.0],
                [1.0, -9e-06, -4.8e-05, 0.0, 3.7e-05, -0.473303, 0.8809, 0.37472, -3.1e-05, -0.880899, -0.473304, 0.0, 0.0, 0.0, 0.0, 1.0],
                [1.0, -1.4e-05, -5.1e-05, -0.0, 4.3e-05, -0.345404, 0.938455, 0.37472, -3e-05, -0.938453, -0.345404, -0.0, 0.0, 0.0, 0.0, 1.0],
                [1.0, -4e-05, -7.3e-05, 0.0, 7.2e-05, -0.020842, 0.999783, 0.37472, -4.1e-05, -0.999782, -0.020843, 0.0, 0.0, 0.0, 0.0, 1.0],
                [1.0, -0.000116, -2.7e-05, 0.0, 0.000106, 0.766835, 0.641845, 0.37472, -5.4e-05, -0.641845, 0.766835, -0.0, 0.0, 0.0, 0.0, 1.0],
                [1.0, -0.000116, -2.7e-05, 0.0, 0.000106, 0.766837, 0.641841, 0.374718, -5.4e-05, -0.641841, 0.766838, -2e-06, 0.0, 0.0, 0.0, 1.0],
                [1.0, -0.000116, -2.7e-05, 0.0, 0.000106, 0.766837, 0.641841, 0.374718, -5.4e-05, -0.641841, 0.766838, -2e-06, 0.0, 0.0, 0.0, 1.0],
                [1.0, 2e-06, 1.4e-05, -0.0, -1.4e-05, -0.073066, 0.997327, 0.37472, 3e-06, -0.997327, -0.073067, 0.0, 0.0, 0.0, 0.0, 1.0],
                [1.0, 2e-06, 1.4e-05, -0.0, -1.4e-05, -0.073066, 0.997327, 0.37472, 3e-06, -0.997327, -0.073067, 0.0, 0.0, 0.0, 0.0, 1.0],
                [1.0, 2e-06, 1.4e-05, -0.0, -1.4e-05, -0.073066, 0.997327, 0.37472, 3e-06, -0.997327, -0.073067, 0.0, 0.0, 0.0, 0.0, 1.0],
                [1.0, 2e-06, 1.4e-05, -0.0, -1.4e-05, -0.073066, 0.997327, 0.37472, 3e-06, -0.997327, -0.073067, 0.0, 0.0, 0.0, 0.0, 1.0],
                [1.0, 2e-06, 1.4e-05, -0.0, -1.4e-05, -0.073066, 0.997327, 0.37472, 3e-06, -0.997327, -0.073067, 0.0, 0.0, 0.0, 0.0, 1.0],
                [1.0, 2e-06, 1.4e-05, -0.0, -1.4e-05, -0.073066, 0.997327, 0.37472, 3e-06, -0.997327, -0.073067, 0.0, 0.0, 0.0, 0.0, 1.0],
                [1.0, 2e-06, 1.4e-05, -0.0, -1.4e-05, -0.071598, 0.997434, 0.37472, 3e-06, -0.997433, -0.071598, 0.0, 0.0, 0.0, 0.0, 1.0],
                [1.0, 2e-06, 1e-05, 0.0, -1e-05, -0.006809, 0.999977, 0.37472, 2e-06, -0.999977, -0.00681, -0.0, 0.0, 0.0, 0.0, 1.0],
                [1.0, -1e-06, -0.0, -0.0, 0.0, 0.172901, 0.984939, 0.37472, -1e-06, -0.984939, 0.172901, -0.0, 0.0, 0.0, 0.0, 1.0],
                [1.0, -9e-06, -8e-06, -0.0, 1.2e-05, 0.50947, 0.860489, 0.37472, -4e-06, -0.860489, 0.50947, 0.0, 0.0, 0.0, 0.0, 1.0],
                [1.0, -8e-06, -5e-06, 0.0, 9e-06, 0.641979, 0.766722, 0.37472, -3e-06, -0.766722, 0.641979, 0.0, 0.0, 0.0, 0.0, 1.0],
                [1.0, -1.2e-05, -7e-06, -0.0, 1.3e-05, 0.678527, 0.734576, 0.37472, -4e-06, -0.734576, 0.678526, 0.0, 0.0, 0.0, 0.0, 1.0],
                [1.0, -5e-05, -2e-05, 0.0, 5.1e-05, 0.766801, 0.641886, 0.37472, -1.7e-05, -0.641886, 0.7668, -0.0, 0.0, 0.0, 0.0, 1.0],
                [1.0, -0.000106, -1.1e-05, 0.0, 0.000101, 0.905272, 0.424832, 0.37472, -3.5e-05, -0.424832, 0.905273, 0.0, 0.0, 0.0, 0.0, 1.0]
            ]
        },
        {
            "name": "Knee_R",
            "time": [0.0, 0.6833, 0.8167, 2.1667, 2.1833, 4.3167, 4.5667, 4.8667],
            "transform": [
                [1.0, -0.0, -0.0, 0.0, 0.0, 0.594526, -0.804076, 0.37472, 0.0, 0.804076, 0.594526, -0.0, 0.0, 0.0, 0.0, 1.0],
                [1.0, -0.0, -0.0, -0.0, 0.0, 0.594526, -0.804076, 0.37472, 0.0, 0.804076, 0.594526, -0.0, 0.0, 0.0, 0.0, 1.0],
                [1.0, 0.0, -0.0, -0.0, -0.0, 0.0, -1.0, 0.37472, -0.0, 1.0, 0.0, -1e-06, 0.0, 0.0, 0.0, 1.0],
                [1.0, 0.0, -0.0, -0.0, -0.0, 0.0, -1.0, 0.37472, -0.0, 1.0, 0.0, -1e-06, 0.0, 0.0, 0.0, 1.0],
                [1.0, -0.0, -0.0, -0.0, 0.0, 0.594526, -0.804076, 0.37472, 0.0, 0.804076, 0.594526, 0.0, 0.0, 0.0, 0.0, 1.0],
                [1.0, -0.0, -0.0, 0.0, 0.0, 0.594526, -0.804076, 0.37472, 0.0, 0.804076, 0.594526, 0.0, 0.0, 0.0, 0.0, 1.0],
                [1.0, -0.0, -0.0, 0.0, -0.0, 0.455214, -0.890382, 0.37472, 0.0, 0.890382, 0.455214, 0.0, 0.0, 0.0, 0.0, 1.0],
                [1.0, 0.0, -0.0, 0.0, -0.0, 0.0, -1.0, 0.37472, -0.0, 1.0, 0.0, 0.0, 0.0, 0.0, 0.0, 1.0]
            ]
        },
        {
            "name": "Thigh_L",
            "time": [0.0, 0.0333, 0.0833, 0.1167, 0.1667, 0.2167, 0.2833, 0.5833, 0.6, 0.6167, 0.6333, 0.65, 0.6667, 0.6833, 0.8167, 2.1667, 2.1833, 2.7, 3.2167, 3.5833, 3.7167, 4.0, 4.0167, 4.1167, 4.2333, 4.3833, 4.4833, 4.5833, 4.7, 4.8667],
            "transform": [
                [0.252474, -0.945846, -0.204038, -0.025405, -0.435399, -0.299367, 0.849003, -0.034141, -0.864109, -0.125513, -0.487404, 0.152957, 0.0, 0.0, 0.0, 1.0],
                [0.260792, -0.944869, -0.198012, -0.025281, -0.443655, -0.299469, 0.844682, -0.032443, -0.857413, -0.132437, -0.497296, 0.152046, 0.0, 0.0, 0.0, 1.0],
                [0.292407, -0.940304, -0.174145, -0.024797, -0.4752, -0.300902, 0.826827, -0.025793, -0.82987, -0.159016, -0.534818, 0.148478, 0.0, 0.0, 0.0, 1.0],
                [0.315394, -0.936081, -0.155819, -0.024431, -0.498273, -0.3031, 0.812314, -0.020737, -0.80762, -0.178559, -0.56202, 0.145766, 0.0, 0.0, 0.0, 1.0],
                [0.340678, -0.930443, -0.134959, -0.024017, -0.523665, -0.307005, 0.794683, -0.014935, -0.780841, -0.200058, -0.591831, 0.142654, 0.0, 0.0, 0.0, 1.0],
                [0.356064, -0.926514, -0.121614, -0.023755, -0.539172, -0.309992, 0.783069, -0.011257, -0.763225, -0.213252, -0.609928, 0.14068, 0.0, 0.0, 0.0, 1.0],
                [0.366231, -0.92385, -0.111249, -0.023556, -0.550064, -0.311368, 0.774905, -0.008685, -0.750536, -0.2226, -0.62221, 0.139301, 0.0, 0.0, 0.0, 1.0],
                [0.378864, -0.92012, -0.099204, -0.023322, -0.563079, -0.314257, 0.764319, -0.005464, -0.734441, -0.233714, -0.637161, 0.137573, 0.0, 0.0, 0.0, 1.0],
                [0.721826, -0.670805, -0.170256, -0.096793, -0.435015, -0.631105, 0.642236, 0.006135, -0.538265, -0.389519, -0.747359, 0.092148, 0.0, 0.0, 0.0, 1.0],
                [0.915034, -0.128597, -0.382329, -0.119373, -0.071316, -0.984464, 0.160447, -0.002935, -0.397023, -0.119548, -0.90999, 0.007539, 0.0, 0.0, 0.0, 1.0],
                [0.922213, -0.080408, -0.37823, -0.120465, -0.070862, -0.996718, 0.039116, -0.002917, -0.380134, -0.009271, -0.924885, 0.004374, 0.0, 0.0, 0.0, 1.0],
                [0.924251, -0.061308, -0.37683, -0.122356, -0.07144, -0.99736, -0.012957, -0.00288, -0.375041, 0.038897, -0.926192, 0.003541, 0.0, 0.0, 0.0, 1.0],
                [0.927808, -0.036148, -0.371303, -0.124183, -0.064728, -0.995796, -0.064794, -0.002846, -0.3674, 0.084151, -0.926249, 0.001352, 0.0, 0.0, 0.0, 1.0],
                [0.930579, -0.020052, -0.365543, -0.125006, -0.062502, -0.99254, -0.104667, -0.002831, -0.360717, 0.120249, -0.924891, -1.2e-05, 0.0, 0.0, 0.0, 1.0],
                [0.930579, -0.020052, -0.365543, -0.125006, -0.062502, -0.992541, -0.104665, -0.002831, -0.360718, 0.120247, -0.924891, -1.2e-05, 0.0, 0.0, 0.0, 1.0],
                [0.930579, -0.020052, -0.365543, -0.125006, -0.062502, -0.992541, -0.104665, -0.002831, -0.360718, 0.120247, -0.924891, -1.2e-05, 0.0, 0.0, 0.0, 1.0],
                [0.8872, -0.290132, 0.358747, -0.125006, -0.325921, -0.944454, 0.042205, -0.002831, 0.326575, -0.154367, -0.93248, -1.2e-05, 0.0, 0.0, 0.0, 1.0],
                [0.8872, -0.290132, 0.358747, -0.125006, -0.325921, -0.944454, 0.042205, -0.002831, 0.326575, -0.154367, -0.93248, -1.2e-05, 0.0, 0.0, 0.0, 1.0],
                [0.8872, -0.290132, 0.358747, -0.125006, -0.325921, -0.944454, 0.042205, -0.002831, 0.326575, -0.154367, -0.93248, -1.2e-05, 0.0, 0.0, 0.0, 1.0],
                [0.8872, -0.290132, 0.358747, -0.125006, -0.325921, -0.944454, 0.042205, -0.002831, 0.326575, -0.154367, -0.93248, -1.2e-05, 0.0, 0.0, 0.0, 1.0],
                [0.8872, -0.290132, 0.358747, -0.125006, -0.325921, -0.944454, 0.042205, -0.002831, 0.326575, -0.154367, -0.93248, -1.2e-05, 0.0, 0.0, 0.0, 1.0],
                [0.8872, -0.290132, 0.358747, -0.125006, -0.325921, -0.944454, 0.042205, -0.002831, 0.326575, -0.154367, -0.93248, -1.2e-05, 0.0, 0.0, 0.0, 1.0],
                [0.887369, -0.289851, 0.358557, -0.125006, -0.32562, -0.944554, 0.042293, -0.002831, 0.326418, -0.154283, -0.932549, -1.2e-05, 0.0, 0.0, 0.0, 1.0],
                [0.894136, -0.278899, 0.350336, -0.125006, -0.313086, -0.948713, 0.043806, -0.002831, 0.320151, -0.148854, -0.935599, -1.2e-05, 0.0, 0.0, 0.0, 1.0],
                [0.907938, -0.259976, 0.328727, -0.125006, -0.284635, -0.958216, 0.028344, -0.002831, 0.307623, -0.119302, -0.944, -1.2e-05, 0.0, 0.0, 0.0, 1.0],
                [0.923259, -0.25292, 0.289179, -0.125006, -0.247168, -0.967301, -0.056883, -0.002831, 0.29411, -0.018958, -0.955583, -1.2e-05, 0.0, 0.0, 0.0, 1.0],
                [0.932315, -0.254766, 0.256678, -0.125006, -0.238829, -0.966692, -0.092006, -0.002831, 0.271569, 0.024476, -0.962108, -1.2e-05, 0.0, 0.0, 0.0, 1.0],
                [0.945805, -0.249984, 0.207269, -0.125006, -0.242297, -0.968212, -0.062102, -0.002831, 0.216205, 0.008516, -0.976311, -1.2e-05, 0.0, 0.0, 0.0, 1.0],
                [0.964152, -0.23675, 0.11983, -0.125006, -0.236854, -0.97145, -0.013585, -0.002831, 0.119626, -0.015284, -0.992702, -1.2e-05, 0.0, 0.0, 0.0, 1.0],
                [0.975613, -0.217834, 0.026987, -0.125006, -0.217811, -0.975983, -0.00379, -0.002831, 0.027164, -0.00218, -0.999629, -1.2e-05, 0.0, 0.0, 0.0, 1.0]
            ]
        },
        {
            "name": "Leg_L",
            "time": [0.0, 0.0333, 0.0833, 0.1167, 0.1667, 0.2167, 0.2833, 0.5833, 0.6, 0.6167, 0.6333, 0.65, 0.6667, 0.6833, 0.8167, 2.1667, 2.1833, 2.7, 3.2167, 3.5833, 3.7167, 4.0, 4.0167, 4.1167, 4.2333, 4.3833, 4.4833, 4.5833, 4.7, 4.8667],
            "transform": [
                [1.0, -9.7e-05, -0.000152, -0.0, 0.000169, 0.200291, 0.979737, 0.37472, -6.5e-05, -0.979737, 0.200291, 0.0, 0.0, 0.0, 0.0, 1.0],
                [1.0, -9.9e-05, -0.000156, -0.0, 0.000173, 0.195819, 0.98064, 0.37472, -6.6e-05, -0.98064, 0.195818, -0.0, 0.0, 0.0, 0.0, 1.0],
                [1.0, -0.000106, -0.000172, 0.0, 0.000188, 0.17869, 0.983906, 0.37472, -7.4e-05, -0.983905, 0.17869, -0.0, 0.0, 0.0, 0.0, 1.0],
                [1.0, -0.000111, -0.000184, 0.0, 0.000199, 0.166131, 0.986103, 0.37472, -7.9e-05, -0.986104, 0.16613, 0.0, 0.0, 0.0, 0.0, 1.0],
                [1.0, -0.000117, -0.000196, 0.0, 0.000211, 0.152626, 0.988284, 0.37472, -8.5e-05, -0.988284, 0.152625, 0.0, 0.0, 0.0, 0.0, 1.0],
                [1.0, -0.00012, -0.000204, 0.0, 0.000219, 0.144189, 0.98955, 0.37472, -8.9e-05, -0.98955, 0.144189, 0.0, 0.0, 0.0, 0.0, 1.0],
                [1.0, -0.000122, -0.000209, 0.0, 0.000224, 0.137075, 0.990561, 0.37472, -9.2e-05, -0.990561, 0.137074, 0.0, 0.0, 0.0, 0.0, 1.0],
                [1.0, -0.000124, -0.000215, -0.0, 0.000229, 0.129494, 0.99158, 0.37472, -9.5e-05, -0.99158, 0.129494, -0.0, 0.0, 0.0, 0.0, 1.0],
                [1.0, -3.9e-05, -0.000187, 0.0, 0.00016, -0.358537, 0.933516, 0.37472, -0.000104, -0.933514, -0.358538, 0.0, 0.0, 0.0, 0.0, 1.0],
                [1.0, -1.1e-05, -3e-05, 0.0, 2.6e-05, -0.252219, 0.96767, 0.37472, -1.9e-05, -0.96767, -0.252219, 0.0, 0.0, 0.0, 0.0, 1.0],
                [1.0, -1.6e-05, -3.1e-05, 0.0, 2.9e-05, -0.080254, 0.996775, 0.37472, -1.8e-05, -0.996774, -0.080255, 0.0, 0.0, 0.0, 0.0, 1.0],
                [1.0, -1.9e-05, -3.1e-05, 0.0, 3.1e-05, -0.000858, 1.000001, 0.37472, -1.9e-05, -1.0, -0.000858, -0.0, 0.0, 0.0, 0.0, 1.0],
                [1.0, -1.9e-05, -2.9e-05, 0.0, 2.9e-05, 0.028541, 0.999593, 0.37472, -1.8e-05, -0.999593, 0.02854, -0.0, 0.0, 0.0, 0.0, 1.0],
                [1.0, -1.9e-05, -2.8e-05, 0.0, 2.9e-05, 0.040934, 0.999162, 0.37472, -1.8e-05, -0.999161, 0.040934, 0.0, 0.0, 0.0, 0.0, 1.0],
                [1.0, -1.9e-05, -2.8e-05, 1e-06, 2.9e-05, 0.040932, 0.999163, 0.37472, -1.8e-05, -0.999162, 0.040932, 0.0, 0.0, 0.0, 0.0, 1.0],
                [1.0, -1.9e-05, -2.8e-05, 1e-06, 2.9e-05, 0.040932, 0.999163, 0.37472, -1.8e-05, -0.999162, 0.040932, 0.0, 0.0, 0.0, 0.0, 1.0],
                [1.0, 2.4e-05, 5.1e-05, -0.0, -5e-05, -0.057134, 0.998367, 0.37472, 2.7e-05, -0.998367, -0.057134, -0.0, 0.0, 0.0, 0.0, 1.0],
                [1.0, 2.4e-05, 5.1e-05, -0.0, -5e-05, -0.057134, 0.998367, 0.37472, 2.7e-05, -0.998367, -0.057134, -0.0, 0.0, 0.0, 0.0, 1.0],
                [1.0, 2.4e-05, 5.1e-05, -0.0, -5e-05, -0.057134, 0.998367, 0.37472, 2.7e-05, -0.998367, -0.057134, -0.0, 0.0, 0.0, 0.0, 1.0],
                [1.0, 2.4e-05, 5.1e-05, -0.0, -5e-05, -0.057134, 0.998367, 0.37472, 2.7e-05, -0.998367, -0.057134, -0.0, 0.0, 0.0, 0.0, 1.0],
                [1.0, 2.4e-05, 5.1e-05, -0.0, -5e-05, -0.057134, 0.998367, 0.37472, 2.7e-05, -0.998367, -0.057134, -0.0, 0.0, 0.0, 0.0, 1.0],
                [1.0, 2.4e-05, 5.1e-05, -0.0, -5e-05, -0.057134, 0.998367, 0.37472, 2.7e-05, -0.998367, -0.057134, -0.0, 0.0, 0.0, 0.0, 1.0],
                [1.0, 2.4e-05, 5.2e-05, -0.0, -5e-05, -0.055671, 0.998449, 0.37472, 2.7e-05, -0.998449, -0.055671, -0.0, 0.0, 0.0, 0.0, 1.0],
                [1.0, 3e-05, 5.8e-05, -0.0, -5.8e-05, 0.008883, 0.999961, 0.37472, 3e-05, -0.999961, 0.008883, -0.0, 0.0, 0.0, 0.0, 1.0],
                [1.0, 4.8e-05, 6.7e-05, 0.0, -7.5e-05, 0.188015, 0.982166, 0.37472, 3.4e-05, -0.982166, 0.188015, -0.0, 0.0, 0.0, 0.0, 1.0],
                [1.0, 8.4e-05, 6e-05, -0.0, -9.5e-05, 0.52331, 0.852143, 0.37472, 4e-05, -0.852143, 0.52331, -0.0, 0.0, 0.0, 0.0, 1.0],
                [1.0, 8.1e-05, 3.6e-05, 0.0, -8.3e-05, 0.705343, 0.708866, 0.37472, 3.2e-05, -0.708865, 0.705344, 0.0, 0.0, 0.0, 0.0, 1.0],
                [1.0, 4.3e-05, 1.3e-05, 0.0, -4.2e-05, 0.815293, 0.579049, 0.37472, 1.5e-05, -0.579049, 0.815293, -0.0, 0.0, 0.0, 0.0, 1.0],
                [1.000001, -4e-06, 0.0, 0.0, 3e-06, 0.904564, 0.426339, 0.37472, -2e-06, -0.426338, 0.904564, 0.0, 0.0, 0.0, 0.0, 1.0],
                [1.0, -2.8e-05, 2e-06, 0.0, 2.6e-05, 0.965787, 0.259337, 0.37472, -9e-06, -0.259337, 0.965787, -0.0, 0.0, 0.0, 0.0, 1.0]
            ]
        },
        {
            "name": "Knee_L",
            "time": [0.0, 0.6833, 0.8167, 2.1667, 2.1833, 4.1, 4.3167, 4.8667],
            "transform": [
                [1.0, 0.0, 1e-06, -0.0, 0.0, 0.696631, -0.71743, 0.37472, -1e-06, 0.71743, 0.696631, -0.0, 0.0, 0.0, 0.0, 1.0],
                [1.0, 0.0, 1e-06, 0.0, 0.0, 0.696631, -0.71743, 0.37472, -1e-06, 0.71743, 0.696631, 0.0, 0.0, 0.0, 0.0, 1.0],
                [1.0, 0.0, -0.0, 0.0, -0.0, 0.0, -1.0, 0.374721, -0.0, 1.0, 0.0, -1e-06, 0.0, 0.0, 0.0, 1.0],
                [1.0, 0.0, -0.0, 0.0, -0.0, 0.0, -1.0, 0.374721, -0.0, 1.0, 0.0, -1e-06, 0.0, 0.0, 0.0, 1.0],
                [1.0, 0.0, 1e-06, 0.0, 0.0, 0.696631, -0.71743, 0.37472, -1e-06, 0.71743, 0.696631, -0.0, 0.0, 0.0, 0.0, 1.0],
                [1.0, 0.0, 1e-06, 0.0, 0.0, 0.696631, -0.71743, 0.37472, -1e-06, 0.71743, 0.696631, 0.0, 0.0, 0.0, 0.0, 1.0],
                [1.0, 0.0, 0.0, 0.0, 0.0, 0.541872, -0.840461, 0.37472, -1e-06, 0.840461, 0.541872, -0.0, 0.0, 0.0, 0.0, 1.0],
                [1.0, 0.0, -0.0, 0.0, -0.0, 0.0, -1.0, 0.37472, -0.0, 1.0, 0.0, 0.0, 0.0, 0.0, 0.0, 1.0]
            ]
        },
        {
            "name": "Torso",
            "time": [0.0, 0.1167, 0.2833, 0.5833, 0.6, 0.6167, 0.65, 0.6833, 0.8167, 2.1667, 2.1833, 4.3833, 4.8667],
            "transform": [
                [0.212953, 0.08094, 0.973704, 0.0, -0.043395, 0.996363, -0.073333, 0.05, -0.976098, -0.026637, 0.215691, 0.0, 0.0, 0.0, 0.0, 1.0],
                [0.242592, -0.005431, 0.970113, 0.0, -0.138188, 0.989594, 0.040096, 0.05, -0.960236, -0.143785, 0.239317, 0.0, 0.0, 0.0, 0.0, 1.0],
                [0.275874, -0.079671, 0.957886, 0.0, -0.218821, 0.965185, 0.143299, 0.05, -0.935955, -0.249138, 0.248836, 0.0, 0.0, 0.0, 0.0, 1.0],
                [0.285711, -0.098694, 0.95322, 0.0, -0.23934, 0.955813, 0.1707, 0.05, -0.927947, -0.276915, 0.249465, 0.0, 0.0, 0.0, 0.0, 1.0],
                [0.718845, -0.033514, 0.694363, 0.0, -0.056339, 0.992743, 0.106241, 0.05, -0.692884, -0.11549, 0.71174, -0.0, 0.0, 0.0, 0.0, 1.0],
                [0.973053, -0.062357, 0.221992, -0.0, 0.07634, 0.995565, -0.05497, 0.05, -0.21758, 0.070436, 0.973498, 0.0, 0.0, 0.0, 0.0, 1.0],
                [0.979145, -0.06702, 0.191791, 0.0, 0.081028, 0.994515, -0.066145, 0.05, -0.186306, 0.080306, 0.979204, -0.0, 0.0, 0.0, 0.0, 1.0],
                [0.983693, -0.071375, 0.165087, 0.0, 0.084856, 0.993483, -0.076094, 0.05, -0.15858, 0.088861, 0.983339, -0.0, 0.0, 0.0, 0.0, 1.0],
                [0.983693, -0.071375, 0.165087, 0.0, 0.084856, 0.993483, -0.076094, 0.05, -0.15858, 0.088861, 0.983339, -1e-06, 0.0, 0.0, 0.0, 1.0],
                [0.983693, -0.071375, 0.165087, 0.0, 0.084856, 0.993483, -0.076094, 0.05, -0.15858, 0.088861, 0.983339, -1e-06, 0.0, 0.0, 0.0, 1.0],
                [0.979576, -0.04948, 0.19489, 0.0, 0.025254, 0.99185, 0.124883, 0.05, -0.199481, -0.117411, 0.972842, -0.0, 0.0, 0.0, 0.0, 1.0],
                [0.979576, -0.04948, 0.19489, 0.0, 0.025254, 0.99185, 0.124883, 0.05, -0.199481, -0.117411, 0.972842, -0.0, 0.0, 0.0, 0.0, 1.0],
                [1.0, 0.0, 0.0, 0.0, 0.0, 1.0, 0.0, 0.05, 0.0, 0.0, 1.0, -0.0, 0.0, 0.0, 0.0, 1.0]
            ]
        },
        {
            "name": "Chest",
            "time": [0.0, 0.1167, 0.2833, 0.5833, 0.6, 0.6167, 0.65, 0.6833, 0.8167, 2.1667, 2.1833, 4.3833, 4.8667],
            "transform": [
                [0.764698, -0.048683, 0.642547, 0.0, -0.277129, 0.875372, 0.396136, 0.3, -0.581753, -0.480993, 0.655904, -0.0, 0.0, 0.0, 0.0, 1.0],
                [0.714536, -0.113045, 0.690405, 0.0, -0.257958, 0.874752, 0.410204, 0.3, -0.650304, -0.471201, 0.595881, -0.0, 0.0, 0.0, 0.0, 1.0],
                [0.663846, -0.169933, 0.728307, -0.0, -0.241635, 0.872875, 0.423912, 0.3, -0.707758, -0.457397, 0.538393, 0.0, 0.0, 0.0, 0.0, 1.0],
                [0.649477, -0.184896, 0.737559, -0.0, -0.237443, 0.872165, 0.427726, 0.3, -0.722358, -0.452926, 0.522548, 0.0, 0.0, 0.0, 0.0, 1.0],
                [0.675467, -0.131474, 0.725575, 0.0, -0.283926, 0.861739, 0.420465, 0.3, -0.680537, -0.49002, 0.544748, -0.0, 0.0, 0.0, 0.0, 1.0],
                [0.698657, -0.073952, 0.711624, 0.0, -0.331887, 0.847653, 0.413928, 0.3, -0.633821, -0.525372, 0.567675, 0.0, 0.0, 0.0, 0.0, 1.0],
                [0.699925, -0.070406, 0.710738, -0.0, -0.334754, 0.846716, 0.413536, 0.3, -0.630909, -0.527367, 0.569069, -0.0, 0.0, 0.0, 0.0, 1.0],
                [0.701037, -0.067251, 0.709946, 0.0, -0.337298, 0.845873, 0.413193, 0.3, -0.628312, -0.529127, 0.570305, 0.0, 0.0, 0.0, 0.0, 1.0],
                [0.701037, -0.067251, 0.709946, 0.0, -0.337298, 0.845873, 0.413193, 0.3, -0.628312, -0.529127, 0.570305, 1e-06, 0.0, 0.0, 0.0, 1.0],
                [0.701037, -0.067251, 0.709946, 0.0, -0.337298, 0.845873, 0.413193, 0.3, -0.628312, -0.529127, 0.570305, 1e-06, 0.0, 0.0, 0.0, 1.0],
                [0.969068, -0.01886, -0.24607, 0.0, -0.009938, 0.993285, -0.115267, 0.3, 0.246592, 0.114148, 0.962374, -0.0, 0.0, 0.0, 0.0, 1.0],
                [0.969068, -0.01886, -0.24607, -0.0, -0.009938, 0.993285, -0.115267, 0.3, 0.246592, 0.114148, 0.962374, 0.0, 0.0, 0.0, 0.0, 1.0],
                [1.0, 0.0, 0.0, 0.0, -0.0, 0.996933, 0.078259, 0.3, 0.0, -0.078259, 0.996933, -0.0, 0.0, 0.0, 0.0, 1.0]
            ]
        },
        {
            "name": "Head",
            "time": [0.0, 0.5833, 0.6, 0.8167, 2.1667, 2.1833, 4.3833, 4.8667],
            "transform": [
                [0.922892, -0.057961, -0.380673, -0.0, 0.041138, 0.99779, -0.052189, 0.4, 0.382856, 0.032504, 0.923236, -0.0, 0.0, 0.0, 0.0, 1.0],
                [0.922892, -0.057961, -0.380673, -0.0, 0.041138, 0.99779, -0.052189, 0.4, 0.382856, 0.032504, 0.923236, -0.0, 0.0, 0.0, 0.0, 1.0],
                [0.569564, -0.346965, -0.745125, -0.0, -0.21837, 0.810084, -0.544132, 0.4, 0.792408, 0.472631, 0.385628, 0.0, 0.0, 0.0, 0.0, 1.0],
                [0.569564, -0.346965, -0.745125, 0.0, -0.21837, 0.810084, -0.544132, 0.400001, 0.792408, 0.472631, 0.385628, -0.0, 0.0, 0.0, 0.0, 1.0],
                [0.569564, -0.346965, -0.745125, 0.0, -0.21837, 0.810084, -0.544132, 0.400001, 0.792408, 0.472631, 0.385628, -0.0, 0.0, 0.0, 0.0, 1.0],
                [0.960213, 0.100471, -0.260569, -0.0, -0.070054, 0.989866, 0.123523, 0.4, 0.270338, -0.100355, 0.957521, 0.0, 0.0, 0.0, 0.0, 1.0],
                [0.960213, 0.100471, -0.260569, -0.0, -0.070054, 0.989866, 0.123523, 0.4, 0.270338, -0.100355, 0.957521, 0.0, 0.0, 0.0, 0.0, 1.0],
                [1.0, 0.0, -0.0, -0.0, 0.0, 1.0, 0.0, 0.4, -0.0, 0.0, 1.0, 0.0, 0.0, 0.0, 0.0, 1.0]
            ]
        },
        {
            "name": "Shoulder_R",
            "time": [0.0, 0.5833, 0.6, 0.6167, 0.65, 0.6833, 0.8167, 2.1667, 2.1833, 2.7, 3.2167, 3.5833, 3.7167, 4.0, 4.3833, 4.8667],
            "transform": [
                [0.176116, 0.918726, 0.353449, -0.0, -0.068205, -0.346809, 0.935453, 0.4, 0.982004, -0.188855, 0.001583, -0.0, 0.0, 0.0, 0.0, 1.0],
                [0.176116, 0.918726, 0.353449, -0.0, -0.068205, -0.346809, 0.935452, 0.4, 0.982004, -0.188855, 0.001583, -0.0, 0.0, 0.0, 0.0, 1.0],
                [0.183888, 0.91776, 0.351997, -0.0, -0.052219, -0.348476, 0.935862, 0.4, 0.981559, -0.190475, -0.016156, 0.0, 0.0, 0.0, 0.0, 1.0],
                [0.192001, 0.916737, 0.350326, -0.0, -0.035469, -0.350252, 0.935984, 0.4, 0.980753, -0.192136, -0.034733, -0.0, 0.0, 0.0, 0.0, 1.0],
                [0.192493, 0.916675, 0.35022, -0.0, -0.034453, -0.350361, 0.935981, 0.4, 0.980693, -0.192236, -0.03586, -0.0, 0.0, 0.0, 0.0, 1.0],
                [0.192929, 0.916619, 0.350125, 0.0, -0.03355, -0.350457, 0.935978, 0.4, 0.980639, -0.192324, -0.036861, 0.0, 0.0, 0.0, 0.0, 1.0],
                [0.192929, 0.916619, 0.350125, 0.0, -0.03355, -0.350457, 0.935978, 0.400001, 0.980639, -0.192324, -0.036861, -0.0, 0.0, 0.0, 0.0, 1.0],
                [0.192929, 0.916619, 0.350125, 0.0, -0.03355, -0.350457, 0.935978, 0.400001, 0.980639, -0.192324, -0.036861, -0.0, 0.0, 0.0, 0.0, 1.0],
                [-0.241604, 0.882444, 0.403633, -0.0, 0.052044, -0.403573, 0.913466, 0.4, 0.968978, 0.241703, 0.051579, 0.0, 0.0, 0.0, 0.0, 1.0],
                [-0.241604, 0.882444, 0.403633, -0.0, 0.052044, -0.403573, 0.913466, 0.4, 0.968978, 0.241703, 0.051579, 0.0, 0.0, 0.0, 0.0, 1.0],
                [0.21389, 0.952118, 0.218455, -0.0, -0.092817, -0.20281, 0.974809, 0.4, 0.972438, -0.228778, 0.044994, 0.0, 0.0, 0.0, 0.0, 1.0],
                [0.21389, 0.952118, 0.218455, -0.0, -0.092817, -0.20281, 0.974809, 0.4, 0.972438, -0.228778, 0.044994, 0.0, 0.0, 0.0, 0.0, 1.0],
                [0.220802, 0.952372, 0.21032, -0.0, -0.053661, -0.203453, 0.977613, 0.4, 0.973841, -0.227144, 0.006182, 0.0, 0.0, 0.0, 0.0, 1.0],
                [0.220802, 0.952372, 0.21032, -0.0, -0.053661, -0.203453, 0.977613, 0.4, 0.973841, -0.227144, 0.006182, 0.0, 0.0, 0.0, 0.0, 1.0],
                [0.220802, 0.952372, 0.21032, -0.0, -0.053661, -0.203453, 0.977613, 0.4, 0.973841, -0.227144, 0.006182, 0.0, 0.0, 0.0, 0.0, 1.0],
                [0.051903, 0.975442, 0.214052, -0.0, -0.091486, -0.208796, 0.973671, 0.4, 0.994453, -0.070119, 0.078403, 0.0, 0.0, 0.0, 0.0, 1.0]
            ]
        },
        {
            "name": "Arm_R",
            "time": [0.0, 0.1167, 0.2833, 0.5833, 0.6, 0.6167, 0.65, 0.6833, 0.8167, 2.1667, 2.1833, 2.7, 3.2167, 3.5833, 3.7167, 4.0, 4.3833, 4.8667],
            "transform": [
                [-0.251675, -0.936639, 0.243655, 0.0, -0.591568, -0.050373, -0.80468, 0.39386, 0.765968, -0.346656, -0.541408, 0.0, 0.0, 0.0, 0.0, 1.0],
                [-0.295906, -0.918159, 0.263484, 0.0, -0.591734, -0.04034, -0.805123, 0.39386, 0.74986, -0.394153, -0.531369, 0.0, 0.0, 0.0, 0.0, 1.0],
                [-0.334933, -0.899412, 0.280853, 0.0, -0.59148, -0.031331, -0.80571, 0.393861, 0.733465, -0.435978, -0.521491, -0.0, 0.0, 0.0, 0.0, 1.0],
                [-0.345227, -0.894068, 0.285414, 0.0, -0.591348, -0.028929, -0.805898, 0.393861, 0.728784, -0.446996, -0.518718, 0.0, 0.0, 0.0, 0.0, 1.0],
                [-0.392524, -0.809732, 0.436186, 0.0, -0.571357, -0.156964, -0.805552, 0.393861, 0.720747, -0.565417, -0.401034, 0.0, 0.0, 0.0, 0.0, 1.0],
                [-0.441532, -0.691236, 0.57205, 0.0, -0.556585, -0.289062, -0.778881, 0.393861, 0.703749, -0.662297, -0.257101, 0.0, 0.0, 0.0, 0.0, 1.0],
                [-0.444343, -0.683346, 0.579308, -0.0, -0.555894, -0.296784, -0.776467, 0.393861, 0.702525, -0.667052, -0.247994, 0.0, 0.0, 0.0, 0.0, 1.0],
                [-0.446831, -0.676266, 0.585668, -0.0, -0.555301, -0.303617, -0.774246, 0.393861, 0.701415, -0.67118, -0.239866, -0.0, 0.0, 0.0, 0.0, 1.0],
                [-0.446831, -0.676266, 0.585668, -0.0, -0.555301, -0.303617, -0.774246, 0.39386, 0.701415, -0.67118, -0.239866, 1e-06, 0.0, 0.0, 0.0, 1.0],
                [-0.446831, -0.676266, 0.585668, -0.0, -0.555301, -0.303617, -0.774246, 0.39386, 0.701415, -0.67118, -0.239866, 1e-06, 0.0, 0.0, 0.0, 1.0],
                [0.678798, 0.632586, -0.372919, 0.0, 0.401222, 0.105835, 0.909846, 0.393861, 0.615024, -0.767225, -0.181967, 0.0, 0.0, 0.0, 0.0, 1.0],
                [0.678798, 0.632586, -0.372919, 0.0, 0.401222, 0.105835, 0.909846, 0.393861, 0.615024, -0.767225, -0.181967, 0.0, 0.0, 0.0, 0.0, 1.0],
                [0.341572, -0.903977, -0.257204, 0.0, -0.167697, 0.210653, -0.963069, 0.39386, 0.924774, 0.37209, -0.079641, 0.0, 0.0, 0.0, 0.0, 1.0],
                [0.341572, -0.903977, -0.257204, 0.0, -0.167697, 0.210653, -0.963069, 0.39386, 0.924774, 0.37209, -0.079641, 0.0, 0.0, 0.0, 0.0, 1.0],
                [0.22159, -0.922549, -0.315914, 0.0, -0.214252, 0.26999, -0.938723, 0.39386, 0.951312, 0.275697, -0.137831, 0.0, 0.0, 0.0, 0.0, 1.0],
                [0.22159, -0.922549, -0.315914, 0.0, -0.214252, 0.26999, -0.938723, 0.39386, 0.951312, 0.275697, -0.137831, 0.0, 0.0, 0.0, 0.0, 1.0],
                [0.134648, -0.148922, -0.979639, 0.0, 0.626473, 0.778775, -0.032281, 0.393861, 0.767725, -0.609371, 0.198156, 0.0, 0.0, 0.0, 0.0, 1.0],
                [0.023432, 0.036603, -0.999055, 0.0, 0.900932, 0.432383, 0.036972, 0.39386, 0.433328, -0.900947, -0.022845, -0.0, 0.0, 0.0, 0.0, 1.0]
            ]
        },
        {
            "name": "Hand_R",
            "time": [0.0, 0.5833, 0.6, 0.6167, 0.65, 0.6833, 0.8167, 2.1667, 2.1833, 2.7, 3.2167, 3.5833, 3.7167, 4.0, 4.3833, 4.8667],
            "transform": [
                [1.0, 0.0, 0.0, -0.0, -0.0, 0.867446, -0.497532, 0.3, -0.0, 0.497533, 0.867445, 0.0, 0.0, 0.0, 0.0, 1.0],
                [1.0, 0.0, -0.0, 0.0, -0.0, 0.867445, -0.497532, 0.3, -0.0, 0.497532, 0.867445, -0.0, 0.0, 0.0, 0.0, 1.0],
                [1.0, 0.0, 0.0, 0.0, -0.0, 0.929067, -0.36991, 0.3, -0.0, 0.36991, 0.929067, -0.0, 0.0, 0.0, 0.0, 1.0],
                [1.0, 0.0, 0.0, -0.0, -0.0, 0.97362, -0.228177, 0.3, -0.0, 0.228177, 0.973619, 0.0, 0.0, 0.0, 0.0, 1.0],
                [1.0, 0.0, 0.0, -0.0, 0.0, 0.975632, -0.219413, 0.3, -0.0, 0.219413, 0.975632, -0.0, 0.0, 0.0, 0.0, 1.0],
                [1.0, 0.0, 0.0, 0.0, 0.0, 0.977353, -0.211615, 0.3, -0.0, 0.211615, 0.977353, -0.0, 0.0, 0.0, 0.0, 1.0],
                [1.0, 0.0, 0.0, -0.0, 0.0, 0.977353, -0.211615, 0.3, -0.0, 0.211615, 0.977353, -0.0, 0.0, 0.0, 0.0, 1.0],
                [1.0, 0.0, 0.0, -0.0, 0.0, 0.977353, -0.211615, 0.3, -0.0, 0.211615, 0.977353, -0.0, 0.0, 0.0, 0.0, 1.0],
                [1.0, 0.0, 0.0, -0.0, 0.0, 0.322514, -0.946565, 0.3, -0.0, 0.946565, 0.322514, 0.0, 0.0, 0.0, 0.0, 1.0],
                [1.0, 0.0, 0.0, -0.0, 0.0, 0.322514, -0.946565, 0.3, -0.0, 0.946565, 0.322514, 0.0, 0.0, 0.0, 0.0, 1.0],
                [0.999627, -0.027292, 0.000153, -0.0, 0.008626, 0.31065, -0.950485, 0.3, 0.025893, 0.950132, 0.31077, 0.0, 0.0, 0.0, 0.0, 1.0],
                [0.999627, -0.027292, 0.000153, -0.0, 0.008626, 0.31065, -0.950485, 0.3, 0.025893, 0.950132, 0.31077, 0.0, 0.0, 0.0, 0.0, 1.0],
                [0.999757, 0.0, -0.022031, -0.0, -0.021629, 0.190263, -0.981495, 0.3, 0.004192, 0.981733, 0.190216, 0.0, 0.0, 0.0, 0.0, 1.0],
                [0.999757, 0.0, -0.022031, -0.0, -0.021629, 0.190263, -0.981495, 0.3, 0.004192, 0.981733, 0.190216, 0.0, 0.0, 0.0, 0.0, 1.0],
                [0.999757, 0.0, -0.022031, -0.0, -0.021629, 0.190262, -0.981495, 0.3, 0.004192, 0.981733, 0.190216, 0.0, 0.0, 0.0, 0.0, 1.0],
                [1.0, -0.0, -0.0, 0.0, 0.0, 0.990481, -0.137651, 0.3, -0.0, 0.137651, 0.990481, 0.0, 0.0, 0.0, 0.0, 1.0]
            ]
        },
        {
            "name": "Tool_R",
            "time": [0.0, 0.1167, 0.2833, 0.5833, 0.6, 0.6167, 0.65, 0.6833, 0.8167, 2.1667, 2.1833, 2.7, 3.0167, 3.1, 3.1333, 3.2167, 3.5833, 3.7167, 4.0, 4.3833, 4.8667],
            "transform": [
                [0.803006, 0.438333, 0.40379, 0.0, 0.595617, -0.613599, -0.518397, 0.272858, 0.020534, 0.65678, -0.753802, 0.0, 0.0, 0.0, 0.0, 1.0],
                [0.903086, 0.280308, 0.325367, 0.0, 0.424535, -0.697094, -0.57778, 0.272858, 0.064855, 0.659914, -0.748537, -0.0, 0.0, 0.0, 0.0, 1.0],
                [0.960951, 0.125219, 0.246766, -0.0, 0.256295, -0.738986, -0.623067, 0.272858, 0.104337, 0.661982, -0.742222, 0.0, 0.0, 0.0, 0.0, 1.0],
                [0.970966, 0.082577, 0.224511, 0.0, 0.20985, -0.744571, -0.633701, 0.272858, 0.114835, 0.662416, -0.740282, -0.0, 0.0, 0.0, 0.0, 1.0],
                [0.921437, 0.214211, 0.324142, -0.0, 0.387111, -0.57736, -0.718888, 0.272858, 0.033153, 0.787889, -0.614924, 0.0, 0.0, 0.0, 0.0, 1.0],
                [0.82911, 0.294351, 0.475325, -0.0, 0.556576, -0.354097, -0.751557, 0.272858, -0.052911, 0.887678, -0.457414, -0.0, 0.0, 0.0, 0.0, 1.0],
                [0.822285, 0.296835, 0.485528, -0.0, 0.566099, -0.339502, -0.75118, 0.272858, -0.058139, 0.89254, -0.447205, 0.0, 0.0, 0.0, 0.0, 1.0],
                [0.816109, 0.298792, 0.49466, 0.0, 0.574477, -0.326463, -0.750599, 0.272858, -0.062784, 0.896742, -0.438079, -0.0, 0.0, 0.0, 0.0, 1.0],
                [0.816109, 0.298792, 0.49466, -0.0, 0.574477, -0.326463, -0.750599, 0.272858, -0.062784, 0.896742, -0.438079, 0.0, 0.0, 0.0, 0.0, 1.0],
                [0.816109, 0.298792, 0.49466, -0.0, 0.574477, -0.326463, -0.750599, 0.272858, -0.062784, 0.896742, -0.438079, 0.0, 0.0, 0.0, 0.0, 1.0],
                [-0.960296, 0.102245, -0.259572, -0.0, -0.141863, -0.980112, 0.138764, 0.272858, -0.240222, 0.170078, 0.955702, 0.0, 0.0, 0.0, 0.0, 1.0],
                [-0.960296, 0.102245, -0.259572, -0.0, -0.141863, -0.980112, 0.138764, 0.272858, -0.240222, 0.170078, 0.955702, 0.0, 0.0, 0.0, 0.0, 1.0],
                [-0.428891, 0.076034, 0.900151, 0.0, -0.128892, -0.991407, 0.02233, 0.272858, 0.894114, -0.106445, 0.435006, 0.0, 0.0, 0.0, 0.0, 1.0],
                [-0.151418, 0.151142, 0.976846, 0.0, -0.35351, -0.931161, 0.089277, 0.272858, 0.923095, -0.331807, 0.194425, 0.0, 0.0, 0.0, 0.0, 1.0],
                [-0.116336, 0.102749, 0.987881, -0.0, 0.016621, -0.994294, 0.105373, 0.272858, 0.993071, 0.028679, 0.113964, 0.0, 0.0, 0.0, 0.0, 1.0],
