{
    "animation": [
        {
            "name": "Root",
            "time": [0.0, 0.0455, 0.255],
            "transform": [
                [1.0, 0.0, 0.0, -5e-06, 0.0, 0.148362, -0.988933, 0.000946, 0.0, 0.988933, 0.148362, 0.451829, 0.0, 0.0, 0.0, 1.0],
                [1.0, 0.0, 0.0, -5e-06, 0.0, 0.148362, -0.988933, 1.463076, 0.0, 0.988933, 0.148362, 0.628749, 0.0, 0.0, 0.0, 1.0],
                [1.0, 0.0, 0.0, -5e-06, 0.0, 0.148362, -0.988933, 10.748829, 0.0, 0.988933, 0.148362, 0.557292, 0.0, 0.0, 0.0, 1.0]
            ]
        },
        {
            "name": "Thigh_R",
            "time": [0.0, 0.0455, 0.255],
            "transform": [
                [1.0, -0.0, -0.0, 0.124994, 0.0, -0.668534, -0.743681, -0.002831, -0.0, 0.743681, -0.668534, -1.2e-05, 0.0, 0.0, 0.0, 1.0],
                [0.989928, 0.00284, -0.141542, 0.124994, 0.10399, -0.693012, 0.713386, -0.002831, -0.096065, -0.72092, -0.686328, -1.2e-05, 0.0, 0.0, 0.0, 1.0],
                [0.989928, 0.00284, -0.141542, 0.124994, -0.088346, -0.76884, -0.633308, -0.002831, -0.110622, 0.639435, -0.760845, -1.2e-05, 0.0, 0.0, 0.0, 1.0]
            ]
        },
        {
            "name": "Leg_R",
            "time": [0.0, 0.0455, 0.255],
            "transform": [
                [1.0, 0.0, 1e-06, 0.0, -0.0, 0.967864, 0.251472, 0.37472, -1e-06, -0.251472, 0.967864, 0.0, 0.0, 0.0, 0.0, 1.0],
                [1.0, -1e-06, -1e-06, 0.0, 0.0, -0.580121, 0.81453, 0.37472, -1e-06, -0.81453, -0.580121, 0.0, 0.0, 0.0, 0.0, 1.0],
                [0.989329, -0.129511, -0.066739, -0.0, 0.106086, 0.326363, 0.939273, 0.374721, -0.099865, -0.93633, 0.33662, 0.0, 0.0, 0.0, 0.0, 1.0]
            ]
        },
        {
            "name": "Knee_R",
            "time": [0.0, 0.0455, 0.255],
            "transform": [
                [1.0, 0.0, -0.0, 0.0, -0.0, 1e-06, -1.0, 0.37472, -0.0, 1.0, 1e-06, 0.0, 0.0, 0.0, 0.0, 1.0],
                [1.0, 0.0, -0.0, 0.0, -0.0, 0.841837, -0.539732, 0.37472, 0.0, 0.539732, 0.841837, 0.0, 0.0, 0.0, 0.0, 1.0],
                [0.998152, 0.043863, -0.042053, -0.0, -0.059104, 0.540114, -0.839514, 0.374721, -0.01411, 0.840448, 0.541708, 0.0, 0.0, 0.0, 0.0, 1.0]
            ]
        },
        {
            "name": "Thigh_L",
            "time": [0.0, 0.0455, 0.255],
            "transform": [
                [1.0, -0.0, 0.0, -0.125006, -0.0, -0.5181, 0.85532, -0.002831, 0.0, -0.85532, -0.5181, -1.2e-05, 0.0, 0.0, 0.0, 1.0],
                [1.0, 0.0, -0.0, -0.125006, -0.0, -0.398704, -0.917079, -0.002831, -0.0, 0.91708, -0.398704, -1.2e-05, 0.0, 0.0, 0.0, 1.0],
                [1.0, 0.0, -0.0, -0.125006, -0.0, -0.398704, -0.917079, -0.002831, -0.0, 0.91708, -0.398704, -1.2e-05, 0.0, 0.0, 0.0, 1.0]
            ]
        },
        {
            "name": "Leg_L",
            "time": [0.0, 0.0455, 0.255],
            "transform": [
                [1.0, -1e-06, -0.0, -0.0, 0.0, -0.297782, 0.954634, 0.37472, -1e-06, -0.954634, -0.297782, 0.0, 0.0, 0.0, 0.0, 1.0],
                [1.0, -0.0, 1e-06, 0.0, -0.0, 0.924627, 0.380873, 0.37472, -1e-06, -0.380873, 0.924627, -0.0, 0.0, 0.0, 0.0, 1.0],
                [1.0, -0.0, 1e-06, -0.0, -0.0, 0.924627, 0.380873, 0.37472, -1e-06, -0.380873, 0.924627, -0.0, 0.0, 0.0, 0.0, 1.0]
            ]
        },
        {
            "name": "Knee_L",
            "time": [0.0, 0.0455, 0.255],
            "transform": [
                [1.0, 0.0, -0.0, -0.0, -0.0, 0.654864, -0.755747, 0.37472, 0.0, 0.755747, 0.654864, 0.0, 0.0, 0.0, 0.0, 1.0],
                [1.0, 0.0, -0.0, 0.0, -0.0, 0.184533, -0.982826, 0.37472, 0.0, 0.982826, 0.184533, -0.0, 0.0, 0.0, 0.0, 1.0],
                [1.0, 0.0, -0.0, -0.0, -0.0, 0.184533, -0.982826, 0.37472, 0.0, 0.982826, 0.184533, -0.0, 0.0, 0.0, 0.0, 1.0]
            ]
        },
        {
            "name": "Torso",
            "time": [0.0, 0.255],
            "transform": [
                [0.992254, 0.057761, -0.109983, 0.0, -0.007678, 0.912156, 0.409772, 0.05, 0.123991, -0.405753, 0.905533, -0.0, 0.0, 0.0, 0.0, 1.0],
                [0.957731, 0.033479, 0.285711, 0.0, -0.012397, 0.997085, -0.07528, 0.05, -0.287399, 0.068556, 0.955354, 1e-06, 0.0, 0.0, 0.0, 1.0]
            ]
        },
        {
            "name": "Chest",
            "time": [0.0, 0.255],
            "transform": [
                [0.726147, 0.331323, -0.602442, 0.0, -0.334142, 0.935853, 0.111934, 0.3, 0.600883, 0.12002, 0.790275, -0.0, 0.0, 0.0, 0.0, 1.0],
                [0.757094, 0.006912, 0.653269, 0.0, -0.059422, 0.996528, 0.058322, 0.3, -0.650598, -0.082974, 0.754876, -0.0, 0.0, 0.0, 0.0, 1.0]
            ]
        },
        {
            "name": "Head",
            "time": [0.0, 0.255],
            "transform": [
                [0.58619, -0.018091, 0.809972, -0.0, 0.422114, 0.860154, -0.286279, 0.4, -0.691521, 0.509714, 0.51185, 0.0, 0.0, 0.0, 0.0, 1.0],
                [0.534802, -0.091573, -0.840001, 0.0, -0.00504, 0.993747, -0.111543, 0.4, 0.844962, 0.063887, 0.530997, 0.0, 0.0, 0.0, 0.0, 1.0]
            ]
        },
        {
            "name": "Shoulder_R",
            "time": [0.0, 0.255],
            "transform": [
                [-0.411901, 0.897637, 0.156796, -0.0, -0.224269, -0.266642, 0.93734, 0.4, 0.883199, 0.350927, 0.311142, 0.0, 0.0, 0.0, 0.0, 1.0],
                [0.638832, 0.764721, 0.084235, 0.0, 0.046602, -0.147752, 0.987926, 0.4, 0.767933, -0.627193, -0.130026, 0.0, 0.0, 0.0, 0.0, 1.0]
            ]
        },
        {
            "name": "Arm_R",
            "time": [0.0, 0.255],
            "transform": [
                [-0.009788, 0.07167, -0.99738, -0.0, 0.126066, 0.989558, 0.06987, 0.39386, 0.991974, -0.125052, -0.018721, 0.0, 0.0, 0.0, 0.0, 1.0],
                [-0.133381, -0.982036, 0.133474, -0.0, -0.241124, -0.098475, -0.965485, 0.393861, 0.961285, -0.160961, -0.223658, -0.0, 0.0, 0.0, 0.0, 1.0]
            ]
        },
        {
            "name": "Hand_R",
            "time": [0.0, 0.255],
            "transform": [
                [1.0, 0.0, 0.0, -0.0, -0.0, 0.978188, -0.207722, 0.3, -0.0, 0.207722, 0.978188, -0.0, 0.0, 0.0, 0.0, 1.0],
                [1.0, 0.0, -0.0, 0.0, -0.0, 0.542733, -0.839905, 0.3, 0.0, 0.839905, 0.542733, -1e-06, 0.0, 0.0, 0.0, 1.0]
            ]
        },
        {
            "name": "Tool_R",
            "time": [0.0, 0.255],
            "transform": [
                [-1.0, 1e-06, 2e-06, -0.0, -2e-06, -0.089966, -0.995945, 0.272858, -1e-06, -0.995356, 0.089902, 0.0, 0.0, 0.0, 0.0, 1.0],
                [-1.0, 1e-06, 2e-06, 0.0, -2e-06, -0.089966, -0.995945, 0.272858, -1e-06, -0.995356, 0.089902, 1e-06, 0.0, 0.0, 0.0, 1.0]
            ]
        },
        {
            "name": "Elbow_R",
            "time": [0.0, 0.255],
            "transform": [
                [-1.0, 0.0, -0.0, -0.0, 0.0, 0.145524, -0.989355, 0.3, -0.0, -0.989355, -0.145524, -0.0, 0.0, 0.0, 0.0, 1.0],
                [-1.0, 0.0, -0.0, 0.0, 0.0, -0.0, -1.0, 0.3, -0.0, -1.0, 0.0, -1e-06, 0.0, 0.0, 0.0, 1.0]
            ]
        },
        {
            "name": "Shoulder_L",
            "time": [0.0, 0.255],
            "transform": [
                [0.444665, -0.863816, -0.236842, -0.0, 0.076406, -0.226877, 0.970922, 0.4, -0.892432, -0.449831, -0.034884, 0.0, 0.0, 0.0, 0.0, 1.0],
                [-0.183823, -0.9342, -0.305743, 0.0, -0.059029, -0.299991, 0.952114, 0.4, -0.981185, 0.193068, 0.0, 0.0, 0.0, 0.0, 0.0, 1.0]
            ]
        },
        {
            "name": "Arm_L",
            "time": [0.0, 0.255],
            "transform": [
                [0.306519, 0.938115, -0.161204, -0.0, 0.346461, -0.267694, -0.899058, 0.39386, -0.886573, 0.219727, -0.407073, -0.0, 0.0, 0.0, 0.0, 1.0],
                [-0.0, 0.0, 1.0, 0.0, 0.159265, 0.987236, -0.0, 0.39386, -0.987236, 0.159265, -0.0, 0.0, 0.0, 0.0, 0.0, 1.0]
            ]
        },
        {
            "name": "Hand_L",
            "time": [0.0, 0.255],
            "transform": [
                [1.0, 0.0, 0.0, -0.0, -0.0, 0.737121, -0.675761, 0.3, -0.0, 0.675761, 0.737121, -0.0, 0.0, 0.0, 0.0, 1.0],
                [1.0, 0.0, 0.0, -0.0, -0.0, 0.996861, -0.079177, 0.300001, -0.0, 0.079177, 0.996861, -0.0, 0.0, 0.0, 0.0, 1.0]
            ]
        },
        {
            "name": "Tool_L",
            "time": [0.0, 0.255],
            "transform": [
                [0.998168, -0.060507, 1.6e-05, -0.0, -0.033085, -0.546018, -0.83712, 0.272858, 0.05063, 0.835088, -0.546706, -0.0, 0.0, 0.0, 0.0, 1.0],
                [1.0, -0.0, 0.0, -0.0, 0.0, -0.079658, -0.996822, 0.272858, 0.0, 0.996235, -0.079621, -0.0, 0.0, 0.0, 0.0, 1.0]
            ]
        },
        {
            "name": "Elbow_L",
            "time": [0.0, 0.255],
            "transform": [
                [-1.0, 0.0, 0.0, -0.0, -0.0, 0.251276, -0.967916, 0.3, -0.0, -0.967915, -0.251276, -0.0, 0.0, 0.0, 0.0, 1.0],
                [-1.0, 0.0, -0.0, -0.0, 0.0, 0.099042, -0.995083, 0.300001, -0.0, -0.995083, -0.099042, -0.0, 0.0, 0.0, 0.0, 1.0]
            ]
        }
    ]
}