{
    "animation": [
        {
            "name": "Root",
            "time": [0.0, 0.1, 0.1667, 0.2, 0.2333, 0.3, 0.5, 0.6, 0.7],
            "transform": [
                [-0.328518, -0.001427, 0.944497, -5e-06, 0.937466, 0.121302, 0.326256, 0.200946, -0.115035, 0.992615, -0.038512, 0.42762, 0.0, 0.0, 0.0, 1.0],
                [0.733741, -0.001427, 0.679428, -5e-06, 0.664879, 0.207353, -0.717594, 0.400946, -0.139857, 0.978265, 0.153092, 0.52762, 0.0, 0.0, 0.0, 1.0],
                [0.688224, 0.008073, 0.725453, -5e-06, 0.678593, 0.346546, -0.647625, 0.767613, -0.256631, 0.937998, 0.233023, 0.63762, 0.0, 0.0, 0.0, 1.0],
                [0.638992, 0.008073, 0.769171, -5e-06, 0.672496, 0.479559, -0.563712, 1.33428, -0.373414, 0.877472, 0.301005, 0.74762, 0.0, 0.0, 0.0, 1.0],
                [0.77724, -0.001427, 0.629202, -5e-06, 0.503387, 0.601358, -0.620459, 2.000947, -0.37749, 0.798978, 0.468118, 0.65762, 0.0, 0.0, 0.0, 1.0],
                [0.828999, 0.023252, 0.558767, -5e-06, 0.459714, 0.540636, -0.704539, 2.000947, -0.318471, 0.840935, 0.437497, 0.59762, 0.0, 0.0, 0.0, 1.0],
                [0.947208, 0.056724, 0.315561, -5e-06, 0.280096, 0.332548, -0.900532, 2.000947, -0.156021, 0.941379, 0.299104, 0.51762, 0.0, 0.0, 0.0, 1.0],
                [0.998456, 0.05555, 0.000555, -5e-06, -0.008567, 0.163836, -0.98645, 2.000947, -0.054888, 0.984922, 0.164059, 0.629939, 0.0, 0.0, 0.0, 1.0],
                [0.951056, -0.0, -0.309017, -5e-06, -0.309017, 0.0, -0.951056, 2.000947, 0.0, 1.0, -0.0, 0.702258, 0.0, 0.0, 0.0, 1.0]
            ]
        },
        {
            "name": "Thigh_R",
            "time": [0.0, 0.1, 0.1667, 0.2, 0.2333, 0.3, 0.5, 0.6, 0.7],
            "transform": [
                [0.965717, 0.207217, -0.156178, 0.124536, 0.23808, -0.468263, 0.85088, 0.007864, 0.103186, -0.858919, -0.501559, 6.2e-05, 0.0, 0.0, 0.0, 1.0],
                [0.950375, 0.128364, -0.283267, 0.124536, 0.285002, 0.005002, 0.958491, 0.007864, 0.124454, -0.991692, -0.031832, 6.2e-05, 0.0, 0.0, 0.0, 1.0],
                [0.949609, 0.066198, -0.306265, 0.124688, 0.263141, 0.362133, 0.894185, 0.004299, 0.170105, -0.929747, 0.326476, 3.7e-05, 0.0, 0.0, 0.0, 1.0],
                [0.659199, 0.743855, -0.109924, 0.124841, 0.048482, 0.103835, 0.993388, 0.000734, 0.750363, -0.66019, 0.032385, 1.3e-05, 0.0, 0.0, 0.0, 1.0],
                [0.823368, 0.561536, -0.08178, 0.124639, 0.206553, -0.162349, 0.964846, 0.004073, 0.528531, -0.811338, -0.249667, 0.006391, 0.0, 0.0, 0.0, 1.0],
                [0.950792, 0.258996, -0.169888, 0.124728, 0.203981, -0.110818, 0.972657, 0.002347, 0.233093, -0.959473, -0.158199, 0.00479, 0.0, 0.0, 0.0, 1.0],
                [0.98509, 0.12092, -0.122153, 0.124994, 0.134834, -0.102915, 0.985483, -0.00283, 0.106595, -0.987288, -0.117688, -1.2e-05, 0.0, 0.0, 0.0, 1.0],
                [0.981198, 0.180231, 0.068843, 0.123551, 0.066124, -0.64936, 0.757584, 0.007524, 0.181247, -0.738797, -0.649078, -0.000136, 0.0, 0.0, 0.0, 1.0],
                [0.975843, 0.084782, 0.201354, 0.122107, 0.078514, -0.996151, 0.038928, 0.01788, 0.20388, -0.022179, -0.978745, -0.000259, 0.0, 0.0, 0.0, 1.0]
            ]
        },
        {
            "name": "Leg_R",
            "time": [0.0, 0.1, 0.1667, 0.2, 0.2333, 0.3, 0.5, 0.6, 0.7],
            "transform": [
                [0.984099, 0.17731, -0.010136, 0.0, 0.037264, -0.150348, 0.987931, 0.37472, 0.173645, -0.972604, -0.154565, 0.0, 0.0, 0.0, 0.0, 1.0],
                [0.997941, -0.023368, -0.059704, 0.0, 0.039327, -0.512339, 0.857882, 0.37472, -0.050636, -0.858464, -0.510367, 0.0, 0.0, 0.0, 0.0, 1.0],
                [0.998102, -0.018138, -0.058822, -0.0, 0.036983, -0.5872, 0.808596, 0.37472, -0.049206, -0.809238, -0.585416, 0.0, 0.0, 0.0, 0.0, 1.0],
                [0.998851, -0.024483, -0.041135, -0.0, 0.044202, 0.141851, 0.9889, 0.374721, -0.018376, -0.989585, 0.14277, -0.0, 0.0, 0.0, 0.0, 1.0],
                [0.999412, -0.031154, -0.014131, 0.0, 0.033715, 0.827114, 0.561021, 0.37472, -0.00579, -0.56117, 0.827679, 0.0, 0.0, 0.0, 0.0, 1.0],
                [0.999705, -0.004579, -0.023736, 0.0, 0.020043, 0.705963, 0.707964, 0.37472, 0.013514, -0.708234, 0.705847, -0.0, 0.0, 0.0, 0.0, 1.0],
                [0.999331, 0.013959, -0.033758, -0.0, 0.027597, 0.316992, 0.948025, 0.37472, 0.023935, -0.948325, 0.316395, -0.0, 0.0, 0.0, 0.0, 1.0],
                [0.999613, -0.012271, -0.024921, 0.0, 0.025023, 0.787352, 0.615995, 0.37472, 0.012062, -0.616381, 0.787355, -0.0, 0.0, 0.0, 0.0, 1.0],
                [0.999534, -0.030106, -0.004999, -0.0, 0.030408, 0.96861, 0.24672, 0.37472, -0.002585, -0.246757, 0.969074, -0.0, 0.0, 0.0, 0.0, 1.0]
            ]
        },
        {
            "name": "Knee_R",
            "time": [0.0, 0.1, 0.1667, 0.2, 0.2333, 0.5, 0.6, 0.7],
            "transform": [
                [0.995176, 0.086594, -0.046111, 0.0, -0.095724, 0.75415, -0.649688, 0.37472, -0.021485, 0.650968, 0.758801, 0.0, 0.0, 0.0, 0.0, 1.0],
                [0.999311, -0.029067, -0.023061, 0.0, 0.013869, 0.8691, -0.494444, 0.37472, 0.034413, 0.493782, 0.868903, 0.0, 0.0, 0.0, 0.0, 1.0],
                [0.999348, -0.027088, -0.023865, -0.0, 0.013272, 0.890437, -0.454912, 0.37472, 0.033573, 0.454299, 0.890217, 0.0, 0.0, 0.0, 0.0, 1.0],
                [0.999673, -0.019914, -0.01601, -0.0, 0.000938, 0.654742, -0.755852, 0.374721, 0.025534, 0.75559, 0.654547, -0.0, 0.0, 0.0, 0.0, 1.0],
                [0.99985, -0.016638, -0.004734, 0.0, 0.000359, 0.293542, -0.955946, 0.37472, 0.017295, 0.955801, 0.293504, 0.0, 0.0, 0.0, 0.0, 1.0],
                [0.999816, 0.001537, -0.019139, -0.0, -0.016428, 0.58441, -0.811291, 0.37472, 0.009938, 0.811457, 0.584328, -0.0, 0.0, 0.0, 0.0, 1.0],
                [0.999901, -0.008222, -0.011439, 0.0, -0.008134, 0.325976, -0.945343, 0.37472, 0.011502, 0.945342, 0.325876, -0.0, 0.0, 0.0, 0.0, 1.0],
                [0.999883, -0.01521, -0.001566, -0.0, 0.000338, 0.124355, -0.992238, 0.37472, 0.015287, 0.992121, 0.124346, -0.0, 0.0, 0.0, 0.0, 1.0]
            ]
        },
        {
            "name": "Thigh_L",
            "time": [0.0, 0.1, 0.1333, 0.1667, 0.2, 0.2333, 0.5, 0.6, 0.7],
            "transform": [
                [0.986189, -0.16399, -0.020153, -0.124548, -0.111479, -0.750424, 0.65136, -0.013525, -0.121952, -0.64016, -0.758392, -8.5e-05, 0.0, 0.0, 0.0, 1.0],
                [0.942157, -0.241028, -0.232645, -0.124548, -0.205211, -0.964133, 0.167853, -0.013525, -0.264788, -0.11041, -0.957873, -8.5e-05, 0.0, 0.0, 0.0, 1.0],
                [0.944047, -0.270227, -0.188765, -0.124624, -0.268294, -0.962571, 0.036252, -0.011742, -0.191518, 0.016422, -0.981259, -7.3e-05, 0.0, 0.0, 0.0, 1.0],
                [0.973912, -0.1814, -0.135924, -0.1247, -0.18309, -0.983013, 0.000104, -0.00996, -0.13365, 0.024787, -0.990625, -6.1e-05, 0.0, 0.0, 0.0, 1.0],
                [0.970111, -0.221731, 0.134685, -0.124853, -0.200456, -1.077308, -0.021995, -0.006395, 0.136357, -0.006227, -0.990551, -3.6e-05, 0.0, 0.0, 0.0, 1.0],
                [0.94731, 0.074053, 0.311458, -0.124651, -0.028466, -0.949462, 0.312315, -0.009734, 0.318885, -0.304744, -0.897368, -0.006415, 0.0, 0.0, 0.0, 1.0],
                [0.999948, 0.002595, -0.000528, -0.125006, 0.002639, -0.960125, 0.279252, -0.00283, 0.000218, -0.279256, -0.960117, -1.2e-05, 0.0, 0.0, 0.0, 1.0],
                [0.999631, 0.007976, 0.02505, -0.12978, 0.000327, -0.956506, 0.291486, 0.007525, 0.026288, -0.291378, -0.956174, -0.003125, 0.0, 0.0, 0.0, 1.0],
                [0.994844, -0.079332, 0.063181, -0.134553, -0.090955, -0.973503, 0.209808, 0.01788, 0.044863, -0.214473, -0.975699, -0.006238, 0.0, 0.0, 0.0, 1.0]
            ]
        },
        {
            "name": "Leg_L",
            "time": [0.0, 0.1, 0.1333, 0.1667, 0.2, 0.2333, 0.5, 0.6, 0.7],
            "transform": [
                [0.998338, -0.057039, 0.008164, -0.0, -0.0209, -0.226412, 0.973803, 0.37472, -0.053698, -0.972334, -0.227233, 0.0, 0.0, 0.0, 0.0, 1.0],
                [0.995879, -0.077041, 0.047791, 0.0, 0.008689, 0.60583, 0.795527, 0.37472, -0.090244, -0.791846, 0.603997, 0.0, 0.0, 0.0, 0.0, 1.0],
                [0.997765, -0.050988, 0.051517, -0.0, 0.008706, 1.017176, 0.530479, 0.37472, -0.066209, -0.634627, 0.846108, 0.0, 0.0, 0.0, 0.0, 1.0],
                [0.998667, -0.030407, 0.04353, -0.0, 0.001118, 0.941148, 0.517646, 0.37472, -0.051554, -0.568614, 0.854461, 0.0, 0.0, 0.0, 0.0, 1.0],
                [0.999572, 0.000293, 0.029173, -0.0, -0.014492, 0.872855, 0.487755, 0.37472, -0.025321, -0.48798, 0.87247, 0.0, 0.0, 0.0, 0.0, 1.0],
                [0.999857, 0.004469, 0.016128, 0.0, -0.016311, 0.044473, 0.998858, 0.37472, 0.003747, -0.998995, 0.044539, 0.0, 0.0, 0.0, 0.0, 1.0],
                [0.999624, -0.018737, 0.01991, 0.0, -0.008061, 0.493857, 0.869494, 0.37472, -0.026125, -0.869328, 0.493522, -0.0, 0.0, 0.0, 0.0, 1.0],
                [0.999821, 0.005448, 0.018039, 0.0, -0.016317, 0.729155, 0.684145, 0.37472, -0.009426, -0.684326, 0.729106, -0.0, 0.0, 0.0, 0.0, 1.0],
                [0.999594, 0.027716, 0.006558, 0.0, -0.028402, 0.952888, 0.301986, 0.37472, 0.00212, -0.30205, 0.95329, 0.0, 0.0, 0.0, 0.0, 1.0]
            ]
        },
        {
            "name": "Knee_L",
            "time": [0.0, 0.1, 0.1667, 0.2, 0.2333, 0.5, 0.6, 0.7],
            "transform": [
                [0.999487, -0.026555, 0.017865, -0.0, 0.031906, 0.782719, -0.621556, 0.37472, 0.002522, 0.621808, 0.783165, 0.0, 0.0, 0.0, 0.0, 1.0],
                [0.998914, -0.032957, 0.032946, 0.0, 0.044146, 0.442807, -0.895527, 0.37472, 0.014925, 0.896012, 0.443783, 0.0, 0.0, 0.0, 0.0, 1.0],
                [0.999661, -0.010845, 0.023663, -0.0, 0.025707, 0.268516, -0.962932, 0.37472, 0.004089, 0.963215, 0.268704, 0.0, 0.0, 0.0, 0.0, 1.0],
                [0.999909, 0.002348, 0.014703, -0.0, 0.013467, 0.250677, -0.961988, 0.37472, -0.005305, 0.973842, 0.253686, 0.0, 0.0, 0.0, 0.0, 1.0],
                [0.99996, 0.005472, 0.007166, 0.0, 0.001397, 0.691184, -0.722673, 0.37472, -0.008908, 0.722659, 0.691153, 0.0, 0.0, 0.0, 0.0, 1.0],
                [0.9999, -0.006682, 0.012483, 0.0, 0.01415, 0.503028, -0.864152, 0.37472, -0.000505, 0.864247, 0.503075, -0.0, 0.0, 0.0, 0.0, 1.0],
                [0.999954, 0.004445, 0.008499, 0.0, 0.006267, 0.367974, -0.929814, 0.37472, -0.00726, 0.929826, 0.36793, -0.0, 0.0, 0.0, 0.0, 1.0],
                [0.999898, 0.014112, 0.002212, 0.0, 3e-05, 0.152829, -0.988253, 0.37472, -0.014284, 0.988152, 0.152813, 0.0, 0.0, 0.0, 0.0, 1.0]
            ]
        },
        {
            "name": "Torso",
            "time": [0.0, 0.1, 0.1333, 0.1667, 0.2, 0.2333, 0.5, 0.6, 0.7],
            "transform": [
                [0.973239, -0.170474, 0.154092, 0.0, 0.177804, 0.983443, -0.03501, 0.05, -0.145572, 0.061472, 0.987436, 0.0, 0.0, 0.0, 0.0, 1.0],
                [0.953439, -0.155224, 0.258572, -0.0, 0.232845, 0.923771, -0.304025, 0.05, -0.191669, 0.350077, 0.916902, 0.0, 0.0, 0.0, 0.0, 1.0],
                [0.986747, 0.009609, 0.161984, 0.0, 0.013678, 0.989768, -0.142032, 0.05, -0.161692, 0.142365, 0.976518, -0.0, 0.0, 0.0, 0.0, 1.0],
                [0.991546, -0.057505, 0.116314, -0.0, 0.076886, 0.982493, -0.169695, 0.05, -0.10452, 0.177203, 0.978609, -0.0, 0.0, 0.0, 0.0, 1.0],
                [0.999429, -0.033654, -0.002887, 0.0, 0.033224, 0.99486, -0.095655, 0.05, 0.006091, 0.095505, 0.99541, -0.0, 0.0, 0.0, 0.0, 1.0],
                [0.992866, -0.000377, -0.119235, 0.0, -0.001634, 0.999858, -0.016767, 0.05, 0.119224, 0.016842, 0.992725, -0.0, 0.0, 0.0, 0.0, 1.0],
                [0.997272, -0.027156, 0.06864, 0.0, 0.033743, 0.994741, -0.096701, 0.05, -0.065653, 0.098753, 0.992944, 0.0, 0.0, 0.0, 0.0, 1.0],
                [0.998776, -0.041749, -0.026536, 0.0, 0.040395, 0.997948, -0.049676, 0.05, 0.028556, 0.048544, 0.998413, -0.0, 0.0, 0.0, 0.0, 1.0],
                [0.99119, -0.051469, -0.122044, 0.0, 0.051442, 0.998671, -0.003381, 0.05, 0.122056, -0.002927, 0.992519, -0.0, 0.0, 0.0, 0.0, 1.0]
            ]
        },
        {
            "name": "Chest",
            "time": [0.0, 0.1, 0.1333, 0.1667, 0.2, 0.2333, 0.5, 0.6, 0.7],
            "transform": [
                [0.879259, -0.064255, 0.47199, 0.0, -0.209161, 0.838149, 0.503743, 0.3, -0.427966, -0.541643, 0.723511, -0.0, 0.0, 0.0, 0.0, 1.0],
                [0.539034, -0.401645, 0.740354, -0.0, 0.175471, 0.913246, 0.367683, 0.3, -0.823803, -0.068283, 0.562748, 0.0, 0.0, 0.0, 0.0, 1.0],
                [0.50847, -0.419932, 0.751742, 0.0, 0.225253, 0.907489, 0.354575, 0.3, -0.831095, -0.010959, 0.556023, -0.0, 0.0, 0.0, 0.0, 1.0],
                [0.518278, -0.307617, 0.797972, 0.0, 0.117217, 0.949815, 0.29002, 0.3, -0.847141, -0.056776, 0.528326, -0.0, 0.0, 0.0, 0.0, 1.0],
                [0.452676, -0.20972, 0.866661, -0.0, 0.054114, 0.976617, 0.208063, 0.3, -0.890031, -0.047286, 0.45344, 0.0, 0.0, 0.0, 0.0, 1.0],
                [0.377596, -0.109415, 0.919484, -0.0, -0.001856, 0.992903, 0.118914, 0.3, -0.925969, -0.046608, 0.374713, 0.0, 0.0, 0.0, 0.0, 1.0],
                [0.610899, -0.026755, 0.791257, -0.0, -0.134164, 0.981476, 0.136769, 0.3, -0.780258, -0.18971, 0.595993, -0.0, 0.0, 0.0, 0.0, 1.0],
                [0.860338, 0.044876, 0.507744, 0.0, -0.097563, 0.992198, 0.07762, 0.3, -0.500299, -0.116317, 0.858004, -0.0, 0.0, 0.0, 0.0, 1.0],
                [0.870961, 0.050545, -0.488746, 0.0, -0.037431, 0.99863, 0.036573, 0.3, 0.489924, -0.013559, 0.87166, -0.0, 0.0, 0.0, 0.0, 1.0]
            ]
        },
        {
            "name": "Head",
            "time": [0.0, 0.1, 0.1667, 0.2, 0.2333, 0.5, 0.6, 0.7],
            "transform": [
                [-0.615779, 0.094945, -0.782178, -0.0, -0.322196, 0.875578, 0.359934, 0.4, 0.719032, 0.473654, -0.508572, 0.0, 0.0, 0.0, 0.0, 1.0],
                [-0.188756, 0.5196, -0.833299, 0.0, -0.08792, 0.836203, 0.541327, 0.400001, 0.97808, 0.175442, -0.112155, 0.0, 0.0, 0.0, 0.0, 1.0],
                [-0.299521, 0.17413, -0.938065, 0.0, -0.038323, 0.980215, 0.19419, 0.4, 0.95332, 0.094113, -0.286922, 0.0, 0.0, 0.0, 0.0, 1.0],
                [-0.254771, -0.079149, -0.963757, 0.0, -0.047854, 0.996455, -0.069184, 0.4, 0.965817, 0.028493, -0.257656, 0.0, 0.0, 0.0, 0.0, 1.0],
                [-0.092213, -0.356537, -0.929719, -0.0, -0.078403, 0.933399, -0.350171, 0.4, 0.992648, 0.040602, -0.114025, 0.0, 0.0, 0.0, 0.0, 1.0],
                [0.347327, -0.209992, -0.91393, -0.0, -0.014861, 0.973249, -0.22927, 0.4, 0.937626, 0.093213, 0.334915, 0.0, 0.0, 0.0, 0.0, 1.0],
                [0.872917, -0.123328, -0.472024, -0.0, 0.061862, 0.987692, -0.143659, 0.4, 0.483931, 0.096202, 0.869802, 0.0, 0.0, 0.0, 0.0, 1.0],
                [0.597304, -0.027595, 0.80154, 0.0, -0.007901, 0.999157, 0.040286, 0.4, -0.801976, -0.030396, 0.596582, -0.0, 0.0, 0.0, 0.0, 1.0]
            ]
        },
        {
            "name": "Shoulder_R",
            "time": [0.0, 0.1, 0.1667, 0.2, 0.2333, 0.5, 0.6, 0.7],
            "transform": [
                [0.11621, 0.899462, 0.421264, -0.0, -0.031123, -0.420631, 0.906698, 0.4, 0.992736, -0.118478, -0.020888, 0.0, 0.0, 0.0, 0.0, 1.0],
                [-0.236505, 0.953704, 0.185781, 0.0, 0.06333, -0.175668, 0.982411, 0.400001, 0.969564, 0.24411, -0.018852, 0.0, 0.0, 0.0, 0.0, 1.0],
                [-0.224591, 0.950867, 0.213098, 0.0, 0.06014, -0.204742, 0.976967, 0.4, 0.972595, 0.232234, -0.011202, 0.0, 0.0, 0.0, 0.0, 1.0],
                [-0.212508, 0.947102, 0.240495, 0.0, 0.056904, -0.233704, 0.970641, 0.4, 0.975501, 0.219954, -0.00423, 0.0, 0.0, 0.0, 0.0, 1.0],
                [-0.200272, 0.942396, 0.267919, -0.0, 0.053627, -0.262505, 0.96344, 0.4, 0.978271, 0.207317, 0.002034, 0.0, 0.0, 0.0, 0.0, 1.0],
                [-0.200272, 0.942396, 0.267919, -0.0, 0.053627, -0.262505, 0.96344, 0.4, 0.978271, 0.207317, 0.002034, 0.0, 0.0, 0.0, 0.0, 1.0],
                [-0.09883, 0.951378, 0.291742, -0.0, 0.026463, -0.29056, 0.956491, 0.4, 0.994753, 0.10225, 0.00354, 0.0, 0.0, 0.0, 0.0, 1.0],
                [0.000148, 0.95278, 0.30366, 0.0, -4.3e-05, -0.30366, 0.952781, 0.4, 1.0, -0.000154, -4e-06, -0.0, 0.0, 0.0, 0.0, 1.0]
            ]
        },
        {
            "name": "Arm_R",
            "time": [0.0, 0.1, 0.1667, 0.2, 0.2333, 0.3, 0.5, 0.6, 0.7],
            "transform": [
                [-0.574143, -0.54404, 0.611867, 0.0, 0.438142, 0.427154, 0.79093, 0.388213, -0.691659, 0.722192, -0.006881, 0.0, 0.0, 0.0, 0.0, 1.0],
                [0.713249, -0.652153, 0.25685, 0.0, 0.465798, 0.714851, 0.521556, 0.388213, -0.523744, -0.252359, 0.813638, -0.0, 0.0, 0.0, 0.0, 1.0],
                [0.444792, -0.517431, 0.731044, 0.0, 0.422433, 0.840939, 0.338192, 0.388213, -0.789754, 0.158392, 0.592622, 0.0, 0.0, 0.0, 0.0, 1.0],
                [0.787643, -0.082678, 0.61056, -0.0, 0.371397, 0.854396, -0.363418, 0.388213, -0.491613, 0.513004, 0.703664, 0.0, 0.0, 0.0, 0.0, 1.0],
                [0.964324, 0.179845, 0.194259, 0.0, 0.069726, 0.535344, -0.841751, 0.388213, -0.25538, 0.825265, 0.503705, 0.0, 0.0, 0.0, 0.0, 1.0],
                [0.995557, -0.045411, 0.082497, -0.0, 0.077105, 0.896021, -0.437265, 0.388213, -0.054063, 0.441683, 0.89554, -0.0, 0.0, 0.0, 0.0, 1.0],
                [0.841441, -0.211931, -0.497054, 0.0, 0.439877, 0.802904, 0.402311, 0.388213, 0.313824, -0.557164, 0.768819, 0.0, 0.0, 0.0, 0.0, 1.0],
                [0.076949, -0.168518, -0.98269, -1e-05, 0.940531, 0.339359, 0.015452, 0.388358, 0.330881, -0.925439, 0.18461, -0.000455, 0.0, 0.0, 0.0, 1.0],
                [0.254921, -0.023253, -0.966682, -1.9e-05, 0.893214, 0.38859, 0.226199, 0.388503, 0.370384, -0.921117, 0.11983, -0.00091, 0.0, 0.0, 0.0, 1.0]
            ]
        },
        {
            "name": "Hand_R",
            "time": [0.0, 0.1, 0.1667, 0.2, 0.2333, 0.5, 0.6, 0.7],
            "transform": [
                [-0.191677, -0.981247, -0.020361, 0.0, 0.968538, -0.185759, -0.165612, 0.329779, 0.158724, -0.051465, 0.985981, 0.0, 0.0, 0.0, 0.0, 1.0],
                [0.194505, -0.973204, 0.122644, 0.0, 0.663687, 0.222637, 0.714109, 0.329779, -0.722279, -0.057501, 0.689207, -0.0, 0.0, 0.0, 0.0, 1.0],
                [0.619738, -0.700863, 0.353151, -0.0, 0.546329, 0.708323, 0.446993, 0.329779, -0.563426, -0.084082, 0.821877, -0.0, 0.0, 0.0, 0.0, 1.0],
                [0.905548, -0.365042, 0.216164, -0.0, 0.313621, 0.919142, 0.23837, 0.329779, -0.2857, -0.148062, 0.946812, -0.0, 0.0, 0.0, 0.0, 1.0],
                [0.999997, 0.000695, 0.002459, -0.0, -0.000924, 0.995547, 0.094265, 0.329779, -0.002383, -0.094267, 0.995544, -0.0, 0.0, 0.0, 0.0, 1.0],
                [0.999997, 0.002523, 0.000409, -0.0, -0.000924, 0.506169, -0.862434, 0.329779, -0.002383, 0.862431, 0.50617, -0.0, 0.0, 0.0, 0.0, 1.0],
                [0.99992, 0.012595, -0.001494, -0.0, -0.011647, 0.865161, -0.501359, 0.329779, -0.005022, 0.501336, 0.865238, 0.0, 0.0, 0.0, 0.0, 1.0],
                [0.99975, 0.0223, 0.001811, -0.0, -0.02228, 0.9997, -0.010137, 0.329779, -0.002037, 0.010094, 0.999947, 0.0, 0.0, 0.0, 0.0, 1.0]
            ]
        },
        {
            "name": "Tool_R",
            "time": [0.0, 0.1, 0.1667, 0.2, 0.2333, 0.5, 0.6, 0.7],
            "transform": [
                [1.0, 0.0, 0.0, -0.02, 0.0, -0.996194, 0.087157, 0.291425, 0.0, -0.087156, -0.996211, 0.0, 0.0, 0.0, 0.0, 1.0],
                [1.0, 0.0, 0.0, -0.02, 0.0, -0.906308, 0.422624, 0.291425, 0.0, -0.422618, -0.906322, 0.0, 0.0, 0.0, 0.0, 1.0],
                [1.0, 0.0, 0.0, -0.02, 0.0, -0.988148, -0.153509, 0.291425, 0.0, 0.153507, -0.988163, -0.0, 0.0, 0.0, 0.0, 1.0],
                [1.0, -0.0, 0.0, -0.02, 0.0, -0.826304, -0.563232, 0.291425, 0.0, 0.563224, -0.826317, 0.0, 0.0, 0.0, 0.0, 1.0],
                [1.0, -0.0, 0.0, -0.02, 0.0, -0.173648, -0.984823, 0.291426, 0.0, 0.984809, -0.173651, -0.0, 0.0, 0.0, 0.0, 1.0],
                [1.0, 0.0, 0.0, -0.02, 0.0, -0.939693, -0.342025, 0.291425, 0.0, 0.34202, -0.939706, 0.0, 0.0, 0.0, 0.0, 1.0],
                [0.999999, 0.0, 0.0, -0.02, 0.0, -0.963355, -0.26823, 0.291425, 0.0, 0.268228, -0.963363, 0.0, 0.0, 0.0, 0.0, 1.0],
                [1.0, -0.0, 0.0, -0.02, -0.0, -0.981233, -0.192826, 0.291425, 0.0, 0.192826, -0.981233, 0.0, 0.0, 0.0, 0.0, 1.0]
            ]
        },
        {
            "name": "Elbow_R",
            "time": [0.0, 0.1, 0.1667, 0.2, 0.2333, 0.5, 0.6, 0.7],
            "transform": [
                [-1.0, -2e-06, -1e-06, 0.0, 1e-06, -0.026071, -0.99966, 0.329779, 2e-06, -0.99966, 0.026071, 0.0, 0.0, 0.0, 0.0, 1.0],
                [-1.0, -0.0, -1e-06, 0.0, 1e-06, -0.041607, -0.999134, 0.329779, 0.0, -0.999134, 0.041607, -0.0, 0.0, 0.0, 0.0, 1.0],
                [-1.0, 0.0, -1e-06, -0.0, 1e-06, -0.050953, -0.998701, 0.329779, -0.0, -0.998701, 0.050952, -0.0, 0.0, 0.0, 0.0, 1.0],
                [-1.0, 0.0, -0.0, -0.0, 0.0, -0.077484, -0.996994, 0.329779, -0.0, -0.996994, 0.077484, -0.0, 0.0, 0.0, 0.0, 1.0],
                [-0.999999, 0.0, -1e-06, -0.0, 0.0, -0.047186, -0.998886, 0.329779, -0.0, -0.998886, 0.047186, -0.0, 0.0, 0.0, 0.0, 1.0],
                [-0.999999, -0.0, -0.0, -0.0, 0.0, 0.496905, -0.867805, 0.329779, 0.0, -0.867805, -0.496905, -0.0, 0.0, 0.0, 0.0, 1.0],
                [-0.999999, -0.0, -1e-06, -0.0, 1e-06, 0.259568, -0.965724, 0.329779, 0.0, -0.965724, -0.259568, 0.0, 0.0, 0.0, 0.0, 1.0],
                [-0.999991, -6e-06, 0.0, -0.0, 1e-06, 0.005047, -0.999987, 0.329779, 6e-06, -0.999978, -0.005047, 0.0, 0.0, 0.0, 0.0, 1.0]
            ]
        },
        {
            "name": "Shoulder_L",
            "time": [0.0, 0.1, 0.1667, 0.2, 0.2333, 0.5, 0.6, 0.7],
            "transform": [
                [0.450023, -0.796828, -0.403166, -0.0, 0.12051, -0.393147, 0.911544, 0.4, -0.884848, -0.458802, -0.080899, 0.0, 0.0, 0.0, 0.0, 1.0],
                [0.056002, -0.904771, -0.4222, 0.0, 0.014996, -0.422053, 0.906447, 0.400001, -0.998318, -0.057094, -0.010068, 0.0, 0.0, 0.0, 0.0, 1.0],
                [0.115251, -0.899576, -0.421283, 0.0, 0.030863, -0.420662, 0.906692, 0.4, -0.992856, -0.117499, -0.020719, 0.0, 0.0, 0.0, 0.0, 1.0],
                [0.173499, -0.890901, -0.419754, 0.0, 0.046461, -0.418339, 0.907102, 0.4, -0.983737, -0.176884, -0.03119, 0.0, 0.0, 0.0, 0.0, 1.0],
                [0.230461, -0.8789, -0.417638, -0.0, 0.061714, -0.415125, 0.907668, 0.4, -0.971122, -0.234956, -0.041429, 0.0, 0.0, 0.0, 0.0, 1.0],
                [0.230461, -0.8789, -0.417638, -0.0, 0.061714, -0.415125, 0.907668, 0.4, -0.971122, -0.234956, -0.041429, 0.0, 0.0, 0.0, 0.0, 1.0],
                [0.065356, -0.904191, -0.422097, -0.0, 0.017501, -0.421898, 0.906474, 0.4, -0.997708, -0.066631, -0.011749, 0.0, 0.0, 0.0, 0.0, 1.0],
                [0.000149, -0.952781, -0.303659, 0.0, 4e-05, -0.303659, 0.952781, 0.4, -1.0, -0.000154, -8e-06, -0.0, 0.0, 0.0, 0.0, 1.0]
            ]
        },
        {
            "name": "Arm_L",
            "time": [0.0, 0.1, 0.1667, 0.2, 0.2333, 0.5, 0.6, 0.7],
            "transform": [
                [-0.298869, 0.73598, 0.607462, 0.0, 0.287136, 0.676412, -0.678247, 0.388212, -0.910071, -0.028282, -0.413485, -0.0, 0.0, 0.0, 0.0, 1.0],
                [-0.249069, 0.730709, 0.635632, 0.0, 0.43286, 0.671104, -0.601873, 0.388212, -0.86637, 0.125232, -0.483446, 0.0, 0.0, 0.0, 0.0, 1.0],
                [-0.324899, 0.525645, 0.786217, 0.0, 0.179644, 0.850483, -0.494375, 0.388212, -0.92853, -0.019382, -0.37075, 0.0, 0.0, 0.0, 0.0, 1.0],
                [-0.380408, 0.253745, 0.889327, 0.0, -0.25251, 0.896587, -0.363827, 0.388213, -0.889679, -0.362966, -0.276996, -0.0, 0.0, 0.0, 0.0, 1.0],
                [-0.283484, 0.000359, 0.958977, -0.0, -0.038751, 0.999178, -0.011829, 0.388212, -0.958193, -0.040514, -0.283237, -0.0, 0.0, 0.0, 0.0, 1.0],
                [-0.339916, 0.273075, 0.899937, -0.0, -0.443126, 0.797528, -0.409374, 0.388212, -0.829516, -0.537938, -0.150086, 0.0, 0.0, 0.0, 0.0, 1.0],
                [-0.203142, 0.031038, 0.978658, 1e-05, -0.743699, 0.645248, -0.174835, 0.388358, -0.636903, -0.763342, -0.107994, -0.000455, 0.0, 0.0, 0.0, 1.0],
                [0.014797, -0.158476, 0.987252, 1.9e-05, -0.924764, 0.373318, 0.073786, 0.388503, -0.380253, -0.914067, -0.141029, -0.000909, 0.0, 0.0, 0.0, 1.0]
            ]
        },
        {
            "name": "Hand_L",
            "time": [0.0, 0.1, 0.1667, 0.2, 0.2333, 0.5, 0.6, 0.7],
            "transform": [
                [0.984808, -0.044943, 0.167731, 0.0, 0.173648, 0.254887, -0.951251, 0.329779, -1e-06, 0.965926, 0.258819, 0.0, 0.0, 0.0, 0.0, 1.0],
                [0.984808, -0.111618, 0.133022, -0.0, 0.173648, 0.633023, -0.754406, 0.329779, -0.0, 0.766044, 0.642788, 0.0, 0.0, 0.0, 0.0, 1.0],
                [0.996273, -0.046914, 0.072383, -0.0, 0.084268, 0.708512, -0.70065, 0.329779, -0.018414, 0.704138, 0.709824, -0.0, 0.0, 0.0, 0.0, 1.0],
                [0.999445, 0.024351, 0.022734, 0.0, -0.007227, 0.824649, -0.565598, 0.329779, -0.03252, 0.56512, 0.824367, 0.0, 0.0, 0.0, 0.0, 1.0],
                [0.994605, 0.102871, -0.013349, 0.0, -0.099308, 0.90707, -0.409099, 0.329779, -0.029976, 0.408217, 0.912392, -0.0, 0.0, 0.0, 0.0, 1.0],
                [0.994605, 0.102871, -0.013349, 0.0, -0.099309, 0.90707, -0.409099, 0.329779, -0.029976, 0.408217, 0.912392, -0.0, 0.0, 0.0, 0.0, 1.0],
                [0.998646, 0.051875, -0.003836, 0.0, -0.050551, 0.950491, -0.306612, 0.329779, -0.012259, 0.306391, 0.951827, -0.0, 0.0, 0.0, 0.0, 1.0],
                [1.0, 0.0, 0.0, -0.0, -0.0, 0.979783, -0.200062, 0.329779, -0.0, 0.200062, 0.979783, 0.0, 0.0, 0.0, 0.0, 1.0]
            ]
        },
        {
            "name": "Tool_L",
            "time": [0.0, 0.1, 0.1667, 0.2, 0.2333, 0.5, 0.6, 0.7],
            "transform": [
                [1.0, 0.0, 0.0, 0.02, -0.0, -1.0, -0.0, 0.291426, 0.0, 0.0, -1.0, -0.0, 0.0, 0.0, 0.0, 1.0],
                [1.0, -0.0, 0.0, 0.02, -0.0, -1.0, -0.0, 0.291426, 0.0, -0.0, -1.0, 0.0, 0.0, 0.0, 0.0, 1.0],
                [1.0, 0.0, 0.0, 0.02, 0.0, -1.0, 0.0, 0.291426, 0.0, -0.0, -1.0, -0.0, 0.0, 0.0, 0.0, 1.0],
                [1.0, 0.0, 0.0, 0.02, 0.0, -1.0, 0.0, 0.291426, 0.0, 0.0, -1.0, -0.0, 0.0, 0.0, 0.0, 1.0],
                [1.0, -0.0, 0.0, 0.02, 0.0, -1.0, 0.0, 0.291426, 0.0, 0.0, -1.0, -0.0, 0.0, 0.0, 0.0, 1.0],
                [1.0, -0.0, 0.0, 0.02, 0.0, -1.0, 0.0, 0.291426, 0.0, 0.0, -1.0, 0.0, 0.0, 0.0, 0.0, 1.0],
                [1.0, -0.0, 0.0, 0.02, -0.0, -1.0, 0.0, 0.291426, 0.0, 0.0, -1.0, -0.0, 0.0, 0.0, 0.0, 1.0],
                [1.0, 0.0, 0.0, 0.02, 0.0, -1.0, -0.0, 0.291426, 0.0, 0.0, -1.0, -0.0, 0.0, 0.0, 0.0, 1.0]
            ]
        },
        {
            "name": "Elbow_L",
            "time": [0.0, 0.1, 0.1667, 0.2, 0.2333, 0.5, 0.6, 0.7],
            "transform": [
                [-1.0, 0.0, -0.0, 0.0, 0.0, 0.608761, -0.793353, 0.329779, 0.0, -0.793353, -0.608761, 0.0, 0.0, 0.0, 0.0, 1.0],
                [-1.0, 0.0, -0.0, -0.0, 0.0, 0.422618, -0.906308, 0.329779, -0.0, -0.906308, -0.422618, 0.0, 0.0, 0.0, 0.0, 1.0],
                [-1.0, 0.0, -0.0, -0.0, 0.0, 0.380825, -0.924647, 0.329779, 0.0, -0.924647, -0.380825, -0.0, 0.0, 0.0, 0.0, 1.0],
                [-1.0, 0.0, -0.0, 0.0, 0.0, 0.29597, -0.955197, 0.329779, 0.0, -0.955197, -0.29597, 0.0, 0.0, 0.0, 0.0, 1.0],
                [-1.0, -0.0, -0.0, 0.0, 0.0, 0.208803, -0.977958, 0.329779, 0.0, -0.977958, -0.208803, -0.0, 0.0, 0.0, 0.0, 1.0],
                [-1.0, -0.0, -0.0, 0.0, 0.0, 0.208803, -0.977958, 0.329779, 0.0, -0.977958, -0.208803, -0.0, 0.0, 0.0, 0.0, 1.0],
                [-1.0, -0.0, -0.0, 0.0, 0.0, 0.155083, -0.987902, 0.329779, 0.0, -0.987902, -0.155083, -0.0, 0.0, 0.0, 0.0, 1.0],
                [-1.0, -0.0, -0.0, -0.0, 0.0, 0.10054, -0.994933, 0.329779, 0.0, -0.994933, -0.10054, 0.0, 0.0, 0.0, 0.0, 1.0]
            ]
        }
    ]
}