{
    "animation": [
        {
            "name": "Root",
            "time": [0.0, 0.0833, 0.1333, 0.15, 0.1833, 0.2333, 0.25, 0.2833, 0.6, 0.8, 1.0, 1.1, 1.3],
            "transform": [
                [-0.996752, -0.025349, 0.076443, -5e-06, 0.070132, 0.193411, 0.978608, 0.000946, -0.039592, 0.98079, -0.191005, 0.62231, 0.0, 0.0, 0.0, 1.0],
                [-0.782901, -0.010235, -0.622062, -5e-06, -0.620874, -0.051061, 0.782245, 0.100946, -0.039769, 0.998643, 0.033621, 0.510185, 0.0, 0.0, 0.0, 1.0],
                [-0.104039, 0.082194, -0.991171, -5e-06, -0.99075, 0.078734, 0.110524, 0.600946, 0.087123, 0.993501, 0.073242, 0.399354, 0.0, 0.0, 0.0, 1.0],
                [0.255446, 0.075475, -0.963873, -5e-06, -0.96656, 0.043182, -0.252777, 0.700946, 0.022544, 0.996212, 0.083981, 0.503908, 0.0, 0.0, 0.0, 1.0],
                [0.754908, 0.060318, -0.653051, -5e-06, -0.653729, -0.01044, -0.756657, 0.900946, -0.052457, 0.998125, 0.03155, 0.49065, 0.0, 0.0, 0.0, 1.0],
                [0.994681, 0.074312, 0.071328, -5e-06, 0.052371, 0.23143, -0.971441, 1.250946, -0.088697, 0.970009, 0.226307, 0.459789, 0.0, 0.0, 0.0, 1.0],
                [0.649596, 0.039026, 0.759278, -5e-06, 0.662161, 0.461693, -0.590239, 1.900946, -0.373588, 0.886181, 0.274072, 0.449502, 0.0, 0.0, 0.0, 1.0],
                [0.746967, 0.062957, 0.661874, -5e-06, 0.628777, 0.256613, -0.734023, 1.900946, -0.216058, 0.964462, 0.152096, 0.464133, 0.0, 0.0, 0.0, 1.0],
                [0.746967, 0.062957, 0.661874, -5e-06, 0.628777, 0.256613, -0.734023, 1.900946, -0.216058, 0.964462, 0.152096, 0.464133, 0.0, 0.0, 0.0, 1.0],
                [0.698219, 0.07833, 0.711586, -5e-06, 0.695697, 0.160144, -0.700256, 1.900946, -0.168808, 0.983981, 0.057321, 0.559187, 0.0, 0.0, 0.0, 1.0],
                [0.968727, 0.045233, 0.243971, -5e-06, 0.24249, 0.035839, -0.969492, 1.900946, -0.052596, 0.998333, 0.023749, 0.749296, 0.0, 0.0, 0.0, 1.0],
                [0.749877, 0.032575, -0.660774, -5e-06, -0.661477, 0.019589, -0.749709, 1.900946, -0.011478, 0.999277, 0.036237, 0.749296, 0.0, 0.0, 0.0, 1.0],
                [0.882948, 0.0, -0.469472, -5e-06, -0.469472, 0.0, -0.882948, 1.900946, -0.0, 1.0, 0.0, 0.749295, 0.0, 0.0, 0.0, 1.0]
            ]
        },
        {
            "name": "Thigh_R",
            "time": [0.0, 0.0833, 0.1333, 0.15, 0.1833, 0.25, 0.2833, 0.6, 0.8, 1.0, 1.1, 1.3],
            "transform": [
                [0.943173, -0.292446, 0.157573, 0.124994, -0.332188, -0.831939, 0.444391, -0.00283, 0.001131, -0.471503, -0.881836, -1.2e-05, 0.0, 0.0, 0.0, 1.0],
                [0.882536, 0.290198, -0.370004, 0.124994, 0.466639, -0.443397, 0.765268, -0.00283, 0.058021, -0.84804, -0.526735, -1.2e-05, 0.0, 0.0, 0.0, 1.0],
                [0.893054, 0.15599, -0.422034, 0.124994, 0.447435, -0.209098, 0.869526, -0.002831, 0.047391, -0.965372, -0.256532, -1.2e-05, 0.0, 0.0, 0.0, 1.0],
                [0.92549, 0.210631, -0.314797, 0.124994, 0.378225, -0.469637, 0.797737, -0.00283, 0.020188, -0.857364, -0.514312, -1.2e-05, 0.0, 0.0, 0.0, 1.0],
                [0.955109, -0.259129, 0.143578, 0.124994, -0.23843, -0.384752, 0.891692, -0.00283, -0.175821, -0.885898, -0.429265, -1.2e-05, 0.0, 0.0, 0.0, 1.0],
                [0.963333, -0.26108, -0.061822, 0.124994, -0.257423, -0.834471, -0.487227, -0.00283, 0.075617, 0.485277, -0.871084, -1.2e-05, 0.0, 0.0, 0.0, 1.0],
                [0.971073, -0.216675, 0.100331, 0.124994, -0.162028, -0.906592, -0.389659, -0.000529, 0.175389, 0.362131, -0.915477, -1.2e-05, 0.0, 0.0, 0.0, 1.0],
                [0.971073, -0.216675, 0.100331, 0.124994, -0.162028, -0.906592, -0.389659, -0.000529, 0.175389, 0.362131, -0.915477, -1.2e-05, 0.0, 0.0, 0.0, 1.0],
                [0.996048, 0.058712, 0.066619, 0.124994, 0.035302, -0.950205, 0.309614, -0.001187, 0.08148, -0.306039, -0.948526, -1.2e-05, 0.0, 0.0, 0.0, 1.0],
                [0.991893, 0.033128, 0.122676, 0.124994, 0.056381, -0.979919, -0.191249, -0.001844, 0.113877, 0.196614, -0.973845, -1.2e-05, 0.0, 0.0, 0.0, 1.0],
                [0.987881, 0.103143, 0.115983, 0.124994, 0.094115, -0.992276, 0.0808, -0.002173, 0.123421, -0.068905, -0.989959, -1.2e-05, 0.0, 0.0, 0.0, 1.0],
                [0.983853, 0.051469, 0.171417, 0.124994, 0.065638, -0.994785, -0.078044, -0.002831, 0.166506, 0.088035, -0.982103, -1.2e-05, 0.0, 0.0, 0.0, 1.0]
            ]
        },
        {
            "name": "Leg_R",
            "time": [0.0, 0.0833, 0.1333, 0.15, 0.1833, 0.25, 0.2833, 0.6, 0.8, 1.0, 1.1, 1.3],
            "transform": [
                [1.000036, 2e-06, 4e-06, -0.0, -4e-06, 0.837287, 0.546805, 0.37472, -2e-06, -0.54681, 0.837292, -0.0, 0.0, 0.0, 0.0, 1.0],
                [1.000005, -1e-06, 5e-06, -0.0, -4e-06, 0.248225, 0.968707, 0.37472, -3e-06, -0.968708, 0.248225, 0.0, 0.0, 0.0, 0.0, 1.0],
                [1.000003, -2e-06, 4e-06, -0.0, -4e-06, 0.055735, 0.998448, 0.37472, -3e-06, -0.998446, 0.055736, 0.0, 0.0, 0.0, 0.0, 1.0],
                [1.000002, -2e-06, 4e-06, -0.0, -4e-06, 0.133114, 0.991101, 0.37472, -2e-06, -0.991103, 0.133113, -0.0, 0.0, 0.0, 0.0, 1.0],
                [1.0, 1e-06, 5e-06, -0.0, -4e-06, 0.728904, 0.684618, 0.37472, -2e-06, -0.684618, 0.728904, 0.0, 0.0, 0.0, 0.0, 1.0],
                [1.000001, 4e-06, 3e-06, 0.0, -4e-06, 0.999989, 0.004774, 0.37472, -3e-06, -0.004774, 0.999991, 0.0, 0.0, 0.0, 0.0, 1.0],
                [1.0, 2e-06, 4e-06, -0.0, -4e-06, 0.861166, 0.508327, 0.37472, -3e-06, -0.508325, 0.861167, 0.0, 0.0, 0.0, 0.0, 1.0],
                [1.0, 2e-06, 4e-06, 0.0, -4e-06, 0.861166, 0.508327, 0.37472, -3e-06, -0.508325, 0.861167, -0.0, 0.0, 0.0, 0.0, 1.0],
                [1.0, -1e-06, 5e-06, -0.0, -4e-06, 0.247745, 0.968829, 0.37472, -2e-06, -0.968824, 0.247745, -0.0, 0.0, 0.0, 0.0, 1.0],
                [1.0, 4e-06, 3e-06, 0.0, -4e-06, 0.999985, 0.005655, 0.37472, -2e-06, -0.005655, 0.999985, -0.0, 0.0, 0.0, 0.0, 1.0],
                [1.0, 4e-06, 3e-06, -0.0, -4e-06, 0.993963, 0.109729, 0.37472, -3e-06, -0.109728, 0.993962, -0.0, 0.0, 0.0, 0.0, 1.0],
                [1.0, 4e-06, 2e-06, 0.0, -4e-06, 0.999986, 0.00543, 0.37472, -3e-06, -0.00543, 0.999985, -0.0, 0.0, 0.0, 0.0, 1.0]
            ]
        },
        {
            "name": "Knee_R",
            "time": [0.0, 0.6, 0.8, 1.0, 1.1, 1.3],
            "transform": [
                [1.0, 2e-06, -4e-06, -0.0, -4e-06, 3e-06, -1.0, 0.371578, -2e-06, 1.0, 3e-06, -0.0, 0.0, 0.0, 0.0, 1.0],
                [1.0, 2e-06, -4e-06, 0.0, -4e-06, 3e-06, -1.0, 0.371578, -2e-06, 1.0, 3e-06, -0.0, 0.0, 0.0, 0.0, 1.0],
                [1.0, 2e-06, -4e-06, -0.0, -4e-06, 3e-06, -1.0, 0.372308, -2e-06, 1.0, 3e-06, -0.0, 0.0, 0.0, 0.0, 1.0],
                [1.0, 2e-06, -4e-06, 0.0, -4e-06, 3e-06, -1.0, 0.373641, -2e-06, 1.0, 3e-06, -0.0, 0.0, 0.0, 0.0, 1.0],
                [1.0, 2e-06, -4e-06, -0.0, -4e-06, 3e-06, -1.0, 0.374156, -2e-06, 1.0, 3e-06, -0.0, 0.0, 0.0, 0.0, 1.0],
                [1.0, 2e-06, -4e-06, 0.0, -4e-06, 3e-06, -1.0, 0.37472, -2e-06, 1.0, 3e-06, -0.0, 0.0, 0.0, 0.0, 1.0]
            ]
        },
        {
            "name": "Thigh_L",
            "time": [0.0, 0.0833, 0.1333, 0.15, 0.1833, 0.25, 0.2833, 0.6, 0.8, 1.0, 1.1, 1.3],
            "transform": [
                [0.912888, 0.281049, -0.295807, -0.125006, 0.310475, -0.948808, 0.056668, -0.00283, -0.264761, -0.143583, -0.95348, -1.2e-05, 0.0, 0.0, 0.0, 1.0],
                [0.975577, -0.191683, -0.106604, -0.125006, -0.218382, -0.894124, -0.390759, -0.002831, -0.020417, 0.404525, -0.91421, -1.2e-05, 0.0, 0.0, 0.0, 1.0],
                [0.981307, -0.08447, -0.172506, -0.125006, 0.063843, -0.703543, 0.707664, -0.002831, -0.181158, -0.705501, -0.685047, -1.2e-05, 0.0, 0.0, 0.0, 1.0],
                [0.958399, 0.043132, -0.2819, -0.125006, 0.203987, -0.794423, 0.571945, -0.00283, -0.199297, -0.605699, -0.770226, -1.2e-05, 0.0, 0.0, 0.0, 1.0],
                [0.916937, 0.300468, -0.2623, -0.125006, 0.345353, -0.927076, 0.145272, -0.00283, -0.199541, -0.223808, -0.953903, -1.2e-05, 0.0, 0.0, 0.0, 1.0],
                [0.85969, 0.219888, -0.460908, -0.125006, 0.486131, -0.075933, 0.87049, -0.002831, 0.156426, -0.972484, -0.172185, -1.2e-05, 0.0, 0.0, 0.0, 1.0],
                [0.945804, 0.214648, -0.243389, -0.126067, 0.290002, -0.222462, 0.930725, -0.000529, 0.145647, -0.950935, -0.272673, -0.000704, 0.0, 0.0, 0.0, 1.0],
                [0.945804, 0.214648, -0.243389, -0.126067, 0.290002, -0.222462, 0.930725, -0.00053, 0.145647, -0.950935, -0.272673, -0.000703, 0.0, 0.0, 0.0, 1.0],
                [0.954576, 0.272646, -0.119742, -0.125764, 0.248235, -0.506463, 0.825679, -0.001187, 0.164485, -0.817943, -0.551167, -0.000506, 0.0, 0.0, 0.0, 1.0],
                [0.9899, 0.045913, 0.133949, -0.125461, 0.017165, -0.977872, 0.208332, -0.001844, 0.140557, -0.203934, -0.968804, -0.000308, 0.0, 0.0, 0.0, 1.0],
                [0.984622, -0.069151, 0.160356, -0.125309, -0.068072, -0.997581, -0.012224, -0.002173, 0.160819, 0.00112, -0.986958, -0.00021, 0.0, 0.0, 0.0, 1.0],
                [0.964372, -0.075314, 0.253605, -0.125006, -0.086212, -0.995747, 0.032115, -0.002831, 0.250115, -0.052835, -0.966761, -1.2e-05, 0.0, 0.0, 0.0, 1.0]
            ]
        },
        {
            "name": "Leg_L",
            "time": [0.0, 0.0833, 0.1333, 0.15, 0.1833, 0.25, 0.2833, 0.6, 0.8, 1.0, 1.1, 1.3],
            "transform": [
                [1.00007, -0.0, 2e-06, -0.0, -1e-06, 0.604916, 0.796382, 0.37472, -1e-06, -0.796384, 0.604918, 0.0, 0.0, 0.0, 0.0, 1.0],
                [1.00007, 0.0, 2e-06, -0.0, -1e-06, 0.832786, 0.553734, 0.37472, -1e-06, -0.553734, 0.83279, -0.0, 0.0, 0.0, 0.0, 1.0],
                [1.000071, -1e-06, 1e-06, -0.0, -1e-06, -0.410095, 0.912129, 0.37472, -1e-06, -0.912132, -0.410095, 0.0, 0.0, 0.0, 0.0, 1.0],
                [1.00007, -1e-06, 1e-06, -0.0, -1e-06, -0.012722, 0.999997, 0.37472, -1e-06, -1.0, -0.012722, -0.0, 0.0, 0.0, 0.0, 1.0],
                [1.000069, -1e-06, 1e-06, -0.0, -1e-06, 0.26014, 0.965651, 0.37472, -1e-06, -0.965655, 0.26014, 0.0, 0.0, 0.0, 0.0, 1.0],
                [1.000069, -1e-06, 1e-06, 0.0, -1e-06, 0.010621, 1.000021, 0.37472, -1e-06, -1.000025, 0.010621, 0.0, 0.0, 0.0, 0.0, 1.0],
                [1.000069, -1e-06, 1e-06, 0.0, -1e-06, -0.013184, 0.999991, 0.374721, -1e-06, -0.999996, -0.013184, 0.0, 0.0, 0.0, 0.0, 1.0],
                [1.000069, -1e-06, 1e-06, 0.0, -1e-06, -0.013184, 0.999991, 0.37472, -1e-06, -0.999996, -0.013184, 0.0, 0.0, 0.0, 0.0, 1.0],
                [1.000053, -1e-06, 2e-06, -0.0, -1e-06, 0.337802, 0.941284, 0.37472, -1e-06, -0.941287, 0.337802, -0.0, 0.0, 0.0, 0.0, 1.0],
                [1.000023, 1e-06, 1e-06, 0.0, -1e-06, 1.00002, 0.00562, 0.37472, -1e-06, -0.00562, 1.00002, 0.0, 0.0, 0.0, 0.0, 1.0],
                [1.000011, 1e-06, 1e-06, 0.0, -1e-06, 1.000011, 0.005131, 0.37472, -1e-06, -0.00513, 1.000011, -0.0, 0.0, 0.0, 0.0, 1.0],
                [0.999999, 1e-06, 1e-06, -0.0, -1e-06, 0.997563, 0.069937, 0.37472, -1e-06, -0.069937, 0.997564, 0.0, 0.0, 0.0, 0.0, 1.0]
            ]
        },
        {
            "name": "Knee_L",
            "time": [0.0, 0.6, 0.8, 1.0, 1.1, 1.3],
            "transform": [
                [1.0, 0.0, -2e-06, 0.0, -2e-06, 0.444482, -0.895787, 0.404238, 1e-06, 0.895788, 0.444482, -0.0, 0.0, 0.0, 0.0, 1.0],
                [1.0, 1e-06, -1e-06, 0.0, -1e-06, 0.711753, -0.702429, 0.404238, -0.0, 0.70243, 0.711754, -0.0, 0.0, 0.0, 0.0, 1.0],
                [1.0, 1e-06, -1e-06, 0.0, -1e-06, 0.575422, -0.817856, 0.397384, -0.0, 0.817857, 0.575423, -0.0, 0.0, 0.0, 0.0, 1.0],
                [1.0, 1e-06, -1e-06, 0.0, -1e-06, 0.002811, -0.999996, 0.38486, -1e-06, 0.999996, 0.002811, 0.0, 0.0, 0.0, 0.0, 1.0],
                [0.999999, -1e-06, -2e-06, -0.0, -2e-06, 0.002567, -0.999997, 0.380021, 1e-06, 0.999996, 0.002566, 0.0, 0.0, 0.0, 0.0, 1.0],
                [1.0, 0.0, -1e-06, -0.0, -1e-06, 0.034991, -0.999388, 0.37472, -0.0, 0.999388, 0.034991, 0.0, 0.0, 0.0, 0.0, 1.0]
            ]
        },
        {
            "name": "Torso",
            "time": [0.0, 0.0833, 0.1333, 0.15, 0.1833, 0.25, 0.2833, 0.6, 0.8, 1.0, 1.1, 1.3],
            "transform": [
                [0.994919, 0.081004, -0.05979, -0.0, -0.086922, 0.99076, -0.104115, 0.05, 0.050804, 0.108783, 0.992766, -0.0, 0.0, 0.0, 0.0, 1.0],
                [0.970363, 0.198618, 0.137647, -0.0, -0.202289, 0.979239, 0.01307, 0.05, -0.132193, -0.040527, 0.990395, 0.0, 0.0, 0.0, 0.0, 1.0],
                [0.966381, 0.256997, -0.007759, 0.0, -0.256997, 0.964591, -0.059308, 0.05, -0.007758, 0.059309, 0.998209, -0.0, 0.0, 0.0, 0.0, 1.0],
                [0.999833, 0.01606, -0.008739, -0.0, -0.017289, 0.985968, -0.166038, 0.05, 0.00595, 0.166161, 0.986081, 0.0, 0.0, 0.0, 0.0, 1.0],
                [0.999867, 0.016296, -0.000998, -0.0, -0.016296, 0.992396, -0.122001, 0.05, -0.000998, 0.122001, 0.99253, 0.0, 0.0, 0.0, 0.0, 1.0],
                [0.992658, -0.119704, -0.017331, 0.0, 0.119704, 0.951748, 0.282571, 0.05, -0.01733, -0.282571, 0.95909, 0.0, 0.0, 0.0, 0.0, 1.0],
                [0.998992, -0.040038, 0.020283, 0.0, 0.030873, 0.941011, 0.336965, 0.05, -0.032578, -0.335999, 0.941299, -0.0, 0.0, 0.0, 0.0, 1.0],
                [0.995297, -0.096562, 0.007806, -0.0, 0.090679, 0.956949, 0.275729, 0.05, -0.034095, -0.273724, 0.961204, -0.0, 0.0, 0.0, 0.0, 1.0],
                [0.999377, 0.028708, 0.020547, -0.0, -0.033068, 0.965044, 0.259996, 0.05, -0.012365, -0.260513, 0.965391, -0.0, 0.0, 0.0, 0.0, 1.0],
                [0.999914, 0.007785, 0.010602, -0.0, -0.009325, 0.988026, 0.154007, 0.05, -0.009276, -0.154092, 0.988013, 0.0, 0.0, 0.0, 0.0, 1.0],
                [0.999975, -0.00305, 0.006496, 0.0, 0.002384, 0.994966, 0.100187, 0.05, -0.006769, -0.100169, 0.994948, -0.0, 0.0, 0.0, 0.0, 1.0],
                [0.999682, -0.025213, 9.9e-05, -0.0, 0.025213, 0.999651, -0.007853, 0.05, 9.9e-05, 0.007853, 0.999969, 0.0, 0.0, 0.0, 0.0, 1.0]
            ]
        },
        {
            "name": "Chest",
            "time": [0.0, 0.0833, 0.1333, 0.15, 0.1833, 0.25, 0.2833, 0.6, 0.8, 1.0, 1.1, 1.3],
            "transform": [
                [0.917683, -0.06834, -0.391392, 0.0, 0.170596, 0.957441, 0.232815, 0.3, 0.358824, -0.28042, 0.890286, -0.0, 0.0, 0.0, 0.0, 1.0],
                [0.835167, 0.137966, -0.532412, 0.0, 0.175147, 0.850915, 0.495244, 0.3, 0.521364, -0.506862, 0.686492, 0.0, 0.0, 0.0, 0.0, 1.0],
                [0.965927, 0.044943, -0.254886, -0.0, -0.066986, 0.994663, -0.07847, 0.3, 0.249999, 0.09287, 0.963782, 0.0, 0.0, 0.0, 0.0, 1.0],
                [0.965926, 0.044943, -0.254886, -0.0, -0.066986, 0.994663, -0.07847, 0.3, 0.249999, 0.09287, 0.963782, -0.0, 0.0, 0.0, 0.0, 1.0],
                [0.965514, -0.062884, -0.252642, 0.0, 0.035449, 0.993107, -0.111716, 0.3, 0.257926, 0.098908, 0.961089, -0.0, 0.0, 0.0, 0.0, 1.0],
                [0.965925, -1e-06, 0.25882, 0.0, 0.003092, 0.999928, -0.011535, 0.3, -0.258801, 0.011942, 0.965856, -0.0, 0.0, 0.0, 0.0, 1.0],
                [0.965926, -1e-06, 0.25882, 0.0, 0.024034, 0.995679, -0.089693, 0.3, -0.257702, 0.092857, 0.961752, 0.0, 0.0, 0.0, 0.0, 1.0],
                [0.965926, -1e-06, 0.25882, 0.0, 0.024034, 0.995679, -0.089693, 0.3, -0.257702, 0.092857, 0.961752, -0.0, 0.0, 0.0, 0.0, 1.0],
                [0.964762, -0.002917, 0.263108, 0.0, 0.020308, 0.997781, -0.063401, 0.3, -0.262339, 0.06651, 0.962681, 0.0, 0.0, 0.0, 0.0, 1.0],
                [0.963581, -0.005977, 0.267348, -0.0, 0.016422, 0.999186, -0.036851, 0.3, -0.266911, 0.0399, 0.962895, -0.0, 0.0, 0.0, 0.0, 1.0],
                [0.995697, -0.006349, 0.092447, 0.0, 0.008758, 0.999632, -0.025676, 0.3, -0.09225, 0.026375, 0.995387, 0.0, 0.0, 0.0, 0.0, 1.0],
                [0.965926, -1e-06, -0.258818, -0.0, -7.7e-05, 1.0, -0.00029, 0.3, 0.258818, 0.0003, 0.965926, -0.0, 0.0, 0.0, 0.0, 1.0]
            ]
        },
        {
            "name": "Head",
            "time": [0.0, 0.0833, 0.1333, 0.15, 0.1833, 0.25, 0.2833, 0.6, 0.8, 1.0, 1.1, 1.3],
            "transform": [
                [0.985227, -0.117481, 0.124604, 0.0, 0.083732, 0.965155, 0.24792, 0.4, -0.149388, -0.233824, 0.960733, 0.0, 0.0, 0.0, 0.0, 1.0],
                [0.902009, -0.109716, 0.417542, -0.0, 0.273974, 0.892932, -0.357228, 0.4, -0.333642, 0.436618, 0.835492, -0.0, 0.0, 0.0, 0.0, 1.0],
                [0.029939, -0.353439, 0.934978, 0.0, -0.196555, 0.915053, 0.352201, 0.4, -0.980036, -0.194319, -0.042074, 0.0, 0.0, 0.0, 0.0, 1.0],
                [0.196664, -0.140707, 0.970321, 0.0, -0.252356, 0.949043, 0.188769, 0.4, -0.947439, -0.281991, 0.151135, 0.0, 0.0, 0.0, 0.0, 1.0],
                [0.611559, -0.143866, 0.778009, 0.0, -0.145564, 0.946085, 0.289367, 0.4, -0.777693, -0.290215, 0.557645, 0.0, 0.0, 0.0, 0.0, 1.0],
                [0.425464, -0.244763, -0.871247, -0.0, -0.246456, 0.895003, -0.371791, 0.4, 0.87077, 0.372908, 0.320468, 0.0, 0.0, 0.0, 0.0, 1.0],
                [0.527272, -0.212335, -0.822738, 0.0, -0.130991, 0.936385, -0.325614, 0.400001, 0.839539, 0.279459, 0.465916, -0.0, 0.0, 0.0, 0.0, 1.0],
                [0.527272, -0.13982, -0.838113, -0.0, -0.130991, 0.961201, -0.242764, 0.4, 0.839539, 0.237788, 0.488499, -0.0, 0.0, 0.0, 0.0, 1.0],
                [0.466198, -0.162395, -0.869648, -0.0, -0.05014, 0.976578, -0.209241, 0.4, 0.883259, 0.141152, 0.447135, -0.0, 0.0, 0.0, 0.0, 1.0],
                [0.856945, -0.023569, -0.514869, 0.0, 0.010264, 0.999537, -0.028672, 0.4, 0.515306, 0.019286, 0.856789, -0.0, 0.0, 0.0, 0.0, 1.0],
                [0.819877, -0.077573, 0.567259, 0.0, 0.064689, 0.996986, 0.042842, 0.4, -0.568873, 0.00157, 0.822424, 0.0, 0.0, 0.0, 0.0, 1.0],
                [0.742943, -0.061175, 0.666553, 0.0, -0.037385, 0.990469, 0.132572, 0.4, -0.668309, -0.123413, 0.733574, -0.0, 0.0, 0.0, 0.0, 1.0]
            ]
        },
        {
            "name": "Shoulder_R",
            "time": [0.0, 0.0833, 0.1333, 0.15, 0.1833, 0.2333, 0.25, 0.2833, 0.6, 0.8, 1.0, 1.1, 1.3],
            "transform": [
                [-0.113227, 0.935737, 0.33403, 0.0, 0.030318, -0.332781, 0.942517, 0.4, 0.993106, 0.116846, 0.00931, 0.0, 0.0, 0.0, 0.0, 1.0],
                [-0.086057, 0.975991, 0.200091, -0.0, 0.023042, -0.198832, 0.979763, 0.4, 0.996024, 0.088926, -0.005378, -0.0, 0.0, 0.0, 0.0, 1.0],
                [-0.123919, 0.950508, 0.284917, 0.0, 0.033181, -0.283001, 0.958546, 0.4, 0.991737, 0.128236, 0.00353, 0.0, 0.0, 0.0, 0.0, 1.0],
                [-0.055231, 0.980467, 0.188766, 0.0, 0.014787, -0.188231, 0.982013, 0.4, 0.998364, 0.057029, -0.004102, 0.0, 0.0, 0.0, 0.0, 1.0],
                [-0.250011, 0.909604, 0.331835, 0.0, 0.066947, -0.325659, 0.943114, 0.4, 0.965926, 0.258004, 0.020523, 0.0, 0.0, 0.0, 0.0, 1.0],
                [-0.250011, 0.950772, 0.183104, -0.0, 0.066947, -0.171682, 0.982875, 0.400001, 0.965926, 0.257988, -0.020729, -0.0, 0.0, 0.0, 0.0, 1.0],
                [0.081539, 0.992588, 0.090103, -0.0, -0.021838, -0.088603, 0.995827, 0.4, 0.996431, -0.083167, 0.014452, 0.0, 0.0, 0.0, 0.0, 1.0],
                [0.130237, 0.986926, 0.094948, 0.0, -0.034879, -0.091144, 0.995227, 0.400001, 0.990869, -0.132926, 0.022552, -0.0, 0.0, 0.0, 0.0, 1.0],
                [0.130237, 0.986926, 0.094948, -0.0, -0.034879, -0.091144, 0.995226, 0.4, 0.990869, -0.132926, 0.022552, -0.0, 0.0, 0.0, 0.0, 1.0],
                [0.196204, 0.974898, 0.105246, -0.0, -0.052544, -0.096725, 0.993923, 0.4, 0.979154, -0.200542, 0.032247, -0.0, 0.0, 0.0, 0.0, 1.0],
                [0.448309, 0.872058, 0.196302, 0.0, -0.120054, -0.158876, 0.979972, 0.4, 0.88578, -0.462897, 0.033469, -0.0, 0.0, 0.0, 0.0, 1.0],
                [0.305918, 0.924519, 0.227325, 0.0, -0.081924, -0.212324, 0.973759, 0.4, 0.948526, -0.316514, 0.010787, 0.0, 0.0, 0.0, 0.0, 1.0],
                [0.000148, 0.95278, 0.30366, 0.0, -4.3e-05, -0.30366, 0.952781, 0.4, 1.0, -0.000154, -4e-06, -0.0, 0.0, 0.0, 0.0, 1.0]
            ]
        },
        {
            "name": "Arm_R",
            "time": [0.0, 0.0833, 0.1333, 0.15, 0.1833, 0.2, 0.2333, 0.25, 0.2833, 0.6, 0.8, 1.0, 1.0333, 1.0667, 1.1, 1.3],
            "transform": [
                [-0.581413, -0.81338, -0.019294, 0.0, 0.813578, -0.581433, -0.005174, 0.388213, -0.00701, -0.018705, 0.9998, -0.0, 0.0, 0.0, 0.0, 1.0],
                [0.27303, -0.726412, 0.630698, -0.0, 0.961103, 0.234357, -0.14614, 0.388213, -0.04165, 0.646066, 0.762144, 0.0, 0.0, 0.0, 0.0, 1.0],
                [0.19736, 0.094478, -0.975768, 0.0, -0.494259, 0.869171, -0.015812, 0.388213, 0.846615, 0.485403, 0.218236, 0.0, 0.0, 0.0, 0.0, 1.0],
                [-0.038086, 0.187051, -0.981611, -0.0, -0.298901, 0.935217, 0.189807, 0.388213, 0.953524, 0.300633, 0.020291, -0.0, 0.0, 0.0, 0.0, 1.0],
                [-0.129635, 0.007218, -0.991536, -0.0, -0.386197, 0.920641, 0.057194, 0.388213, 0.913261, 0.390342, -0.11656, -0.0, 0.0, 0.0, 0.0, 1.0],
                [0.029034, 0.284886, -0.958122, -0.0, -0.19262, 0.942155, 0.274301, 0.388213, 0.980844, 0.176589, 0.082229, -0.0, 0.0, 0.0, 0.0, 1.0],
                [0.139377, 0.742344, -0.655362, 0.0, -0.018747, 0.663681, 0.747781, 0.388213, 0.990062, -0.091937, 0.106419, 0.0, 0.0, 0.0, 0.0, 1.0],
                [0.666705, -0.136079, -0.732793, -0.0, -0.41738, 0.7464, -0.518343, 0.388213, 0.617493, 0.651435, 0.440832, 0.0, 0.0, 0.0, 0.0, 1.0],
                [0.512172, -0.352786, -0.783085, 0.0, -0.264684, 0.802541, -0.534668, 0.388213, 0.81708, 0.481112, 0.317663, -0.0, 0.0, 0.0, 0.0, 1.0],
                [0.483877, -0.363144, -0.796235, -0.0, -0.198944, 0.840373, -0.504176, 0.388213, 0.852221, 0.402365, 0.334393, -0.0, 0.0, 0.0, 0.0, 1.0],
                [0.434729, -0.492105, -0.754216, -0.0, -0.101062, 0.805546, -0.58385, 0.388213, 0.894871, 0.330039, 0.300462, 0.0, 0.0, 0.0, 0.0, 1.0],
                [0.106536, -0.94009, -0.323848, 0.0, 0.213012, 0.339718, -0.916088, 0.388213, 0.971223, 0.028613, 0.236444, 0.0, 0.0, 0.0, 0.0, 1.0],
                [0.053274, -0.911307, -0.408263, -1e-06, 0.21707, 0.409635, -0.886047, 0.388222, 0.9747, -0.041418, 0.219641, -3e-05, 0.0, 0.0, 0.0, 1.0],
                [-0.001883, 0.122679, -0.992445, -3e-06, 0.242378, 0.962908, 0.118569, 0.388249, 0.970179, -0.240323, -0.031548, -0.000113, 0.0, 0.0, 0.0, 1.0],
                [-0.029506, 0.167865, -0.985368, -5e-06, 0.293862, 0.943689, 0.151965, 0.388283, 0.955392, -0.285078, -0.077173, -0.00022, 0.0, 0.0, 0.0, 1.0],
                [0.253011, 0.122975, -0.959616, -2e-05, 0.773229, 0.570442, 0.276971, 0.388502, 0.581466, -0.812079, 0.04924, -0.00091, 0.0, 0.0, 0.0, 1.0]
            ]
        },
        {
            "name": "Hand_R",
            "time": [0.0, 0.0833, 0.1333, 0.15, 0.1833, 0.2333, 0.25, 0.2833, 0.6, 0.8, 1.0, 1.1, 1.3],
            "transform": [
                [0.999832, -0.013983, -0.011825, -0.0, 0.007391, 0.898927, -0.438036, 0.329779, 0.016755, 0.437876, 0.89888, -0.0, 0.0, 0.0, 0.0, 1.0],
                [0.9991, 0.016216, 0.039213, 0.0, 0.021788, 0.59693, -0.801997, 0.329779, -0.036412, 0.802129, 0.59604, 0.0, 0.0, 0.0, 0.0, 1.0],
                [0.997256, -0.073903, 0.004492, 0.0, 0.022996, 0.251496, -0.967585, 0.329779, 0.070378, 0.965033, 0.252505, -0.0, 0.0, 0.0, 0.0, 1.0],
                [0.998311, -0.056507, 0.013558, 0.0, 0.034091, 0.380557, -0.924129, 0.329779, 0.04706, 0.92303, 0.38184, 0.0, 0.0, 0.0, 0.0, 1.0],
                [1.000001, 0.0, 0.0, 0.0, -0.0, 1.000001, -0.0, 0.329779, -0.0, 0.0, 1.0, -0.0, 0.0, 0.0, 0.0, 1.0],
                [0.947594, 0.314912, -0.053833, 0.0, 0.15938, -0.612006, -0.774627, 0.329779, -0.276885, 0.725451, -0.630124, 0.0, 0.0, 0.0, 0.0, 1.0],
                [0.998997, -0.029578, -0.03366, 0.0, 0.029557, 0.999564, -0.001103, 0.329779, 0.033678, 0.000107, 0.999434, 0.0, 0.0, 0.0, 0.0, 1.0],
                [0.999999, 0.002253, 0.000222, 0.0, -0.002256, 0.9999, 0.014034, 0.329779, -0.000191, -0.014034, 0.999901, -0.0, 0.0, 0.0, 0.0, 1.0],
                [0.999999, 0.002253, 0.000222, -0.0, -0.002256, 0.9999, 0.014034, 0.329779, -0.000191, -0.014034, 0.999901, 0.0, 0.0, 0.0, 0.0, 1.0],
                [0.999999, 0.002253, 0.000222, -0.0, -0.002256, 0.999901, 0.014034, 0.329779, -0.000191, -0.014034, 0.999902, -0.0, 0.0, 0.0, 0.0, 1.0],
                [0.999999, 0.002253, 0.000222, 0.0, -0.002256, 0.9999, 0.014034, 0.329779, -0.000191, -0.014034, 0.999902, 0.0, 0.0, 0.0, 0.0, 1.0],
                [0.99996, 0.009, -0.000107, -0.0, -0.008993, 0.998586, -0.052424, 0.329779, -0.000365, 0.052423, 0.998625, 0.0, 0.0, 0.0, 0.0, 1.0],
                [0.999749, 0.022275, -0.002089, -0.0, -0.02228, 0.982753, -0.18358, 0.329779, -0.002037, 0.18358, 0.983002, -0.0, 0.0, 0.0, 0.0, 1.0]
            ]
        },
        {
            "name": "Tool_R",
            "time": [0.0, 0.0833, 0.1333, 0.15, 0.1833, 0.2333, 0.25, 0.2833, 0.6, 0.8, 1.0, 1.1, 1.3],
            "transform": [
                [1.0, 0.0, -0.0, -0.02, 0.0, -0.573576, 0.819165, 0.291426, 0.0, -0.819152, -0.573585, -0.0, 0.0, 0.0, 0.0, 1.0],
                [0.992427, -0.054328, -0.110174, -0.02, 0.032256, -0.750156, 0.660484, 0.291425, -0.118529, -0.659026, -0.742733, -0.0, 0.0, 0.0, 0.0, 1.0],
                [0.999866, 0.001233, 0.016288, -0.02, -0.001139, -0.989454, 0.144851, 0.291425, 0.016295, -0.144848, -0.989335, 0.0, 0.0, 0.0, 0.0, 1.0],
                [1.0, -0.0, 0.0, -0.02, -0.0, -0.992629, 0.121201, 0.291425, 0.0, -0.121199, -0.992644, 0.0, 0.0, 0.0, 0.0, 1.0],
                [0.99942, 0.034053, -0.000264, -0.02, 0.012852, -0.37001, 0.928953, 0.291425, 0.031536, -0.928404, -0.370239, -0.0, 0.0, 0.0, 0.0, 1.0],
                [0.999776, -0.006478, 0.020151, -0.02, 0.018445, -0.20033, -0.97957, 0.291425, 0.010383, 0.979708, -0.200169, -0.0, 0.0, 0.0, 0.0, 1.0],
                [0.999999, -0.001454, 1e-05, -0.02, 1e-06, -0.005929, -0.999998, 0.291425, 0.001454, 0.999981, -0.005929, -0.0, 0.0, 0.0, 0.0, 1.0],
                [1.0, 1.9e-05, -1e-06, -0.02, 0.0, -0.050293, -0.998749, 0.291425, -1.9e-05, 0.998735, -0.050294, 0.0, 0.0, 0.0, 0.0, 1.0],
                [1.0, 1.9e-05, -1e-06, -0.02, 0.0, -0.050293, -0.99875, 0.291426, -1.9e-05, 0.998735, -0.050294, -0.0, 0.0, 0.0, 0.0, 1.0],
                [1.0, 1.9e-05, -1e-06, -0.02, 0.0, -0.050293, -0.99875, 0.291425, -1.9e-05, 0.998735, -0.050294, -0.0, 0.0, 0.0, 0.0, 1.0],
                [1.0, 1.3e-05, -1.4e-05, -0.02, 0.0, -0.730827, -0.682574, 0.291426, -1.9e-05, 0.682564, -0.730838, -0.0, 0.0, 0.0, 0.0, 1.0],
                [1.0, 9e-06, -9e-06, -0.02, 2e-06, -0.818482, -0.574538, 0.291425, -1.2e-05, 0.574532, -0.818492, -0.0, 0.0, 0.0, 0.0, 1.0],
                [1.0, 0.0, 0.0, -0.02, 0.0, -0.897891, -0.440217, 0.291425, 0.0, 0.440217, -0.897891, -0.0, 0.0, 0.0, 0.0, 1.0]
            ]
        },
        {
            "name": "Elbow_R",
            "time": [0.0, 0.6, 0.8, 1.0, 1.1, 1.3],
            "transform": [
                [-1.0, -0.0, -1e-06, -0.0, 1e-06, 0.224716, -0.974424, 0.329779, 0.0, -0.974425, -0.224716, -0.0, 0.0, 0.0, 0.0, 1.0],
                [-0.999985, -0.0, 1.1e-05, -0.0, 0.0, -0.007005, -0.999964, 0.329779, -1.1e-05, -0.999963, 0.007021, 0.0, 0.0, 0.0, 0.0, 1.0],
                [-0.999984, 1e-06, 1.1e-05, -0.0, -2e-06, -0.007005, -0.999966, 0.329779, -1e-05, -0.999966, 0.007022, -0.0, 0.0, 0.0, 0.0, 1.0],
                [-0.999984, 4e-06, 1e-05, 0.0, -7e-06, -0.007007, -0.999964, 0.329779, -8e-06, -0.99997, 0.007023, -0.0, 0.0, 0.0, 0.0, 1.0],
                [-1.0, -0.0, -1e-06, -0.0, 0.0, 0.026221, -0.999658, 0.329779, 0.0, -0.999656, -0.026221, 0.0, 0.0, 0.0, 0.0, 1.0],
                [-1.0, -0.0, -1e-06, -0.0, 0.0, 0.092183, -0.995742, 0.329779, 0.0, -0.995742, -0.092183, -0.0, 0.0, 0.0, 0.0, 1.0]
            ]
        },
        {
            "name": "Shoulder_L",
            "time": [0.0, 0.0833, 0.1333, 0.15, 0.1833, 0.25, 0.2833, 0.6, 0.8, 1.0, 1.1, 1.3],
            "transform": [
                [-0.117936, -0.910272, -0.396857, 0.0, -0.031582, -0.396005, 0.917705, 0.4, -0.992519, 0.120764, 0.017955, 0.0, 0.0, 0.0, 0.0, 1.0],
                [-0.159761, -0.895828, -0.414691, -0.0, -0.042782, -0.413409, 0.909539, 0.4, -0.986228, 0.163051, 0.027721, -0.0, 0.0, 0.0, 0.0, 1.0],
                [-0.066468, -0.967177, -0.245258, 0.0, -0.0178, -0.244613, 0.969457, 0.4, -0.99763, 0.068803, -0.000956, 0.0, 0.0, 0.0, 0.0, 1.0],
                [-0.011772, -0.972805, -0.231328, 0.0, -0.003153, -0.231307, 0.972876, 0.4, -0.999926, 0.012182, -0.000344, 0.0, 0.0, 0.0, 0.0, 1.0],
                [0.006521, -0.974024, -0.226351, 0.0, 0.001746, -0.226344, 0.974046, 0.4, -0.999977, -0.006747, 0.000225, 0.0, 0.0, 0.0, 0.0, 1.0],
                [0.015675, -0.974508, -0.223804, -0.0, 0.004197, -0.223765, 0.974634, 0.4, -0.999869, -0.016217, 0.000583, 0.0, 0.0, 0.0, 0.0, 1.0],
                [0.105563, -0.97303, -0.205105, 0.0, 0.028268, -0.203238, 0.978721, 0.400001, -0.994011, -0.109115, 0.006051, -0.0, 0.0, 0.0, 0.0, 1.0],
                [0.105563, -0.97303, -0.205105, -0.0, 0.028268, -0.203238, 0.978721, 0.4, -0.994011, -0.109115, 0.006051, -0.0, 0.0, 0.0, 0.0, 1.0],
                [0.07557, -0.969459, -0.23332, -0.0, 0.020236, -0.232449, 0.972398, 0.4, -0.996935, -0.078205, 0.002052, -0.0, 0.0, 0.0, 0.0, 1.0],
                [0.045435, -0.964115, -0.261569, 0.0, 0.012167, -0.261286, 0.965185, 0.4, -0.998893, -0.047036, -0.000141, -0.0, 0.0, 0.0, 0.0, 1.0],
                [0.030341, -0.960777, -0.275657, 0.0, 0.008125, -0.275538, 0.961256, 0.4, -0.999507, -0.031405, -0.000554, 0.0, 0.0, 0.0, 0.0, 1.0],
                [0.000149, -0.952781, -0.303659, 0.0, 4e-05, -0.303659, 0.952781, 0.4, -1.0, -0.000154, -7e-06, -0.0, 0.0, 0.0, 0.0, 1.0]
            ]
        },
        {
            "name": "Arm_L",
            "time": [0.0, 0.0833, 0.1333, 0.15, 0.1833, 0.25, 0.2833, 0.6, 0.8, 1.0, 1.1, 1.3],
            "transform": [
                [-0.325059, 0.943831, -0.059323, -0.0, 0.22998, 0.018048, -0.973028, 0.388212, -0.917304, -0.329934, -0.222929, 1e-06, 0.0, 0.0, 0.0, 1.0],
                [-0.182663, 0.836143, -0.517203, -0.0, 0.619928, -0.31035, -0.720675, 0.388212, -0.763101, -0.452269, -0.461659, 1e-06, 0.0, 0.0, 0.0, 1.0],
                [-0.128379, 0.735691, 0.665039, 0.0, -0.116791, 0.654707, -0.746806, 0.388212, -0.984824, -0.173544, 0.001871, 1e-06, 0.0, 0.0, 0.0, 1.0],
                [-0.080511, 0.832593, 0.548002, -0.0, -0.276584, 0.509536, -0.814785, 0.388212, -0.957611, -0.217168, 0.189259, 0.0, 0.0, 0.0, 0.0, 1.0],
                [0.074179, 0.553222, 0.829725, -0.0, 0.260618, 0.792348, -0.551601, 0.388212, -0.962588, 0.257158, -0.085404, 0.0, 0.0, 0.0, 0.0, 1.0],
                [-0.045679, -0.063812, 0.996916, -0.0, -0.349052, 0.936073, 0.043924, 0.388212, -0.935989, -0.345969, -0.065033, 0.0, 0.0, 0.0, 0.0, 1.0],
                [-0.062262, -0.353805, 0.933245, 2e-06, -0.394473, 0.867648, 0.302619, 0.388244, -0.916796, -0.349298, -0.193588, -0.000101, 0.0, 0.0, 0.0, 1.0],
                [-0.062262, -0.353805, 0.933245, 2e-06, -0.394473, 0.867648, 0.302619, 0.388245, -0.916796, -0.349298, -0.193588, -0.000101, 0.0, 0.0, 0.0, 1.0],
                [-0.016216, -0.293293, 0.955886, 7e-06, -0.58889, 0.775409, 0.227927, 0.388318, -0.808051, -0.559215, -0.185291, -0.000332, 0.0, 0.0, 0.0, 1.0],
                [0.014632, -0.221465, 0.975059, 1.2e-05, -0.757114, 0.634511, 0.155478, 0.388392, -0.653119, -0.740505, -0.15839, -0.000563, 0.0, 0.0, 0.0, 1.0],
                [0.023411, -0.183194, 0.982798, 1.4e-05, -0.826631, 0.54934, 0.122089, 0.388429, -0.562257, -0.81527, -0.138573, -0.000678, 0.0, 0.0, 0.0, 1.0],
                [0.027462, -0.106197, 0.993966, 1.9e-05, -0.930733, 0.360023, 0.06418, 0.388503, -0.364667, -0.926879, -0.088954, -0.000909, 0.0, 0.0, 0.0, 1.0]
            ]
        },
        {
            "name": "Hand_L",
            "time": [0.0, 0.0833, 0.1333, 0.15, 0.1833, 0.25, 0.2833, 0.6, 0.8, 1.0, 1.1, 1.3],
            "transform": [
                [0.995564, 0.073318, 0.058971, -0.0, -0.016753, 0.754857, -0.655676, 0.329779, -0.092588, 0.651779, 0.752737, 0.0, 0.0, 0.0, 0.0, 1.0],
                [0.991555, 0.109249, 0.069884, -0.0, -0.054468, 0.839841, -0.540093, 0.329779, -0.117696, 0.531726, 0.838699, 0.0, 0.0, 0.0, 0.0, 1.0],
                [0.998764, -0.039274, -0.030462, 0.0, 0.036096, 0.994466, -0.098663, 0.329779, 0.034168, 0.097441, 0.994655, -0.0, 0.0, 0.0, 0.0, 1.0],
                [0.999382, -0.021784, -0.027609, 0.0, 0.021948, 0.999743, 0.005672, 0.329779, 0.027478, -0.006275, 0.999603, 0.0, 0.0, 0.0, 0.0, 1.0],
                [0.999537, -0.023556, -0.019275, -0.0, 0.017329, 0.961044, -0.275854, 0.329779, 0.025022, 0.275392, 0.961007, -0.0, 0.0, 0.0, 0.0, 1.0],
                [0.999605, -0.023303, 0.015728, -0.0, 0.01504, -0.029422, -0.999455, 0.329779, 0.023753, 0.999296, -0.02906, 0.0, 0.0, 0.0, 0.0, 1.0],
                [0.99994, -0.008443, -0.007044, 0.0, -0.008274, -0.15582, -0.987751, 0.329779, 0.007242, 0.987749, -0.15588, -0.0, 0.0, 0.0, 0.0, 1.0],
                [0.99994, -0.008443, -0.007044, -0.0, -0.008274, -0.15582, -0.987751, 0.329779, 0.007242, 0.987749, -0.15588, -0.0, 0.0, 0.0, 0.0, 1.0],
                [0.999966, -0.005081, -0.006545, -0.0, -0.004926, 0.270548, -0.962694, 0.329779, 0.006663, 0.962693, 0.270514, 0.0, 0.0, 0.0, 0.0, 1.0],
                [0.999987, -0.002091, -0.004537, -0.0, -0.001983, 0.667381, -0.744714, 0.329779, 0.004585, 0.744713, 0.667368, 0.0, 0.0, 0.0, 0.0, 1.0],
                [0.999994, -0.001029, -0.003109, -0.0, -0.000956, 0.816212, -0.577752, 0.329779, 0.003132, 0.577751, 0.816206, 0.0, 0.0, 0.0, 0.0, 1.0],
                [1.0, 0.0, 0.0, 0.0, -0.0, 0.979783, -0.200062, 0.329779, -0.0, 0.200062, 0.979782, -0.0, 0.0, 0.0, 0.0, 1.0]
            ]
        },
        {
            "name": "Tool_L",
            "time": [0.0, 0.6, 0.8, 1.0, 1.1, 1.3],
            "transform": [
                [1.0, -0.0, 0.0, 0.02, -0.0, -1.0, 0.0, 0.291426, 0.0, 0.0, -1.0, -0.0, 0.0, 0.0, 0.0, 1.0],
                [1.0, -0.0, 0.0, 0.02, -0.0, -1.0, 0.0, 0.291426, 0.0, 0.0, -1.0, -0.0, 0.0, 0.0, 0.0, 1.0],
                [1.0, -0.0, 0.0, 0.02, -0.0, -1.0, 0.0, 0.291426, 0.0, 0.0, -1.0, -0.0, 0.0, 0.0, 0.0, 1.0],
                [1.0, -0.0, 0.0, 0.02, -0.0, -1.0, 0.0, 0.291426, 0.0, 0.0, -1.0, -0.0, 0.0, 0.0, 0.0, 1.0],
                [1.0, -0.0, 0.0, 0.02, -0.0, -1.0, -0.0, 0.291426, 0.0, -0.0, -1.0, -0.0, 0.0, 0.0, 0.0, 1.0],
                [1.0, 0.0, 0.0, 0.02, 0.0, -1.0, 0.0, 0.291426, 0.0, -0.0, -1.000001, -0.0, 0.0, 0.0, 0.0, 1.0]
            ]
        },
        {
            "name": "Elbow_L",
            "time": [0.0, 0.6, 0.8, 1.0, 1.1, 1.3],
            "transform": [
                [-1.0, 0.0, -0.0, -0.0, 0.0, 0.349297, -0.937012, 0.410827, 0.0, -0.937012, -0.349297, -0.0, 0.0, 0.0, 0.0, 1.0],
                [-1.0, 1e-06, -0.0, 0.0, 1e-06, 0.760225, -0.649661, 0.410827, -0.0, -0.64966, -0.760225, -0.0, 0.0, 0.0, 0.0, 1.0],
                [-1.0, 0.0, -0.0, -0.0, 1e-06, 0.603937, -0.797032, 0.392008, 0.0, -0.797032, -0.603937, -0.0, 0.0, 0.0, 0.0, 1.0],
                [-1.0, 0.0, -1e-06, -0.0, 0.0, 0.407814, -0.913065, 0.357619, 0.0, -0.913065, -0.407814, 0.0, 0.0, 0.0, 0.0, 1.0],
                [-1.0, -0.0, -0.0, 0.0, 0.0, 0.303141, -0.952946, 0.344332, 0.0, -0.952945, -0.303141, 0.0, 0.0, 0.0, 0.0, 1.0],
                [-1.0, -0.0, -0.0, 0.0, 0.0, 0.10054, -0.994933, 0.329779, -0.0, -0.994933, -0.10054, -0.0, 0.0, 0.0, 0.0, 1.0]
            ]
        }
    ]
}