{
    "animation": [
        {
            "name": "Root",
            "time": [0.0, 0.1, 0.2, 0.25, 0.2833, 0.3, 0.35, 0.3667, 0.4167, 0.4667, 0.5167, 0.7],
            "transform": [
                [0.238122, -0.141324, 0.960898, -5e-06, 0.970726, 0.06667, -0.230752, 0.000946, -0.031452, 0.987716, 0.153062, 0.773972, 0.0, 0.0, 0.0, 1.0],
                [-0.01869, -0.141324, 0.989787, -5e-06, 0.917275, 0.391468, 0.073216, 0.090946, -0.397817, 0.909275, 0.122316, 0.753972, 0.0, 0.0, 0.0, 1.0],
                [0.889153, -0.141323, 0.435241, -5e-06, 0.454013, 0.391468, -0.800391, 0.300946, -0.057269, 0.909275, 0.412237, 0.733972, 0.0, 0.0, 0.0, 1.0],
                [0.998362, 0.049443, -0.028801, -5e-06, -0.044954, 0.366358, -0.929387, 0.400946, -0.0354, 0.929159, 0.367981, 0.713972, 0.0, 0.0, 0.0, 1.0],
                [0.177488, -0.044062, 0.983136, -5e-06, 0.860142, 0.49235, -0.133217, 0.800946, -0.478177, 0.869281, 0.125286, 0.773972, 0.0, 0.0, 0.0, 1.0],
                [-0.190281, -0.141323, 0.971504, -5e-06, 0.890625, 0.391468, 0.231386, 0.900946, -0.413013, 0.909275, 0.051377, 0.773972, 0.0, 0.0, 0.0, 1.0],
                [-0.190281, -0.141324, 0.971504, -5e-06, 0.890625, 0.391468, 0.231386, 0.900946, -0.413013, 0.909275, 0.051377, 0.753972, 0.0, 0.0, 0.0, 1.0],
                [-0.190281, -0.141323, 0.971504, -5e-06, 0.902954, 0.363203, 0.229689, 0.900946, -0.385314, 0.92093, 0.058498, 0.747305, 0.0, 0.0, 0.0, 1.0],
                [-0.190281, -0.141324, 0.971505, -5e-06, 0.968137, 0.137091, 0.209564, 0.900946, -0.162801, 0.980425, 0.110735, 0.733972, 0.0, 0.0, 0.0, 1.0],
                [-0.190281, -0.141323, 0.971504, -5e-06, 0.937762, 0.266667, 0.222464, 0.900946, -0.290507, 0.953371, 0.081786, 0.653972, 0.0, 0.0, 0.0, 1.0],
                [-0.190281, -0.141323, 0.971504, -5e-06, 0.890625, 0.391468, 0.231386, 0.900946, -0.413013, 0.909275, 0.051377, 0.573972, 0.0, 0.0, 0.0, 1.0],
                [-0.190281, -0.141323, 0.971504, -5e-06, 0.890625, 0.391468, 0.231386, 0.900946, -0.413013, 0.909275, 0.051377, 0.393972, 0.0, 0.0, 0.0, 1.0]
            ]
        },
        {
            "name": "Thigh_R",
            "time": [0.0, 0.1, 0.2, 0.25, 0.3, 0.35, 0.3667, 0.4167, 0.4667, 0.5167, 0.7],
            "transform": [
                [0.998997, 0.029167, -0.033966, 0.124994, 0.042749, -0.396064, 0.917227, -0.002831, 0.013301, -0.91776, -0.396913, -1.2e-05, 0.0, 0.0, 0.0, 1.0],
                [0.999298, -0.019189, -0.031088, 0.124994, 0.035306, 0.726562, 0.686188, -0.002831, 0.009423, -0.686795, 0.726746, -1.2e-05, 0.0, 0.0, 0.0, 1.0],
                [0.999786, -0.018202, -0.009788, 0.124994, 0.019771, 0.704374, 0.709549, -0.002831, -0.006021, -0.709589, 0.704585, -1.2e-05, 0.0, 0.0, 0.0, 1.0],
                [0.992617, -0.117318, -0.030782, 0.124994, 0.085045, 0.492252, 0.866285, -0.002831, -0.086478, -0.862506, 0.498596, -1.2e-05, 0.0, 0.0, 0.0, 1.0],
                [0.974641, 0.079793, 0.209062, 0.124994, -0.209718, -0.000159, 0.97776, -0.002831, 0.078052, -0.996808, 0.016579, -1.2e-05, 0.0, 0.0, 0.0, 1.0],
                [0.959078, 0.076461, 0.272622, 0.124994, -0.273481, 0.000793, 0.961875, -0.002831, 0.07333, -0.997068, 0.021671, -1.2e-05, 0.0, 0.0, 0.0, 1.0],
                [0.987557, 0.001181, 0.157221, 0.124994, -0.154977, 0.175859, 0.972138, -0.002831, -0.0265, -0.984406, 0.173853, -1.2e-05, 0.0, 0.0, 0.0, 1.0],
                [0.981799, 0.069476, 0.176758, 0.124994, -0.179002, 0.027457, 0.983463, -0.002831, 0.063474, -0.997202, 0.039394, -1.2e-05, 0.0, 0.0, 0.0, 1.0],
                [0.99966, 0.025097, -0.00124, 0.124994, 0.006223, -0.199951, 0.97978, -0.002831, 0.024344, -0.979455, -0.200048, -1.2e-05, 0.0, 0.0, 0.0, 1.0],
                [0.98381, 0.029941, -0.176687, 0.124994, 0.172982, -0.416246, 0.892642, -0.002831, -0.046819, -0.908755, -0.414687, -1.2e-05, 0.0, 0.0, 0.0, 1.0],
                [0.995848, 0.048974, -0.076724, 0.124994, 0.077442, -0.012941, 0.996909, -0.002831, 0.04783, -0.998714, -0.01668, -1.2e-05, 0.0, 0.0, 0.0, 1.0]
            ]
        },
        {
            "name": "Leg_R",
            "time": [0.0, 0.1, 0.2, 0.25, 0.3, 0.35, 0.3667, 0.4167, 0.4667, 0.5167, 0.7],
            "transform": [
                [0.999553, 0.029741, -0.002836, -0.0, 0.010936, -0.275888, 0.961127, 0.37472, 0.027803, -0.96073, -0.27609, 0.0, 0.0, 0.0, 0.0, 1.0],
                [0.999553, 0.028917, 0.007511, -0.0, 0.010933, -0.587974, 0.808805, 0.37472, 0.027804, -0.808363, -0.588028, -0.0, 0.0, 0.0, 0.0, 1.0],
                [0.999925, 0.011195, -0.004634, 0.0, 0.008722, -0.399639, 0.916631, 0.37472, 0.00841, -0.916604, -0.399707, 0.0, 0.0, 0.0, 0.0, 1.0],
                [0.999925, 0.011195, -0.004634, 0.0, 0.008722, -0.399639, 0.916631, 0.37472, 0.00841, -0.916604, -0.399708, 0.0, 0.0, 0.0, 0.0, 1.0],
                [0.999926, 0.011195, -0.004634, 0.0, 0.008722, -0.399639, 0.916631, 0.37472, 0.00841, -0.916604, -0.399707, -0.0, 0.0, 0.0, 0.0, 1.0],
                [0.999926, 0.011195, -0.004634, 0.0, 0.008722, -0.399639, 0.916631, 0.37472, 0.00841, -0.916604, -0.399707, -0.0, 0.0, 0.0, 0.0, 1.0],
                [0.999925, 0.011195, -0.004634, -0.0, 0.008722, -0.399639, 0.916631, 0.37472, 0.00841, -0.916604, -0.399707, 0.0, 0.0, 0.0, 0.0, 1.0],
                [0.999632, 0.026311, -0.006395, -0.0, 0.013083, -0.262568, 0.964824, 0.37472, 0.023706, -0.964555, -0.262816, 0.0, 0.0, 0.0, 0.0, 1.0],
                [0.998697, 0.047404, -0.01885, 0.0, 0.024195, -0.114835, 0.99309, 0.37472, 0.044912, -0.992253, -0.115832, -0.0, 0.0, 0.0, 0.0, 1.0],
                [0.997204, 0.06637, -0.03431, 0.0, 0.031992, 0.035677, 0.998851, 0.37472, 0.067518, -0.997158, 0.033454, -0.0, 0.0, 0.0, 0.0, 1.0],
                [0.999923, 0.009966, -0.007274, -0.0, 0.010956, -0.446002, 0.894965, 0.37472, 0.005675, -0.894975, -0.446077, -0.0, 0.0, 0.0, 0.0, 1.0]
            ]
        },
        {
            "name": "Knee_R",
            "time": [0.0, 0.1, 0.2, 0.25, 0.3, 0.35, 0.3667, 0.4167, 0.4667, 0.5167, 0.7],
            "transform": [
                [0.999861, 0.01417, -0.008839, -0.0, -0.016636, 0.798614, -0.601613, 0.37472, -0.001466, 0.601676, 0.798739, 0.0, 0.0, 0.0, 0.0, 1.0],
                [0.999846, 0.016766, -0.005112, -0.0, -0.017262, 0.89093, -0.453841, 0.37472, -0.003058, 0.453807, 0.89108, -0.0, 0.0, 0.0, 0.0, 1.0],
                [0.999976, 0.004351, -0.005345, 0.0, -0.006569, 0.836549, -0.547855, 0.37472, 0.002088, 0.547876, 0.836556, 0.0, 0.0, 0.0, 0.0, 1.0],
                [0.999977, 0.004351, -0.005346, 0.0, -0.006569, 0.836549, -0.547855, 0.37472, 0.002088, 0.547876, 0.836556, 0.0, 0.0, 0.0, 0.0, 1.0],
                [0.999976, 0.004351, -0.005345, 0.0, -0.006568, 0.836549, -0.547855, 0.37472, 0.002088, 0.547876, 0.836555, -0.0, 0.0, 0.0, 0.0, 1.0],
                [0.999976, 0.004351, -0.005345, 0.0, -0.006568, 0.836549, -0.547855, 0.37472, 0.002088, 0.547876, 0.836555, -0.0, 0.0, 0.0, 0.0, 1.0],
                [0.999976, 0.004351, -0.005345, -0.0, -0.006568, 0.836551, -0.547858, 0.37472, 0.002089, 0.547873, 0.836554, 0.0, 0.0, 0.0, 0.0, 1.0],
                [0.999886, 0.01158, -0.009706, -0.0, -0.015095, 0.794475, -0.607111, 0.37472, 0.000681, 0.607187, 0.794558, 0.0, 0.0, 0.0, 0.0, 1.0],
                [0.999609, 0.019486, -0.020065, 0.0, -0.027897, 0.746439, -0.66489, 0.37472, 0.002026, 0.665173, 0.746669, -0.0, 0.0, 0.0, 0.0, 1.0],
                [0.999187, 0.02627, -0.030593, 0.0, -0.040255, 0.69403, -0.71882, 0.37472, 0.002349, 0.719467, 0.694524, -0.0, 0.0, 0.0, 0.0, 1.0],
                [0.999975, 0.002962, -0.006416, -0.0, -0.005896, 0.850297, -0.526269, 0.37472, 0.003897, 0.526295, 0.850294, -0.0, 0.0, 0.0, 0.0, 1.0]
            ]
        },
        {
            "name": "Thigh_L",
            "time": [0.0, 0.1, 0.2, 0.25, 0.2833, 0.3, 0.35, 0.3667, 0.4167, 0.4667, 0.5167, 0.7],
            "transform": [
                [0.999644, -0.025772, -0.005712, -0.125006, -0.021291, -0.915025, 0.402832, -0.002831, -0.015607, -0.40257, -0.915251, -1.2e-05, 0.0, 0.0, 0.0, 1.0],
                [0.980278, -0.148219, -0.130672, -0.125006, 0.015891, -0.600032, 0.799817, -0.002831, -0.196955, -0.786127, -0.585844, -1.2e-05, 0.0, 0.0, 0.0, 1.0],
                [0.992824, -0.119184, 0.009299, -0.125006, -0.11486, -0.929454, 0.350599, -0.002831, -0.033142, -0.349153, -0.936477, -1.2e-05, 0.0, 0.0, 0.0, 1.0],
                [0.947299, 0.134307, -0.29082, -0.125006, 0.21106, -0.94463, 0.251247, -0.00283, -0.240972, -0.299388, -0.923198, -1.2e-05, 0.0, 0.0, 0.0, 1.0],
                [0.970772, -0.231776, 0.062221, -0.125006, -0.231599, -0.836904, 0.495934, -0.002831, -0.062872, -0.495852, -0.866125, -1.2e-05, 0.0, 0.0, 0.0, 1.0],
                [0.925222, -0.339235, 0.169926, -0.125006, -0.370468, -0.711061, 0.597613, -0.002831, -0.081904, -0.615881, -0.783568, -1.2e-05, 0.0, 0.0, 0.0, 1.0],
                [0.953612, -0.274739, 0.123012, -0.125006, -0.292068, -0.745561, 0.599025, -0.00283, -0.072863, -0.60717, -0.791222, -1.2e-05, 0.0, 0.0, 0.0, 1.0],
                [0.959658, -0.264074, 0.096497, -0.125006, -0.267214, -0.749962, 0.605102, -0.002831, -0.087423, -0.60648, -0.790275, -1.2e-05, 0.0, 0.0, 0.0, 1.0],
                [0.928665, -0.233293, 0.288349, -0.125006, -0.362515, -0.735316, 0.572614, -0.002831, 0.078441, -0.636301, -0.767439, -1.2e-05, 0.0, 0.0, 0.0, 1.0],
                [0.994732, -0.052951, 0.087724, -0.125006, -0.092874, -0.827587, 0.553597, -0.00283, 0.043285, -0.55883, -0.828149, -1.2e-05, 0.0, 0.0, 0.0, 1.0],
                [0.983906, 0.149907, -0.097205, -0.125006, 0.178309, -0.858156, 0.481424, -0.00283, -0.011248, -0.491011, -0.871078, -1.2e-05, 0.0, 0.0, 0.0, 1.0],
                [0.999169, 0.035604, 0.018255, -0.125006, 0.011035, -0.684182, 0.729207, -0.00283, 0.038466, -0.728398, -0.684034, -1.2e-05, 0.0, 0.0, 0.0, 1.0]
            ]
        },
        {
            "name": "Leg_L",
            "time": [0.0, 0.1, 0.2, 0.25, 0.2833, 0.3, 0.35, 0.3667, 0.4167, 0.4667, 0.5167, 0.7],
            "transform": [
                [0.99897, -0.038505, 0.024003, 0.0, 0.008717, 0.682003, 0.731298, 0.37472, -0.044529, -0.730332, 0.68164, -0.0, 0.0, 0.0, 0.0, 1.0],
                [0.999857, -0.008939, -0.014369, 0.0, 0.008724, -0.455261, 0.890318, 0.37472, -0.0145, -0.89031, -0.45512, -0.0, 0.0, 0.0, 0.0, 1.0],
                [0.9848, -0.173681, -0.001858, 0.0, 0.003849, 0.011126, 0.999935, 0.37472, -0.173649, -0.984734, 0.011626, 0.0, 0.0, 0.0, 0.0, 1.0],
                [0.987798, -0.154945, 0.015698, -0.0, 0.008619, 0.15503, 0.987877, 0.37472, -0.1555, -0.975678, 0.154475, 0.0, 0.0, 0.0, 0.0, 1.0],
                [0.987342, -0.201543, 0.066566, 0.0, 0.008615, 0.654859, 0.883814, 0.37472, -0.15837, -1.22088, 0.463074, -0.0, 0.0, 0.0, 0.0, 1.0],
                [0.987018, -0.151545, 0.053189, -0.0, 0.008612, 0.380642, 0.924678, 0.37472, -0.160376, -0.912226, 0.377002, -0.0, 0.0, 0.0, 0.0, 1.0],
                [0.987018, -0.151545, 0.053189, -0.0, 0.008612, 0.380642, 0.924678, 0.37472, -0.160376, -0.912226, 0.377002, -0.0, 0.0, 0.0, 0.0, 1.0],
                [0.998178, -0.038396, 0.046555, 0.0, -0.029071, 0.370094, 0.928535, 0.37472, -0.052882, -0.928206, 0.3683, 0.0, 0.0, 0.0, 0.0, 1.0],
                [0.998719, 0.007941, 0.049969, 0.0, -0.049582, 0.350302, 0.935328, 0.37472, -0.010077, -0.936597, 0.350251, -0.0, 0.0, 0.0, 0.0, 1.0],
                [0.999182, -0.010758, 0.047442, 0.0, -0.03768, 0.448492, 0.934941, 0.37472, -0.02835, -0.975227, 0.429441, 0.0, 0.0, 0.0, 0.0, 1.0],
                [0.999243, -0.032364, 0.046065, 0.0, -0.024467, 0.553806, 0.927778, 0.37472, -0.045714, -1.00385, 0.510353, 0.0, 0.0, 0.0, 0.0, 1.0],
                [0.999723, -0.020032, -0.012348, -0.0, 0.008723, -0.171853, 0.985079, 0.37472, -0.021856, -0.984922, -0.171629, 0.0, 0.0, 0.0, 0.0, 1.0]
            ]
        },
        {
            "name": "Knee_L",
            "time": [0.0, 0.1, 0.2, 0.25, 0.3, 0.35, 0.3667, 0.4167, 0.4667, 0.5167, 0.7],
            "transform": [
                [0.999731, -0.01676, 0.016008, 0.0, 0.021361, 0.398413, -0.916957, 0.37472, 0.008991, 0.917053, 0.398664, -0.0, 0.0, 0.0, 0.0, 1.0],
                [0.999953, -0.008494, -0.00468, 0.0, 0.004803, 0.852969, -0.521934, 0.37472, 0.008426, 0.52189, 0.852975, -0.0, 0.0, 0.0, 0.0, 1.0],
                [0.995552, -0.087499, 0.034939, 0.0, 0.086303, 0.698143, -0.710737, 0.37472, 0.037796, 0.710591, 0.70259, 0.0, 0.0, 0.0, 0.0, 1.0],
                [0.99653, -0.074767, 0.036591, -0.0, 0.076356, 0.646013, -0.759498, 0.37472, 0.033147, 0.759657, 0.64948, 0.0, 0.0, 0.0, 0.0, 1.0],
                [0.99645, -0.067878, 0.049797, -0.0, 0.079109, 0.552683, -0.829628, 0.37472, 0.028792, 0.830623, 0.556091, -0.0, 0.0, 0.0, 0.0, 1.0],
                [0.99645, -0.067879, 0.049797, -0.0, 0.079109, 0.552683, -0.829628, 0.37472, 0.028792, 0.830623, 0.556091, -0.0, 0.0, 0.0, 0.0, 1.0],
                [0.999502, -0.012049, 0.029187, 0.0, 0.030919, 0.561155, -0.827133, 0.37472, -0.006413, 0.827624, 0.561248, 0.0, 0.0, 0.0, 0.0, 1.0],
                [0.999648, 0.011792, 0.023747, 0.0, 0.012796, 0.569862, -0.821641, 0.37472, -0.023221, 0.821655, 0.569511, -0.0, 0.0, 0.0, 0.0, 1.0],
                [0.999698, 0.001739, 0.024504, 0.0, 0.019693, 0.539575, -0.841707, 0.37472, -0.014686, 0.841935, 0.539377, 0.0, 0.0, 0.0, 0.0, 1.0],
                [0.999639, -0.00817, 0.025595, 0.0, 0.026192, 0.508484, -0.860672, 0.37472, -0.005983, 0.861033, 0.508515, 0.0, 0.0, 0.0, 0.0, 1.0],
                [0.999916, -0.012889, -0.001506, -0.0, 0.008894, 0.765367, -0.643553, 0.37472, 0.009456, 0.643479, 0.765389, 0.0, 0.0, 0.0, 0.0, 1.0]
            ]
        },
        {
            "name": "Torso",
            "time": [0.0, 0.1, 0.2, 0.25, 0.3, 0.35, 0.3667, 0.4167, 0.4667, 0.5167, 0.7],
            "transform": [
                [0.998774, 0.049233, -0.005152, 0.0, -0.048383, 0.948905, -0.31183, 0.05, -0.010463, 0.311697, 0.950124, -0.0, 0.0, 0.0, 0.0, 1.0],
                [0.998774, 0.049233, -0.005152, -0.0, -0.048383, 0.948905, -0.31183, 0.05, -0.010463, 0.311697, 0.950124, -0.0, 0.0, 0.0, 0.0, 1.0],
                [0.998774, 0.049233, -0.005152, 0.0, -0.048383, 0.948905, -0.31183, 0.05, -0.010463, 0.311697, 0.950124, -0.0, 0.0, 0.0, 0.0, 1.0],
                [0.999024, 0.042384, -0.012399, 0.0, -0.04372, 0.988838, -0.142437, 0.05, 0.006223, 0.14284, 0.989726, 0.0, 0.0, 0.0, 0.0, 1.0],
                [0.998774, 0.049233, -0.005152, 0.0, -0.048383, 0.948905, -0.31183, 0.05, -0.010463, 0.311697, 0.950124, 0.0, 0.0, 0.0, 0.0, 1.0],
                [0.989748, 0.141105, -0.022077, 0.0, -0.140502, 0.934235, -0.327816, 0.05, -0.025632, 0.327557, 0.944484, 0.0, 0.0, 0.0, 0.0, 1.0],
                [0.994349, 0.105063, -0.015225, 0.0, -0.104359, 0.941066, -0.321721, 0.05, -0.019473, 0.321491, 0.946712, -0.0, 0.0, 0.0, 0.0, 1.0],
                [0.999472, 0.032402, -0.002242, 0.0, -0.031511, 0.950624, -0.308743, 0.05, -0.007872, 0.30865, 0.951143, -0.0, 0.0, 0.0, 0.0, 1.0],
                [0.996159, -0.085983, 0.016581, 0.0, 0.08713, 0.954362, -0.28566, 0.05, 0.008737, 0.286007, 0.958188, -0.0, 0.0, 0.0, 0.0, 1.0],
                [0.978544, -0.203475, 0.032401, -0.0, 0.204817, 0.943535, -0.26037, 0.05, 0.022407, 0.26142, 0.964965, 0.0, 0.0, 0.0, 0.0, 1.0],
                [0.978544, -0.203475, 0.032401, -0.0, 0.204817, 0.943535, -0.26037, 0.05, 0.022407, 0.26142, 0.964965, 0.0, 0.0, 0.0, 0.0, 1.0]
            ]
        },
        {
            "name": "Chest",
            "time": [0.0, 0.1, 0.2, 0.25, 0.3, 0.35, 0.3667, 0.4167, 0.4667, 0.5167, 0.7],
            "transform": [
                [0.686386, -0.240101, 0.686459, -0.0, 0.251994, 0.963971, 0.085198, 0.3, -0.682183, 0.114505, 0.72216, -0.0, 0.0, 0.0, 0.0, 1.0],
                [0.614546, -0.402225, 0.678637, 0.0, 0.348411, 0.910193, 0.22396, 0.3, -0.707773, 0.098811, 0.699495, -0.0, 0.0, 0.0, 0.0, 1.0],
                [0.331665, -0.297391, -0.895297, -0.0, 0.045502, 0.952952, -0.299685, 0.3, 0.942299, 0.058657, 0.329593, -0.0, 0.0, 0.0, 0.0, 1.0],
                [0.689414, -0.505588, -0.518738, -0.0, 0.228284, 0.83128, -0.506813, 0.3, 0.687455, 0.230984, 0.688514, 0.0, 0.0, 0.0, 0.0, 1.0],
                [0.949865, -0.128164, -0.285185, 0.0, 0.311367, 0.470617, 0.825573, 0.3, 0.028404, -0.87298, 0.486929, 0.0, 0.0, 0.0, 0.0, 1.0],
                [0.887558, -0.273007, -0.371091, -0.0, 0.446929, 0.314797, 0.837351, 0.3, -0.111785, -0.909049, 0.401415, -0.0, 0.0, 0.0, 0.0, 1.0],
                [0.944471, -0.248613, -0.214862, -0.0, 0.29657, 0.363374, 0.883179, 0.3, -0.141495, -0.897859, 0.416928, -0.0, 0.0, 0.0, 0.0, 1.0],
                [0.977896, -0.176197, 0.112579, 0.0, -0.022772, 0.445472, 0.895006, 0.3, -0.207848, -0.877787, 0.431613, -0.0, 0.0, 0.0, 0.0, 1.0],
                [0.945308, -0.200672, 0.257145, -0.0, -0.105763, 0.557188, 0.823623, 0.3, -0.308557, -0.805774, 0.505491, 0.0, 0.0, 0.0, 0.0, 1.0],
                [0.894226, -0.20504, 0.397894, 0.0, -0.172791, 0.661893, 0.729411, 0.3, -0.412921, -0.721011, 0.556453, 0.0, 0.0, 0.0, 0.0, 1.0],
                [0.894226, -0.20504, 0.397894, 0.0, -0.172791, 0.661893, 0.729411, 0.3, -0.412921, -0.721011, 0.556453, 0.0, 0.0, 0.0, 0.0, 1.0]
            ]
        },
        {
            "name": "Head",
            "time": [0.0, 0.1, 0.2, 0.25, 0.3, 0.35, 0.3667, 0.4167, 0.4667, 0.5167, 0.7],
            "transform": [
                [-0.44637, 0.303143, -0.841937, 0.0, 0.223862, 0.948783, 0.222929, 0.4, 0.866395, -0.08897, -0.49137, -0.0, 0.0, 0.0, 0.0, 1.0],
                [-0.650052, 0.15205, -0.744523, 0.0, 0.264121, 0.963899, -0.033755, 0.4, 0.712512, -0.218587, -0.666744, -0.0, 0.0, 0.0, 0.0, 1.0],
                [0.724241, 0.112162, 0.680364, 0.0, -0.195005, 0.97972, 0.046068, 0.4, -0.661399, -0.166038, 0.731425, 0.0, 0.0, 0.0, 0.0, 1.0],
                [0.672934, 0.330284, 0.661871, 0.0, -0.441757, 0.897134, 0.001456, 0.4, -0.593305, -0.293366, 0.749617, -0.0, 0.0, 0.0, 0.0, 1.0],
                [-0.106568, -0.173424, -0.979064, -0.0, -0.745358, 0.66565, -0.036778, 0.4, 0.658093, 0.725834, -0.2002, 0.0, 0.0, 0.0, 0.0, 1.0],
                [-0.208635, -0.089367, -0.973902, 0.0, -0.777095, 0.619766, 0.109603, 0.4, 0.593796, 0.779682, -0.198751, 0.0, 0.0, 0.0, 0.0, 1.0],
                [-0.272361, -0.169856, -0.947084, -0.0, -0.763239, 0.637501, 0.105158, 0.4, 0.585906, 0.751493, -0.303271, -0.0, 0.0, 0.0, 0.0, 1.0],
                [-0.393947, -0.171117, -0.903064, 0.0, -0.744729, 0.635261, 0.204504, 0.4, 0.538687, 0.753102, -0.377695, -0.0, 0.0, 0.0, 0.0, 1.0],
                [-0.498365, -0.234372, -0.834686, 0.0, -0.652479, 0.735355, 0.183094, 0.4, 0.570879, 0.635863, -0.519398, 0.0, 0.0, 0.0, 0.0, 1.0],
                [-0.600203, -0.276109, -0.750679, 0.0, -0.552892, 0.821419, 0.139934, 0.4, 0.577986, 0.499033, -0.645676, -0.0, 0.0, 0.0, 0.0, 1.0],
                [-0.600203, -0.276109, -0.750679, 0.0, -0.552892, 0.821419, 0.139934, 0.4, 0.577986, 0.499033, -0.645676, -0.0, 0.0, 0.0, 0.0, 1.0]
            ]
        },
        {
            "name": "Shoulder_R",
            "time": [0.0, 0.1, 0.2, 0.25, 0.3, 0.35, 0.3667, 0.4167, 0.4667, 0.5167, 0.7],
            "transform": [
                [-0.080689, 0.956454, 0.280509, 0.0, 0.021605, -0.279683, 0.959849, 0.4, 0.996505, 0.083509, 0.001903, -0.0, 0.0, 0.0, 0.0, 1.0],
                [-0.080689, 0.956454, 0.280509, 0.0, 0.021605, -0.279683, 0.959849, 0.4, 0.996505, 0.083509, 0.001903, -0.0, 0.0, 0.0, 0.0, 1.0],
                [-0.080689, 0.956454, 0.280509, 0.0, 0.021605, -0.279683, 0.959849, 0.4, 0.996505, 0.083509, 0.001903, 0.0, 0.0, 0.0, 0.0, 1.0],
                [-0.080689, 0.956454, 0.280509, 0.0, 0.021605, -0.279683, 0.959849, 0.4, 0.996505, 0.083509, 0.001903, -0.0, 0.0, 0.0, 0.0, 1.0],
                [-0.080689, 0.956454, 0.280509, -0.0, 0.021605, -0.279683, 0.959849, 0.4, 0.996505, 0.083509, 0.001904, 0.0, 0.0, 0.0, 0.0, 1.0],
                [-0.080689, 0.956453, 0.280509, 0.0, 0.021605, -0.279683, 0.959849, 0.4, 0.996505, 0.083509, 0.001903, 0.0, 0.0, 0.0, 0.0, 1.0],
                [-0.080689, 0.956454, 0.280509, -0.0, 0.021605, -0.279683, 0.959849, 0.4, 0.996505, 0.083509, 0.001903, -0.0, 0.0, 0.0, 0.0, 1.0],
                [-0.080689, 0.956454, 0.280509, 0.0, 0.021605, -0.279683, 0.959849, 0.4, 0.996505, 0.083509, 0.001904, -0.0, 0.0, 0.0, 0.0, 1.0],
                [-0.080689, 0.956454, 0.280509, 0.0, 0.021605, -0.279683, 0.959849, 0.4, 0.996505, 0.083509, 0.001903, 0.0, 0.0, 0.0, 0.0, 1.0],
                [-0.080689, 0.956454, 0.280509, 0.0, 0.021605, -0.279683, 0.959849, 0.4, 0.996505, 0.083509, 0.001903, -0.0, 0.0, 0.0, 0.0, 1.0],
                [-0.080689, 0.956454, 0.280509, 0.0, 0.021605, -0.279683, 0.959849, 0.4, 0.996505, 0.083509, 0.001903, -0.0, 0.0, 0.0, 0.0, 1.0]
            ]
        },
        {
            "name": "Arm_R",
            "time": [0.0, 0.1, 0.2, 0.25, 0.2667, 0.2833, 0.3, 0.35, 0.3667, 0.4167, 0.4667, 0.5167, 0.7],
            "transform": [
                [0.064407, -0.815474, -0.5752, 0.0, -0.304117, 0.532939, -0.789613, 0.388213, 0.950455, 0.225785, -0.213675, 1e-06, 0.0, 0.0, 0.0, 1.0],
                [-0.456067, -0.679079, -0.5752, 0.0, 0.09271, 0.606561, -0.789613, 0.388213, 0.885103, -0.413443, -0.213675, 1e-06, 0.0, 0.0, 0.0, 1.0],
                [0.009708, 0.202644, -0.979204, 0.0, -0.3112, 0.931233, 0.189631, 0.388213, 0.950295, 0.302888, 0.072103, 1e-06, 0.0, 0.0, 0.0, 1.0],
                [-0.249978, 0.621537, -0.74243, 0.0, -0.178648, 0.724003, 0.666261, 0.388213, 0.951628, 0.299185, -0.069948, 1e-06, 0.0, 0.0, 0.0, 1.0],
                [0.121333, 0.824758, -0.552316, 0.0, -0.279279, 0.562314, 0.778335, 0.388213, 0.952513, 0.059812, 0.298565, 1e-06, 0.0, 0.0, 0.0, 1.0],
                [0.500449, -0.074386, -0.862565, 0.0, -0.21304, 0.955087, -0.205968, 0.388213, 0.839145, 0.286837, 0.462125, 1e-06, 0.0, 0.0, 0.0, 1.0],
                [0.787051, 0.014755, -0.616711, -0.0, -0.165496, 0.968117, -0.188045, 0.388213, 0.594274, 0.250064, 0.764399, 1e-06, 0.0, 0.0, 0.0, 1.0],
                [0.78559, 0.037631, -0.617801, 0.0, -0.074967, 1.096015, -0.040155, 0.388213, 0.614188, 0.085646, 0.785309, 1e-06, 0.0, 0.0, 0.0, 1.0],
                [0.120568, -0.746841, 0.703729, 0.0, 0.077029, 0.760919, 0.69655, 0.388213, -0.989712, -0.031759, 0.139941, 1e-06, 0.0, 0.0, 0.0, 1.0],
                [0.136781, -0.921084, 0.364548, -0.0, -0.288624, 0.314984, 0.904147, 0.388213, -0.947622, -0.228887, -0.222764, 1e-06, 0.0, 0.0, 0.0, 1.0],
                [0.108012, -0.970699, 0.214653, 0.0, 0.536684, 0.238685, 0.809321, 0.388213, -0.836842, 0.027784, 0.546739, 1e-06, 0.0, 0.0, 0.0, 1.0],
                [-0.363262, -0.919956, -0.14738, 0.0, 0.698768, -0.373647, 0.61001, 0.388213, -0.61625, 0.118609, 0.778568, 1e-06, 0.0, 0.0, 0.0, 1.0],
                [-0.323405, -0.937692, -0.127051, 0.0, 0.780486, -0.340248, 0.524475, 0.388213, -0.535025, 0.070457, 0.841893, 1e-06, 0.0, 0.0, 0.0, 1.0]
            ]
        },
        {
            "name": "Hand_R",
            "time": [0.0, 0.1, 0.2, 0.25, 0.2667, 0.2833, 0.3, 0.35, 0.3667, 0.4167, 0.4667, 0.5167, 0.7],
            "transform": [
                [0.327573, 0.939472, -0.100449, 0.0, -0.907942, 0.283586, -0.308577, 0.329779, -0.261413, 0.192283, 0.945881, 0.0, 0.0, 0.0, 0.0, 1.0],
                [-0.2428, 0.944662, 0.220598, -0.0, -0.883548, -0.121467, -0.452316, 0.329779, -0.40049, -0.304731, 0.864146, 0.0, 0.0, 0.0, 0.0, 1.0],
                [0.99868, 0.045236, -0.024322, 0.0, -0.05108, 0.825415, -0.562211, 0.329779, -0.005357, 0.562711, 0.826637, 0.0, 0.0, 0.0, 0.0, 1.0],
                [0.99868, 0.025268, -0.044714, -0.0, -0.051079, 0.397849, -0.916028, 0.329779, -0.005357, 0.917103, 0.398615, -0.0, 0.0, 0.0, 0.0, 1.0],
                [0.99868, 0.011073, -0.050152, 0.0, -0.051079, 0.112299, -0.992361, 0.329779, -0.005357, 0.993613, 0.112716, 0.0, 0.0, 0.0, 0.0, 1.0],
                [0.99868, 0.050218, -0.01077, 0.0, -0.05108, 0.949283, -0.310249, 0.329779, -0.005357, 0.310389, 0.950595, 0.0, 0.0, 0.0, 0.0, 1.0],
                [0.99868, 0.051336, 0.001555, 0.0, -0.05108, 0.995936, -0.074181, 0.329779, -0.005357, 0.074004, 0.997244, -0.0, 0.0, 0.0, 0.0, 1.0],
                [0.99868, 0.051336, 0.001555, -0.0, -0.05108, 0.995936, -0.074181, 0.329779, -0.005357, 0.074004, 0.997244, 0.0, 0.0, 0.0, 0.0, 1.0],
                [-0.333865, -0.933745, 0.129055, -0.0, 0.85734, -0.243894, 0.453304, 0.329779, -0.391794, 0.261987, 0.881964, 0.0, 0.0, 0.0, 0.0, 1.0],
                [-0.527066, -0.820655, -0.22074, 0.0, 0.848781, -0.52122, -0.088893, 0.329779, -0.042104, -0.234212, 0.971274, 0.0, 0.0, 0.0, 0.0, 1.0],
                [0.342056, -0.929192, -0.140004, -0.0, 0.93607, 0.349985, -0.035821, 0.329779, 0.082284, -0.118801, 0.989503, 0.0, 0.0, 0.0, 0.0, 1.0],
                [0.950244, -0.307792, -0.047963, -0.0, 0.30433, 0.950141, -0.067936, 0.329779, 0.066481, 0.049959, 0.996536, 0.0, 0.0, 0.0, 0.0, 1.0],
                [0.950354, -0.307623, -0.046867, 0.0, 0.304566, 0.950437, -0.062524, 0.329779, 0.063778, 0.045146, 0.996943, 0.0, 0.0, 0.0, 0.0, 1.0]
            ]
        },
        {
            "name": "Tool_R",
            "time": [0.0, 0.1, 0.2, 0.25, 0.2667, 0.3, 0.35, 0.3667, 0.4167, 0.4667, 0.5167, 0.7],
            "transform": [
                [1.0, 0.0, 0.0, -0.02, 0.0, -0.970293, 0.24193, 0.291425, 0.0, -0.24193, -0.970293, -0.0, 0.0, 0.0, 0.0, 1.0],
                [1.0, 0.0, 0.0, -0.02, 0.0, -0.970293, 0.24193, 0.291426, 0.0, -0.24193, -0.970293, -0.0, 0.0, 0.0, 0.0, 1.0],
                [1.0, 0.0, 0.0, -0.02, 0.0, -0.945516, 0.325576, 0.291425, 0.0, -0.325576, -0.945515, -0.0, 0.0, 0.0, 0.0, 1.0],
                [1.0, -0.0, 0.0, -0.02, -0.0, -0.979153, 0.203123, 0.291425, 0.0, -0.203123, -0.979153, -0.0, 0.0, 0.0, 0.0, 1.0],
                [1.0, -0.0, 0.0, -0.02, -0.0, -0.954282, -0.298906, 0.291425, 0.0, 0.298906, -0.954282, 0.0, 0.0, 0.0, 0.0, 1.0],
                [1.0, -1e-06, -0.0, -0.02, 0.0, 0.241914, -0.970298, 0.291425, 1e-06, 0.970297, 0.241914, -0.0, 0.0, 0.0, 0.0, 1.0],
                [0.999726, -0.000422, -5.3e-05, -0.02, 2.6e-05, 0.17357, -0.89302, 0.291425, 0.000424, 0.981063, 0.190682, 0.0, 0.0, 0.0, 0.0, 1.0],
                [0.952144, 0.016713, 0.034407, -0.02, 0.014104, -0.991624, 0.091399, 0.291425, 0.037041, -0.089923, -0.98133, -0.0, 0.0, 0.0, 0.0, 1.0],
                [1.0, 0.0, 0.0, -0.02, 0.0, -0.986557, 0.163417, 0.291425, 0.0, -0.163417, -0.986557, 0.0, 0.0, 0.0, 0.0, 1.0],
                [0.996769, 0.004098, 0.080212, -0.02, -0.057849, -0.656181, 0.752383, 0.291425, 0.055717, -0.754592, -0.653824, -0.0, 0.0, 0.0, 0.0, 1.0],
                [1.0, 0.0, 0.0, -0.02, 0.0, -0.35836, 0.933583, 0.291425, 0.0, -0.933583, -0.35836, -0.0, 0.0, 0.0, 0.0, 1.0],
                [1.0, 0.0, 0.0, -0.02, 0.0, -0.35836, 0.933583, 0.291425, 0.0, -0.933583, -0.35836, -0.0, 0.0, 0.0, 0.0, 1.0]
            ]
        },
        {
            "name": "Elbow_R",
            "time": [0.0, 0.1, 0.2, 0.25, 0.3, 0.35, 0.3667, 0.4167, 0.4667, 0.5167, 0.7],
            "transform": [
                [-1.0, -0.0, -1e-06, 0.0, 0.0, 0.100108, -0.994976, 0.329779, 0.0, -0.994976, -0.100108, 0.0, 0.0, 0.0, 0.0, 1.0],
                [-1.0, -0.0, -0.0, -0.0, 0.0, -0.168701, -0.985667, 0.329779, 0.0, -0.985668, 0.168701, 0.0, 0.0, 0.0, 0.0, 1.0],
                [-1.0, 0.0, -0.0, 0.0, 0.0, 0.294408, -0.95568, 0.329779, 0.0, -0.95568, -0.294408, 0.0, 0.0, 0.0, 0.0, 1.0],
                [-1.0, 0.0, -0.0, -0.0, 0.0, 0.548352, -0.836248, 0.329779, 0.0, -0.836247, -0.548352, -0.0, 0.0, 0.0, 0.0, 1.0],
                [-1.0, -0.0, -0.0, 0.0, 0.0, 0.037028, -0.999314, 0.329779, 0.0, -0.999314, -0.037028, -0.0, 0.0, 0.0, 0.0, 1.0],
                [-1.0, -0.0, -0.0, -0.0, 0.0, 0.037023, -0.99919, 0.329779, -0.0, -0.999451, -0.037033, 0.0, 0.0, 0.0, 0.0, 1.0],
                [-1.0, 1e-06, -0.0, -0.0, 0.0, 0.143687, -0.988316, 0.329779, -0.0, -0.990962, -0.144072, 0.0, 0.0, 0.0, 0.0, 1.0],
                [-1.0, 0.0, -0.0, 0.0, 1e-06, -0.118035, -0.99301, 0.329779, -0.0, -0.993009, 0.118035, 0.0, 0.0, 0.0, 0.0, 1.0],
                [-1.0, -1e-06, -0.0, -0.0, 0.0, -0.059709, -0.998216, 0.329779, 0.0, -0.998216, 0.059709, 0.0, 0.0, 0.0, 0.0, 1.0],
                [-1.0, -0.0, -1e-06, -0.0, 0.0, 0.025043, -0.999686, 0.329779, 0.0, -0.999686, -0.025043, 0.0, 0.0, 0.0, 0.0, 1.0],
                [-1.0, -0.0, -0.0, 0.0, 1e-06, 0.022625, -0.999744, 0.329779, 0.0, -0.999744, -0.022625, 0.0, 0.0, 0.0, 0.0, 1.0]
            ]
        },
        {
            "name": "Shoulder_L",
            "time": [0.0, 0.1, 0.2, 0.25, 0.3, 0.35, 0.3667, 0.4167, 0.4667, 0.5167, 0.7],
            "transform": [
                [0.040932, -0.992666, -0.113743, 0.0, 0.010961, -0.113385, 0.993491, 0.4, -0.999102, -0.041913, 0.006239, -0.0, 0.0, 0.0, 0.0, 1.0],
                [0.286267, -0.949996, -0.124736, 0.0, 0.076659, -0.107058, 0.991293, 0.4, -0.955078, -0.293337, 0.042178, -0.0, 0.0, 0.0, 0.0, 1.0],
                [0.040932, -0.992667, -0.113743, 0.0, 0.010961, -0.113385, 0.993491, 0.4, -0.999102, -0.041913, 0.006239, 0.0, 0.0, 0.0, 0.0, 1.0],
                [0.040932, -0.992667, -0.113743, 0.0, 0.010961, -0.113385, 0.993491, 0.4, -0.999102, -0.041913, 0.006239, -0.0, 0.0, 0.0, 0.0, 1.0],
                [0.040932, -0.992666, -0.113743, -0.0, 0.010961, -0.113385, 0.993491, 0.4, -0.999102, -0.041913, 0.00624, 0.0, 0.0, 0.0, 0.0, 1.0],
                [0.040932, -0.992666, -0.113743, 0.0, 0.010961, -0.113385, 0.993491, 0.4, -0.999102, -0.041913, 0.006239, 0.0, 0.0, 0.0, 0.0, 1.0],
                [0.040932, -0.992666, -0.113743, -0.0, 0.010961, -0.113385, 0.99349, 0.4, -0.999102, -0.041913, 0.006239, -0.0, 0.0, 0.0, 0.0, 1.0],
                [0.040932, -0.992667, -0.113743, 0.0, 0.010961, -0.113385, 0.99349, 0.4, -0.999102, -0.041913, 0.006239, -0.0, 0.0, 0.0, 0.0, 1.0],
                [0.040932, -0.992667, -0.113743, 0.0, 0.010961, -0.113385, 0.99349, 0.4, -0.999102, -0.041913, 0.006239, 0.0, 0.0, 0.0, 0.0, 1.0],
                [0.040932, -0.992666, -0.113743, 0.0, 0.010961, -0.113385, 0.99349, 0.4, -0.999102, -0.041913, 0.006239, -0.0, 0.0, 0.0, 0.0, 1.0],
                [0.040932, -0.992666, -0.113743, 0.0, 0.010961, -0.113385, 0.99349, 0.4, -0.999102, -0.041913, 0.006239, -0.0, 0.0, 0.0, 0.0, 1.0]
            ]
        },
        {
            "name": "Arm_L",
            "time": [0.0, 0.1, 0.2, 0.25, 0.3, 0.35, 0.3667, 0.4167, 0.4667, 0.5167, 0.7],
            "transform": [
                [-0.283149, 0.506711, 0.814292, 0.0, -0.666048, 0.507012, -0.5471, 0.388212, -0.690077, -0.697269, 0.193934, 0.0, 0.0, 0.0, 0.0, 1.0],
                [0.27842, 0.671875, 0.686342, 0.0, 0.332677, 0.602901, -0.725146, 0.388212, -0.901004, 0.430226, -0.055658, 0.0, 0.0, 0.0, 0.0, 1.0],
                [-0.082853, 0.855418, 0.511269, 0.0, -0.308871, 0.465727, -0.829275, 0.388212, -0.947488, -0.226624, 0.225627, 0.0, 0.0, 0.0, 0.0, 1.0],
                [-0.207281, -0.474725, 0.855377, 0.0, 0.170062, 0.843569, 0.509383, 0.388212, -0.963386, 0.251052, -0.094124, 0.0, 0.0, 0.0, 0.0, 1.0],
                [0.89146, -0.038263, 0.451482, 0.0, 0.082563, 0.993464, -0.078825, 0.388212, -0.445515, 0.107545, 0.888792, 0.0, 0.0, 0.0, 0.0, 1.0],
                [0.891459, -0.038263, 0.451482, 0.0, 0.082563, 0.993464, -0.078825, 0.388212, -0.445515, 0.107545, 0.888792, -0.0, 0.0, 0.0, 0.0, 1.0],
                [0.887728, -0.090018, 0.451482, 0.0, 0.140172, 0.986985, -0.078825, 0.388212, -0.43851, 0.13326, 0.888792, 0.0, 0.0, 0.0, 0.0, 1.0],
                [0.871272, -0.192482, 0.451482, -0.0, 0.253822, 0.964034, -0.078825, 0.388212, -0.420071, 0.183274, 0.888792, -0.0, 0.0, 0.0, 0.0, 1.0],
                [0.884733, -0.115814, 0.451482, 0.0, 0.168835, 0.982487, -0.078825, 0.388212, -0.434446, 0.145965, 0.888792, 0.0, 0.0, 0.0, 0.0, 1.0],
                [0.891459, -0.038263, 0.451482, 0.0, 0.082563, 0.993464, -0.078825, 0.388212, -0.445515, 0.107545, 0.888792, 0.0, 0.0, 0.0, 0.0, 1.0],
                [0.891459, -0.038263, 0.451482, -0.0, 0.082563, 0.993464, -0.078825, 0.388212, -0.445515, 0.107545, 0.888792, 0.0, 0.0, 0.0, 0.0, 1.0]
            ]
        },
        {
            "name": "Hand_L",
            "time": [0.0, 0.1, 0.2, 0.25, 0.3, 0.35, 0.3667, 0.4167, 0.4667, 0.5167, 0.7],
            "transform": [
                [0.992109, -0.027249, 0.122378, 0.0, 0.097777, 0.779134, -0.619185, 0.329779, -0.078477, 0.626265, 0.775651, -0.0, 0.0, 0.0, 0.0, 1.0],
                [0.99211, -0.027249, 0.122378, -0.0, 0.097777, 0.779134, -0.619185, 0.329779, -0.078477, 0.626265, 0.775651, -0.0, 0.0, 0.0, 0.0, 1.0],
                [0.99211, -0.027249, 0.122378, -0.0, 0.097777, 0.779134, -0.619185, 0.329779, -0.078477, 0.626265, 0.775651, -0.0, 0.0, 0.0, 0.0, 1.0],
                [0.999, -0.027249, 0.035444, -0.0, 0.043439, 0.779134, -0.62535, 0.329779, -0.010576, 0.626265, 0.779539, 0.0, 0.0, 0.0, 0.0, 1.0],
                [0.99211, -0.027249, 0.122378, 0.0, 0.097777, 0.779134, -0.619185, 0.329779, -0.078477, 0.626265, 0.77565, -0.0, 0.0, 0.0, 0.0, 1.0],
                [0.992109, -0.027249, 0.122378, -0.0, 0.097777, 0.779134, -0.619185, 0.329779, -0.078477, 0.626265, 0.775651, -0.0, 0.0, 0.0, 0.0, 1.0],
                [0.99211, -0.027249, 0.122378, 0.0, 0.097777, 0.779134, -0.619185, 0.329779, -0.078477, 0.626265, 0.77565, 0.0, 0.0, 0.0, 0.0, 1.0],
                [0.99211, -0.027249, 0.122378, -0.0, 0.097777, 0.779134, -0.619185, 0.329779, -0.078477, 0.626265, 0.775651, 0.0, 0.0, 0.0, 0.0, 1.0],
                [0.992109, -0.027249, 0.122378, -0.0, 0.097777, 0.779134, -0.619185, 0.329779, -0.078477, 0.626265, 0.775651, 0.0, 0.0, 0.0, 0.0, 1.0],
                [0.99211, -0.027249, 0.122378, 0.0, 0.097777, 0.779134, -0.619185, 0.329779, -0.078477, 0.626265, 0.775651, 0.0, 0.0, 0.0, 0.0, 1.0],
                [0.99211, -0.027249, 0.122378, 0.0, 0.097777, 0.779134, -0.619185, 0.329779, -0.078477, 0.626265, 0.775651, 0.0, 0.0, 0.0, 0.0, 1.0]
            ]
        },
        {
            "name": "Tool_L",
            "time": [0.0, 0.1, 0.2, 0.25, 0.3, 0.35, 0.3667, 0.4167, 0.4667, 0.5167, 0.7],
            "transform": [
                [0.999995, -0.002222, 0.002218, 0.02, -0.002218, -0.999995, -0.002222, 0.291426, 0.002223, 0.002218, -0.999995, -0.0, 0.0, 0.0, 0.0, 1.0],
                [0.999995, -0.002223, 0.002218, 0.02, -0.002218, -0.999995, -0.002222, 0.291426, 0.002223, 0.002218, -0.999995, -0.0, 0.0, 0.0, 0.0, 1.0],
                [0.999995, -0.002222, 0.002218, 0.02, -0.002218, -0.999995, -0.002222, 0.291426, 0.002223, 0.002217, -0.999995, -0.0, 0.0, 0.0, 0.0, 1.0],
                [0.999995, -0.002223, 0.002218, 0.02, -0.002218, -0.999995, -0.002222, 0.291426, 0.002223, 0.002217, -0.999995, -0.0, 0.0, 0.0, 0.0, 1.0],
                [0.999995, -0.002223, 0.002218, 0.02, -0.002218, -0.999995, -0.002222, 0.291426, 0.002223, 0.002218, -0.999995, -0.0, 0.0, 0.0, 0.0, 1.0],
                [0.999995, -0.002223, 0.002218, 0.02, -0.002218, -0.999995, -0.002222, 0.291426, 0.002223, 0.002218, -0.999995, -0.0, 0.0, 0.0, 0.0, 1.0],
                [0.999995, -0.002222, 0.002218, 0.02, -0.002218, -0.999995, -0.002222, 0.291426, 0.002223, 0.002218, -0.999995, -0.0, 0.0, 0.0, 0.0, 1.0],
                [0.999995, -0.002222, 0.002218, 0.02, -0.002218, -0.999995, -0.002222, 0.291426, 0.002223, 0.002218, -0.999995, -0.0, 0.0, 0.0, 0.0, 1.0],
                [0.999995, -0.002222, 0.002218, 0.02, -0.002218, -0.999995, -0.002222, 0.291426, 0.002223, 0.002218, -0.999995, -0.0, 0.0, 0.0, 0.0, 1.0],
                [0.999995, -0.002222, 0.002218, 0.02, -0.002218, -0.999995, -0.002222, 0.291426, 0.002223, 0.002218, -0.999995, -0.0, 0.0, 0.0, 0.0, 1.0],
                [0.999995, -0.002222, 0.002218, 0.02, -0.002218, -0.999995, -0.002222, 0.291426, 0.002223, 0.002218, -0.999995, -0.0, 0.0, 0.0, 0.0, 1.0]
            ]
        },
        {
            "name": "Elbow_L",
            "time": [0.0, 0.1, 0.2, 0.25, 0.3, 0.35, 0.3667, 0.4167, 0.4667, 0.5167, 0.7],
            "transform": [
                [-1.0, 0.0, -0.0, 0.0, 0.0, 0.333129, -0.942881, 0.329779, 0.0, -0.942881, -0.333129, -0.0, 0.0, 0.0, 0.0, 1.0],
                [-1.0, -0.0, -0.0, -0.0, 0.0, 0.333129, -0.942881, 0.329779, 0.0, -0.942882, -0.333129, -0.0, 0.0, 0.0, 0.0, 1.0],
                [-1.0, 0.0, -0.0, -0.0, 0.0, 0.333129, -0.942881, 0.329779, -0.0, -0.942882, -0.333129, -0.0, 0.0, 0.0, 0.0, 1.0],
                [-1.0, -0.0, -0.0, -0.0, 0.0, 0.331977, -0.943288, 0.329779, -0.0, -0.943288, -0.331977, 0.0, 0.0, 0.0, 0.0, 1.0],
                [-1.0, 0.0, -0.0, 0.0, 0.0, 0.333129, -0.942882, 0.329779, 0.0, -0.942881, -0.333129, -0.0, 0.0, 0.0, 0.0, 1.0],
                [-1.0, 0.0, -0.0, -0.0, 0.0, 0.333129, -0.942882, 0.329779, 0.0, -0.942881, -0.333129, -0.0, 0.0, 0.0, 0.0, 1.0],
                [-1.0, 0.0, -0.0, 0.0, 0.0, 0.333129, -0.942882, 0.329779, 0.0, -0.942882, -0.333129, 0.0, 0.0, 0.0, 0.0, 1.0],
                [-1.0, 0.0, 0.0, -0.0, 0.0, 0.333129, -0.942882, 0.329779, 0.0, -0.942882, -0.333129, 0.0, 0.0, 0.0, 0.0, 1.0],
                [-1.0, 0.0, -0.0, -0.0, 0.0, 0.333129, -0.942881, 0.329779, -0.0, -0.942881, -0.333129, 0.0, 0.0, 0.0, 0.0, 1.0],
                [-1.0, 0.0, -0.0, 0.0, 0.0, 0.333129, -0.942881, 0.329779, 0.0, -0.942881, -0.333129, 0.0, 0.0, 0.0, 0.0, 1.0],
                [-1.0, 0.0, -0.0, 0.0, 0.0, 0.333129, -0.942881, 0.329779, 0.0, -0.942881, -0.333129, 0.0, 0.0, 0.0, 0.0, 1.0]
            ]
        }
    ]
}