{
    "animation": [
        {
            "name": "Root",
            "time": [0.0, 0.2083, 0.375, 0.625, 0.75, 0.875, 1.2917],
            "transform": [
                [1.0, 0.0, 0.0, -5e-06, 0.0, 0.0, -1.0, 0.240223, 0.0, 1.0, 0.0, 0.559296, 0.0, 0.0, 0.0, 1.0],
                [1.0, 0.0, 0.0, -5e-06, 0.0, 0.0, -1.0, 0.255513, 0.0, 1.0, 0.0, 0.558772, 0.0, 0.0, 0.0, 1.0],
                [1.0, 0.0, 0.0, -5e-06, 0.0, 0.0, -1.0, 0.355238, 0.0, 1.0, 0.0, 0.598934, 0.0, 0.0, 0.0, 1.0],
                [1.0, 0.0, 0.0, -5e-06, 0.0, 0.0, -1.0, 0.898272, 0.0, 1.0, 0.0, 0.543074, 0.0, 0.0, 0.0, 1.0],
                [1.0, 0.0, 0.0, -5e-06, 0.0, 0.0, -1.0, 0.905675, 0.0, 1.0, 0.0, 0.538862, 0.0, 0.0, 0.0, 1.0],
                [1.0, 0.0, 0.0, -5e-06, 0.0, 0.0, -1.0, 0.898272, 0.0, 1.0, 0.0, 0.543074, 0.0, 0.0, 0.0, 1.0],
                [1.0, 0.0, 0.0, -5e-06, 0.0, 0.0, -1.0, 0.898272, 0.0, 1.0, 0.0, 0.543074, 0.0, 0.0, 0.0, 1.0]
            ]
        },
        {
            "name": "Thigh_R",
            "time": [0.0, 0.0417, 0.0833, 0.125, 0.1667, 0.2083, 0.25, 0.2917, 0.3333, 0.375, 0.4167, 0.4583, 0.5, 0.5417, 0.5833, 0.625, 0.6667, 0.7083, 0.75, 0.7917, 0.8333, 0.875, 1.2917],
            "transform": [
                [0.958213, 0.179407, -0.222799, 0.124994, 0.285455, -0.549347, 0.785323, -0.002831, 0.018498, -0.816106, -0.577606, -1.2e-05, 0.0, 0.0, 0.0, 1.0],
                [0.958141, 0.179749, -0.222832, 0.124994, 0.285701, -0.550228, 0.784617, -0.002831, 0.018425, -0.815437, -0.578553, -1.2e-05, 0.0, 0.0, 0.0, 1.0],
                [0.957966, 0.1806, -0.2229, 0.124994, 0.286302, -0.552458, 0.782828, -0.002831, 0.018236, -0.813739, -0.580944, -1.2e-05, 0.0, 0.0, 0.0, 1.0],
                [0.957744, 0.181699, -0.222957, 0.124994, 0.287058, -0.555415, 0.780455, -0.002831, 0.017974, -0.811478, -0.584106, -1.2e-05, 0.0, 0.0, 0.0, 1.0],
                [0.957535, 0.18278, -0.222974, 0.124994, 0.287773, -0.558433, 0.778034, -0.002831, 0.017692, -0.809161, -0.587321, -1.2e-05, 0.0, 0.0, 0.0, 1.0],
                [0.957392, 0.18357, -0.222939, 0.124994, 0.288263, -0.560788, 0.776157, -0.002831, 0.017457, -0.807352, -0.589813, -1.2e-05, 0.0, 0.0, 0.0, 1.0],
                [0.9638, 0.186486, -0.190556, 0.124994, 0.264353, -0.575264, 0.774072, -0.002831, 0.034733, -0.796424, -0.60374, -1.2e-05, 0.0, 0.0, 0.0, 1.0],
                [0.973576, 0.194356, -0.119891, 0.124994, 0.21572, -0.610479, 0.762089, -0.002831, 0.074925, -0.767815, -0.636276, -1.2e-05, 0.0, 0.0, 0.0, 1.0],
                [0.977684, 0.203444, -0.052379, 0.124994, 0.176533, -0.660455, 0.729818, -0.002831, 0.113882, -0.722777, -0.681633, -1.2e-05, 0.0, 0.0, 0.0, 1.0],
                [0.97869, 0.202976, -0.031076, 0.124994, 0.171653, -0.72564, 0.666319, -0.002831, 0.112697, -0.657453, -0.74502, -1.2e-05, 0.0, 0.0, 0.0, 1.0],
                [0.978069, 0.197519, -0.066075, 0.124994, 0.20127, -0.814731, 0.543786, -0.002831, 0.053574, -0.545158, -0.836619, -1.2e-05, 0.0, 0.0, 0.0, 1.0],
                [0.975667, 0.204723, -0.078501, 0.124994, 0.219258, -0.910125, 0.351565, -0.002831, 0.000527, -0.36022, -0.932867, -1.2e-05, 0.0, 0.0, 0.0, 1.0],
                [0.974979, 0.220603, -0.027385, 0.124994, 0.222286, -0.968733, 0.1102, -0.002831, -0.002219, -0.113528, -0.993532, -1.2e-05, 0.0, 0.0, 0.0, 1.0],
                [0.97389, 0.223612, 0.039185, 0.124994, 0.226979, -0.962409, -0.14916, -0.002831, 0.004358, 0.154162, -0.988036, -1.2e-05, 0.0, 0.0, 0.0, 1.0],
                [0.973393, 0.208607, 0.094808, 0.124994, 0.229066, -0.89654, -0.379138, -0.002831, 0.005908, 0.390769, -0.92047, -1.2e-05, 0.0, 0.0, 0.0, 1.0],
                [0.972628, 0.195134, 0.126158, 0.124994, 0.232261, -0.832716, -0.502631, -0.002831, 0.006973, 0.518177, -0.855245, -1.2e-05, 0.0, 0.0, 0.0, 1.0],
                [0.972399, 0.193833, 0.129876, 0.124994, 0.23323, -0.82328, -0.517508, -0.002831, 0.006614, 0.533517, -0.845764, -1.2e-05, 0.0, 0.0, 0.0, 1.0],
                [0.972313, 0.193311, 0.131295, 0.124994, 0.233594, -0.819613, -0.523133, -0.002831, 0.006483, 0.539321, -0.842076, -1.2e-05, 0.0, 0.0, 0.0, 1.0],
                [0.9723, 0.193234, 0.1315, 0.124994, 0.233646, -0.81908, -0.523944, -0.002831, 0.006464, 0.540157, -0.841539, -1.2e-05, 0.0, 0.0, 0.0, 1.0],
                [0.972387, 0.19376, 0.130077, 0.124994, 0.233282, -0.822763, -0.518306, -0.002831, 0.006595, 0.534341, -0.845244, -1.2e-05, 0.0, 0.0, 0.0, 1.0],
                [0.972545, 0.194674, 0.127507, 0.124994, 0.232615, -0.829323, -0.508049, -0.002831, 0.00684, 0.523762, -0.851837, -1.2e-05, 0.0, 0.0, 0.0, 1.0],
                [0.972628, 0.195134, 0.126158, 0.124994, 0.232261, -0.832716, -0.502631, -0.002831, 0.006973, 0.518177, -0.855245, -1.2e-05, 0.0, 0.0, 0.0, 1.0],
                [0.972628, 0.195134, 0.126158, 0.124994, 0.232261, -0.832716, -0.502631, -0.002831, 0.006973, 0.518177, -0.855245, -1.2e-05, 0.0, 0.0, 0.0, 1.0]
            ]
        },
        {
            "name": "Leg_R",
            "time": [0.0, 0.0417, 0.0833, 0.125, 0.1667, 0.2083, 0.25, 0.2917, 0.3333, 0.375, 0.4167, 0.4583, 0.5, 0.5417, 0.5833, 0.625, 0.6667, 0.7083, 0.75, 0.7917, 0.8333, 0.875, 1.2917],
            "transform": [
                [0.98864, -0.049647, 0.141868, 0.0, -0.126743, 0.231986, 0.964426, 0.37472, -0.080793, -0.971452, 0.223059, 0.0, 0.0, 0.0, 0.0, 1.0],
                [0.98864, -0.049896, 0.14178, 0.0, -0.126743, 0.230289, 0.964833, 0.37472, -0.080792, -0.971843, 0.22135, -0.0, 0.0, 0.0, 0.0, 1.0],
                [0.98864, -0.050504, 0.141564, 0.0, -0.126743, 0.226139, 0.965814, 0.37472, -0.080791, -0.972785, 0.21717, -0.0, 0.0, 0.0, 0.0, 1.0],
                [0.98864, -0.051263, 0.14129, 0.0, -0.126743, 0.220943, 0.967016, 0.37472, -0.08079, -0.973939, 0.211937, -0.0, 0.0, 0.0, 0.0, 1.0],
                [0.98864, -0.051978, 0.141028, 0.0, -0.126743, 0.216035, 0.968124, 0.37472, -0.080788, -0.975002, 0.206994, 0.0, 0.0, 0.0, 0.0, 1.0],
                [0.98864, -0.052471, 0.140845, 0.0, -0.126743, 0.212643, 0.968875, 0.37472, -0.080788, -0.975721, 0.203578, 0.0, 0.0, 0.0, 0.0, 1.0],
                [0.99256, -0.0264, 0.118859, 0.0, -0.109452, 0.234154, 0.966018, 0.37472, -0.053334, -0.971841, 0.229523, -0.0, 0.0, 0.0, 0.0, 1.0],
                [0.99743, 0.027129, 0.06632, -0.0, -0.071254, 0.277908, 0.95796, 0.37472, 0.007558, -0.960225, 0.279128, 0.0, 0.0, 0.0, 0.0, 1.0],
                [0.997069, 0.075705, 0.011086, 0.0, -0.034002, 0.308626, 0.950575, 0.37472, 0.068542, -0.948167, 0.310296, -0.0, 0.0, 0.0, 0.0, 1.0],
                [0.995129, 0.098277, -0.007795, -0.0, -0.022352, 0.301921, 0.95307, 0.37472, 0.096019, -0.948255, 0.302648, -0.0, 0.0, 0.0, 0.0, 1.0],
                [0.996841, 0.074924, 0.026341, 0.0, -0.046596, 0.283162, 0.957938, 0.37472, 0.064314, -0.956142, 0.28576, 0.0, 0.0, 0.0, 0.0, 1.0],
                [0.997704, 0.046007, 0.049703, -0.0, -0.061936, 0.322836, 0.944425, 0.37472, 0.027404, -0.945337, 0.324946, -0.0, 0.0, 0.0, 0.0, 1.0],
                [0.998003, 0.046515, 0.042721, -0.0, -0.059151, 0.451335, 0.890391, 0.37472, 0.022135, -0.891142, 0.453187, 0.0, 0.0, 0.0, 0.0, 1.0],
                [0.99815, 0.05285, 0.030066, -0.0, -0.057157, 0.646893, 0.760435, 0.37472, 0.02074, -0.760748, 0.648717, 0.0, 0.0, 0.0, 0.0, 1.0],
                [0.998152, 0.059239, 0.013553, -0.0, -0.057131, 0.838734, 0.541537, 0.37472, 0.020713, -0.54131, 0.840567, 0.0, 0.0, 0.0, 0.0, 1.0],
                [0.998155, 0.060696, 0.00146, -0.0, -0.057082, 0.929992, 0.363125, 0.37472, 0.020683, -0.362537, 0.931739, -0.0, 0.0, 0.0, 0.0, 1.0],
                [0.998156, 0.060705, 0.000227, 0.0, -0.057075, 0.93718, 0.34415, 0.37472, 0.020679, -0.343527, 0.938915, -0.0, 0.0, 0.0, 0.0, 1.0],
                [0.998156, 0.060701, -0.000257, -0.0, -0.057071, 0.939892, 0.336672, 0.37472, 0.020678, -0.336036, 0.941622, 0.0, 0.0, 0.0, 0.0, 1.0],
                [0.998156, 0.0607, -0.000327, 0.0, -0.057071, 0.940283, 0.33558, 0.37472, 0.020677, -0.334941, 0.942012, 0.0, 0.0, 0.0, 0.0, 1.0],
                [0.998156, 0.060705, 0.000159, -0.0, -0.057074, 0.937565, 0.343099, 0.37472, 0.020679, -0.342474, 0.939299, -0.0, 0.0, 0.0, 0.0, 1.0],
                [0.998156, 0.060702, 0.001018, 0.0, -0.057079, 0.93261, 0.356346, 0.37472, 0.020681, -0.355746, 0.934353, -0.0, 0.0, 0.0, 0.0, 1.0],
                [0.998155, 0.060696, 0.00146, -0.0, -0.057082, 0.929992, 0.363125, 0.37472, 0.020683, -0.362537, 0.931739, -0.0, 0.0, 0.0, 0.0, 1.0],
                [0.998155, 0.060696, 0.00146, -0.0, -0.057082, 0.929992, 0.363125, 0.37472, 0.020683, -0.362537, 0.931739, -0.0, 0.0, 0.0, 0.0, 1.0]
            ]
        },
        {
            "name": "Knee_R",
            "time": [0.0, 0.2083, 0.375, 0.4583, 0.5417, 0.625, 0.75, 0.875, 1.2917],
            "transform": [
                [1.0, -0.0, 1e-06, -0.0, 0.0, 0.678285, -0.734799, 0.37472, -0.0, 0.734799, 0.678285, 0.0, 0.0, 0.0, 0.0, 1.0],
                [0.999041, 0.029549, -0.032317, 0.0, -0.043318, 0.774922, -0.630571, 0.37472, 0.00641, 0.631366, 0.775459, 0.0, 0.0, 0.0, 0.0, 1.0],
                [1.0, 0.0, 0.0, 0.0, 0.0, 0.701274, -0.712892, 0.37472, -0.0, 0.712892, 0.701274, -0.0, 0.0, 0.0, 0.0, 1.0],
                [1.0, 0.0, 1e-06, -0.0, 0.0, 0.263528, -0.964652, 0.37472, -1e-06, 0.964652, 0.263528, -0.0, 0.0, 0.0, 0.0, 1.0],
                [1.0, 1e-06, 1e-06, 0.0, 1e-06, 0.043659, -0.999047, 0.37472, -1e-06, 0.999046, 0.043659, 0.0, 0.0, 0.0, 0.0, 1.0],
                [1.0, 1e-06, 1e-06, 0.0, 0.0, 0.092562, -0.995707, 0.37472, -1e-06, 0.995707, 0.092562, -0.0, 0.0, 0.0, 0.0, 1.0],
                [1.0, 1e-06, 1e-06, -0.0, 0.0, 0.100094, -0.994978, 0.37472, -1e-06, 0.994978, 0.100094, 0.0, 0.0, 0.0, 0.0, 1.0],
                [1.0, 0.0, -0.0, 0.0, -0.0, 0.090978, -0.995853, 0.37472, -0.0, 0.995853, 0.090978, -0.0, 0.0, 0.0, 0.0, 1.0],
                [1.0, 0.0, -0.0, 0.0, -0.0, 1e-06, -1.0, 0.37472, -0.0, 1.0, 1e-06, -0.0, 0.0, 0.0, 0.0, 1.0]
            ]
        },
        {
            "name": "Thigh_L",
            "time": [0.0, 0.0417, 0.0833, 0.125, 0.1667, 0.2083, 0.25, 0.2917, 0.3333, 0.375, 0.4167, 0.4583, 0.5, 0.5417, 0.5833, 0.625, 0.6667, 0.7083, 0.75, 0.7917, 0.8333, 0.875, 1.2917],
            "transform": [
                [0.993929, -0.077669, -0.077932, -0.125006, 0.014748, -0.607876, 0.793895, -0.002831, -0.109034, -0.790223, -0.603041, -1.2e-05, 0.0, 0.0, 0.0, 1.0],
                [0.948999, -0.313334, 0.034978, -0.125006, -0.313773, -0.927812, 0.201769, -0.002831, -0.030768, -0.202452, -0.978808, -1.2e-05, 0.0, 0.0, 0.0, 1.0],
                [0.9491, -0.313187, 0.033511, -0.125006, -0.313558, -0.929395, 0.194697, -0.002831, -0.029831, -0.195293, -0.980291, -1.2e-05, 0.0, 0.0, 0.0, 1.0],
                [0.949236, -0.312975, 0.031599, -0.125006, -0.313258, -0.931371, 0.185522, -0.002831, -0.028633, -0.186001, -0.982132, -1.2e-05, 0.0, 0.0, 0.0, 1.0],
                [0.949377, -0.312734, 0.029688, -0.125006, -0.312935, -0.933247, 0.176415, -0.002831, -0.027464, -0.176773, -0.983868, -1.2e-05, 0.0, 0.0, 0.0, 1.0],
                [0.949491, -0.312523, 0.02824, -0.125006, -0.312664, -0.9346, 0.169602, -0.002831, -0.026611, -0.169863, -0.985108, -1.2e-05, 0.0, 0.0, 0.0, 1.0],
                [0.952192, -0.304941, 0.018499, -0.125006, -0.303999, -0.939784, 0.156177, -0.002831, -0.03024, -0.154333, -0.987556, -1.2e-05, 0.0, 0.0, 0.0, 1.0],
                [0.961063, -0.276218, -0.00788, -0.125006, -0.272165, -0.95113, 0.145872, -0.002831, -0.047787, -0.138046, -0.989272, -1.2e-05, 0.0, 0.0, 0.0, 1.0],
                [0.972666, -0.228043, -0.043786, -0.125006, -0.217342, -0.960451, 0.174057, -0.002831, -0.081747, -0.159781, -0.983761, -1.2e-05, 0.0, 0.0, 0.0, 1.0],
                [0.981473, -0.177295, -0.072644, -0.125006, -0.153657, -0.954833, 0.254325, -0.002831, -0.114454, -0.23845, -0.964387, -1.2e-05, 0.0, 0.0, 0.0, 1.0],
                [0.985722, -0.156304, -0.062619, -0.125006, -0.117399, -0.904571, 0.409837, -0.002831, -0.120702, -0.396633, -0.910008, -1.2e-05, 0.0, 0.0, 0.0, 1.0],
                [0.9902, -0.139119, -0.012281, -0.125006, -0.084217, -0.66495, 0.742124, -0.002831, -0.11141, -0.733815, -0.670151, -1.2e-05, 0.0, 0.0, 0.0, 1.0],
                [0.994085, -0.108028, -0.011203, -0.125006, -0.047323, -0.523692, 0.850592, -0.002831, -0.097755, -0.84503, -0.525708, -1.2e-05, 0.0, 0.0, 0.0, 1.0],
                [0.993243, -0.115625, -0.010005, -0.125006, -0.055877, -0.552003, 0.831967, -0.002831, -0.101719, -0.825785, -0.554736, -1.2e-05, 0.0, 0.0, 0.0, 1.0],
                [0.991499, -0.129842, -0.008447, -0.125006, -0.072788, -0.607309, 0.791123, -0.002831, -0.107851, -0.783782, -0.6116, -1.2e-05, 0.0, 0.0, 0.0, 1.0],
                [0.990449, -0.137645, -0.008109, -0.125006, -0.082439, -0.638304, 0.765356, -0.002831, -0.110524, -0.757376, -0.643557, -1.2e-05, 0.0, 0.0, 0.0, 1.0],
                [0.990235, -0.139228, -0.007112, -0.125006, -0.084535, -0.640253, 0.763497, -0.002831, -0.110854, -0.755439, -0.645774, -1.2e-05, 0.0, 0.0, 0.0, 1.0],
                [0.990155, -0.139816, -0.006752, -0.125006, -0.085313, -0.641016, 0.762771, -0.002831, -0.110975, -0.754683, -0.646635, -1.2e-05, 0.0, 0.0, 0.0, 1.0],
                [0.990143, -0.1399, -0.0067, -0.125006, -0.085424, -0.641127, 0.762665, -0.002831, -0.110993, -0.754574, -0.646761, -1.2e-05, 0.0, 0.0, 0.0, 1.0],
                [0.990223, -0.139312, -0.007061, -0.125006, -0.084646, -0.640361, 0.763395, -0.002831, -0.110871, -0.755332, -0.645895, -1.2e-05, 0.0, 0.0, 0.0, 1.0],
                [0.990371, -0.138226, -0.007739, -0.125006, -0.083208, -0.639002, 0.764691, -0.002831, -0.110645, -0.756682, -0.644353, -1.2e-05, 0.0, 0.0, 0.0, 1.0],
                [0.990449, -0.137645, -0.008109, -0.125006, -0.082439, -0.638304, 0.765356, -0.002831, -0.110524, -0.757376, -0.643557, -1.2e-05, 0.0, 0.0, 0.0, 1.0],
                [0.990449, -0.137645, -0.008109, -0.125006, -0.082439, -0.638304, 0.765356, -0.002831, -0.110524, -0.757376, -0.643557, -1.2e-05, 0.0, 0.0, 0.0, 1.0]
            ]
        },
        {
            "name": "Leg_L",
            "time": [0.0, 0.0417, 0.0833, 0.125, 0.1667, 0.2083, 0.25, 0.2917, 0.3333, 0.375, 0.4167, 0.4583, 0.5, 0.5417, 0.5833, 0.625, 0.6667, 0.7083, 0.75, 0.7917, 0.8333, 0.875, 1.2917],
            "transform": [
                [0.999022, -0.003829, -0.044051, 0.0, 0.00405, 0.99998, 0.004934, 0.37472, 0.044031, -0.005108, 0.999016, 0.0, 0.0, 0.0, 0.0, 1.0],
                [0.999029, 0.038468, -0.021452, 0.0, 0.006608, 0.350629, 0.936491, 0.37472, 0.043547, -0.935724, 0.350034, 0.0, 0.0, 0.0, 0.0, 1.0],
                [0.999029, 0.038356, -0.021652, 0.0, 0.006608, 0.35551, 0.93465, 0.37472, 0.043547, -0.933885, 0.354911, 0.0, 0.0, 0.0, 0.0, 1.0],
                [0.999029, 0.038205, -0.021917, 0.0, 0.006609, 0.361947, 0.932176, 0.37472, 0.043546, -0.931415, 0.361343, 0.0, 0.0, 0.0, 0.0, 1.0],
                [0.999029, 0.03805, -0.022185, 0.0, 0.006609, 0.368476, 0.929614, 0.37472, 0.043546, -0.928858, 0.367867, 0.0, 0.0, 0.0, 0.0, 1.0],
                [0.999029, 0.037929, -0.022392, 0.0, 0.006609, 0.373529, 0.927595, 0.37472, 0.043546, -0.926842, 0.372916, 0.0, 0.0, 0.0, 0.0, 1.0],
                [0.999616, 0.026616, -0.007769, 0.0, -0.003618, 0.403013, 0.915188, 0.37472, 0.027489, -0.914806, 0.402954, 0.0, 0.0, 0.0, 0.0, 1.0],
                [0.999674, 0.0006, 0.025508, 0.0, -0.023442, 0.416263, 0.908942, 0.37472, -0.010073, -0.909243, 0.416142, 0.0, 0.0, 0.0, 0.0, 1.0],
                [0.997921, -0.036607, 0.053051, -0.0, -0.036486, 0.357671, 0.933135, 0.37472, -0.053134, -0.933129, 0.355592, 0.0, 0.0, 0.0, 0.0, 1.0],
                [0.995961, -0.077417, 0.045477, 0.0, -0.025782, 0.23858, 0.97078, 0.37472, -0.086004, -0.968032, 0.23562, -0.0, 0.0, 0.0, 0.0, 1.0],
                [0.996353, -0.082649, -0.021211, 0.0, 0.028464, 0.087592, 0.995749, 0.37472, -0.08044, -0.992722, 0.089627, 0.0, 0.0, 0.0, 0.0, 1.0],
                [0.995974, -0.060625, -0.066041, 0.0, 0.067196, 0.017211, 0.99759, 0.37472, -0.059342, -0.998013, 0.021218, 0.0, 0.0, 0.0, 0.0, 1.0],
                [0.996125, -0.069874, -0.053411, 0.0, 0.067039, 0.210135, 0.975371, 0.37472, -0.05693, -0.975173, 0.214007, 0.0, 0.0, 0.0, 0.0, 1.0],
                [0.996254, -0.065744, -0.056168, -0.0, 0.065942, 0.15745, 0.985322, 0.37472, -0.055935, -0.985338, 0.161198, -0.0, 0.0, 0.0, 0.0, 1.0],
                [0.996253, -0.060146, -0.062152, -0.0, 0.065947, 0.063307, 0.995813, 0.37472, -0.05596, -0.996182, 0.067038, -0.0, 0.0, 0.0, 0.0, 1.0],
                [0.996252, -0.057445, -0.064671, 0.0, 0.065949, 0.020634, 0.997609, 0.37472, -0.055973, -0.998137, 0.024347, -0.0, 0.0, 0.0, 0.0, 1.0],
                [0.996252, -0.056616, -0.065399, 0.0, 0.065949, 0.007887, 0.997792, 0.37472, -0.055976, -0.998367, 0.011593, 0.0, 0.0, 0.0, 0.0, 1.0],
                [0.996252, -0.056313, -0.065661, -0.0, 0.065949, 0.003254, 0.997817, 0.37472, -0.055976, -0.99841, 0.006958, -0.0, 0.0, 0.0, 0.0, 1.0],
                [0.996252, -0.05627, -0.065699, -0.0, 0.065949, 0.002596, 0.997819, 0.37472, -0.055977, -0.998414, 0.006299, -0.0, 0.0, 0.0, 0.0, 1.0],
                [0.996252, -0.056573, -0.065437, 0.0, 0.065949, 0.007223, 0.997796, 0.37472, -0.055976, -0.998374, 0.010929, -0.0, 0.0, 0.0, 0.0, 1.0],
                [0.996252, -0.057138, -0.064942, 0.0, 0.065949, 0.015908, 0.997696, 0.37472, -0.055974, -0.998241, 0.019618, -0.0, 0.0, 0.0, 0.0, 1.0],
                [0.996252, -0.057445, -0.064671, 0.0, 0.065949, 0.020634, 0.997609, 0.37472, -0.055973, -0.998137, 0.024347, -0.0, 0.0, 0.0, 0.0, 1.0],
                [0.996252, -0.057445, -0.064671, 0.0, 0.065949, 0.020634, 0.997609, 0.37472, -0.055973, -0.998137, 0.024347, -0.0, 0.0, 0.0, 0.0, 1.0]
            ]
        },
        {
            "name": "Knee_L",
            "time": [0.0, 0.2083, 0.375, 0.4583, 0.5417, 0.625, 0.75, 0.875, 1.2917],
            "transform": [
                [1.0, -0.0, 0.0, -0.0, 0.0, 0.560905, -0.82788, 0.37472, 0.0, 0.82788, 0.560905, 0.0, 0.0, 0.0, 0.0, 1.0],
                [1.0, -0.0, 1e-06, 0.0, 1e-06, 0.717079, -0.696992, 0.37472, -0.0, 0.696992, 0.717079, 0.0, 0.0, 0.0, 0.0, 1.0],
                [1.0, -0.0, 0.0, -0.0, 1e-06, 0.679527, -0.73365, 0.37472, 0.0, 0.73365, 0.679527, -0.0, 0.0, 0.0, 0.0, 1.0],
                [1.0, -1e-06, 0.0, 0.0, 1e-06, 0.679527, -0.73365, 0.37472, 0.0, 0.73365, 0.679527, 0.0, 0.0, 0.0, 0.0, 1.0],
                [1.0, -1e-06, 0.0, -0.0, 1e-06, 0.679527, -0.73365, 0.37472, 0.0, 0.73365, 0.679527, 0.0, 0.0, 0.0, 0.0, 1.0],
                [1.0, -1e-06, 0.0, -0.0, 1e-06, 0.679527, -0.73365, 0.37472, 0.0, 0.73365, 0.679527, -0.0, 0.0, 0.0, 0.0, 1.0],
                [1.0, -1e-06, 0.0, 0.0, 1e-06, 0.679527, -0.73365, 0.37472, 0.0, 0.73365, 0.679527, -0.0, 0.0, 0.0, 0.0, 1.0],
                [1.0, -0.0, 0.0, -0.0, 0.0, 0.633297, -0.773909, 0.37472, -0.0, 0.773909, 0.633297, -0.0, 0.0, 0.0, 0.0, 1.0],
                [1.0, -0.0, 0.0, -0.0, 0.0, 0.633297, -0.773909, 0.37472, -0.0, 0.773909, 0.633297, -0.0, 0.0, 0.0, 0.0, 1.0]
            ]
        },
        {
            "name": "Torso",
            "time": [0.0, 0.2083, 0.375, 0.4583, 0.5417, 0.625, 0.75, 0.875, 1.2917],
            "transform": [
                [0.998501, -0.048455, -0.025456, 0.0, 0.053302, 0.966516, 0.251011, 0.05, 0.012441, -0.251992, 0.967649, 0.0, 0.0, 0.0, 0.0, 1.0],
                [0.998396, -0.050691, -0.0252, 0.0, 0.056121, 0.944644, 0.323263, 0.05, 0.007418, -0.324159, 0.945974, 0.0, 0.0, 0.0, 0.0, 1.0],
                [0.999793, -0.020275, -0.001825, 0.0, 0.019515, 0.929074, 0.369378, 0.05, -0.005793, -0.369337, 0.929278, 0.0, 0.0, 0.0, 0.0, 1.0],
                [0.966248, -0.025635, -0.256337, 0.0, 0.164116, 0.828244, 0.535797, 0.05, 0.198574, -0.559781, 0.804496, 0.0, 0.0, 0.0, 0.0, 1.0],
                [0.966099, -0.02344, -0.257105, 0.0, 0.157899, 0.841542, 0.5166, 0.05, 0.204255, -0.539683, 0.816714, 0.0, 0.0, 0.0, 0.0, 1.0],
                [0.966248, -0.025635, -0.256337, 0.0, 0.164116, 0.828244, 0.535797, 0.05, 0.198574, -0.559781, 0.804496, 0.0, 0.0, 0.0, 0.0, 1.0],
                [0.966099, -0.02344, -0.257105, 0.0, 0.157899, 0.841542, 0.5166, 0.05, 0.204255, -0.539683, 0.816714, 0.0, 0.0, 0.0, 0.0, 1.0],
                [0.966248, -0.025635, -0.256337, 0.0, 0.164116, 0.828244, 0.535797, 0.05, 0.198574, -0.559781, 0.804496, 0.0, 0.0, 0.0, 0.0, 1.0],
                [0.966248, -0.025635, -0.256337, 0.0, 0.164116, 0.828244, 0.535797, 0.05, 0.198574, -0.559781, 0.804496, 0.0, 0.0, 0.0, 0.0, 1.0]
            ]
        },
        {
            "name": "Chest",
            "time": [0.0, 0.2083, 0.375, 0.4583, 0.5417, 0.625, 0.75, 0.875, 1.2917],
            "transform": [
                [0.994902, -0.099524, -0.0163, 0.0, 0.100847, 0.982995, 0.15346, 0.3, 0.000749, -0.154321, 0.98802, 0.0, 0.0, 0.0, 0.0, 1.0],
                [0.993656, -0.110818, -0.019174, -0.0, 0.112465, 0.97884, 0.170952, 0.3, -0.000176, -0.172023, 0.985093, -0.0, 0.0, 0.0, 0.0, 1.0],
                [0.99657, -0.046874, -0.068203, -0.0, 0.051943, 0.995863, 0.074551, 0.3, 0.064427, -0.077838, 0.994882, -0.0, 0.0, 0.0, 0.0, 1.0],
                [0.968457, 0.015439, 0.248702, 0.0, -0.004134, 0.998937, -0.045913, 0.3, -0.249147, 0.043437, 0.967491, -0.0, 0.0, 0.0, 0.0, 1.0],
                [0.968113, 0.006532, 0.250429, -0.0, -0.00158, 0.999799, -0.01997, 0.3, -0.250509, 0.018938, 0.967929, -0.0, 0.0, 0.0, 0.0, 1.0],
                [0.968457, 0.015439, 0.248702, 0.0, -0.004134, 0.998937, -0.045913, 0.3, -0.249147, 0.043437, 0.967491, 0.0, 0.0, 0.0, 0.0, 1.0],
                [0.968113, 0.006532, 0.250429, -0.0, -0.00158, 0.999799, -0.01997, 0.3, -0.250509, 0.018938, 0.967929, -0.0, 0.0, 0.0, 0.0, 1.0],
                [0.968457, 0.015439, 0.248702, 0.0, -0.004134, 0.998937, -0.045913, 0.3, -0.249147, 0.043437, 0.967491, 0.0, 0.0, 0.0, 0.0, 1.0],
                [0.968457, 0.015439, 0.248702, 0.0, -0.004134, 0.998937, -0.045913, 0.3, -0.249147, 0.043437, 0.967491, 0.0, 0.0, 0.0, 0.0, 1.0]
            ]
        },
        {
            "name": "Head",
            "time": [0.0, 0.2083, 0.375, 0.4583, 0.5417, 0.625, 0.75, 0.875, 1.2917],
            "transform": [
                [0.9903, 0.137978, -0.016343, -0.0, -0.132874, 0.90609, -0.401678, 0.4, -0.040614, 0.399954, 0.915635, 0.0, 0.0, 0.0, 0.0, 1.0],
                [0.987985, 0.153, -0.021851, 0.0, -0.146678, 0.883668, -0.44454, 0.4, -0.048705, 0.442404, 0.895492, 0.0, 0.0, 0.0, 0.0, 1.0],
                [0.995505, 0.084515, 0.042752, -0.0, -0.055568, 0.886711, -0.458973, 0.4, -0.076699, 0.454534, 0.887421, 0.0, 0.0, 0.0, 0.0, 1.0],
                [0.999988, 0.004028, -0.002637, 0.0, -0.004802, 0.87344, -0.486908, 0.4, 0.000342, 0.486915, 0.873449, 0.0, 0.0, 0.0, 0.0, 1.0],
                [0.999988, 0.004028, -0.002637, -0.0, -0.004802, 0.87344, -0.486908, 0.4, 0.000342, 0.486915, 0.873449, 0.0, 0.0, 0.0, 0.0, 1.0],
                [0.999988, 0.003918, -0.002796, -0.0, -0.004802, 0.853203, -0.521557, 0.4, 0.000342, 0.521564, 0.853212, 0.0, 0.0, 0.0, 0.0, 1.0],
                [0.999988, 0.004028, -0.002637, 0.0, -0.004802, 0.87344, -0.486908, 0.4, 0.000342, 0.486915, 0.873449, 0.0, 0.0, 0.0, 0.0, 1.0],
                [0.999988, 0.003918, -0.002796, -0.0, -0.004802, 0.853203, -0.521557, 0.4, 0.000342, 0.521564, 0.853212, 0.0, 0.0, 0.0, 0.0, 1.0],
                [0.999988, 0.003918, -0.002796, -0.0, -0.004802, 0.853203, -0.521557, 0.4, 0.000342, 0.521564, 0.853212, 0.0, 0.0, 0.0, 0.0, 1.0]
            ]
        },
        {
            "name": "Shoulder_R",
            "time": [0.0, 0.2083, 0.375, 0.4583, 0.5417, 0.625, 0.75, 0.875, 1.2917],
            "transform": [
                [0.455274, 0.857856, 0.238345, -0.0, -0.137381, -0.196806, 0.97077, 0.4, 0.879688, -0.47471, 0.028252, 0.0, 0.0, 0.0, 0.0, 1.0],
                [0.461412, 0.85748, 0.227657, 0.0, -0.104972, -0.202036, 0.973736, 0.4, 0.880954, -0.473191, -0.00321, 0.0, 0.0, 0.0, 0.0, 1.0],
                [0.081062, 0.981731, 0.172144, -0.0, -0.255595, -0.146462, 0.955626, 0.4, 0.963379, -0.121464, 0.239053, 0.0, 0.0, 0.0, 0.0, 1.0],
                [-0.464162, 0.88575, 0.000143, 0.0, -0.214837, -0.112738, 0.970122, 0.4, 0.859301, 0.450262, 0.242621, 0.0, 0.0, 0.0, 0.0, 1.0],
                [-0.464162, 0.88575, 0.000143, -0.0, -0.214837, -0.112738, 0.970122, 0.4, 0.859301, 0.450262, 0.242621, 0.0, 0.0, 0.0, 0.0, 1.0],
                [-0.482007, 0.87357, -0.067408, -0.0, -0.232921, -0.05359, 0.971018, 0.4, 0.84464, 0.483739, 0.229303, 0.0, 0.0, 0.0, 0.0, 1.0],
                [-0.48086, 0.874539, -0.062884, 0.0, -0.231666, -0.057554, 0.971092, 0.4, 0.845639, 0.481527, 0.230276, 0.0, 0.0, 0.0, 0.0, 1.0],
                [-0.482007, 0.87357, -0.067408, -0.0, -0.232921, -0.05359, 0.971018, 0.4, 0.84464, 0.483739, 0.229303, 0.0, 0.0, 0.0, 0.0, 1.0],
                [-0.482007, 0.87357, -0.067408, -0.0, -0.232921, -0.05359, 0.971018, 0.4, 0.84464, 0.483739, 0.229303, 0.0, 0.0, 0.0, 0.0, 1.0]
            ]
        },
        {
            "name": "Arm_R",
            "time": [0.0, 0.2083, 0.375, 0.4583, 0.5417, 0.625, 0.75, 0.875, 1.2917],
            "transform": [
                [-0.198976, -0.686636, 0.699242, 0.0, -0.657409, -0.435631, -0.614849, 0.39386, 0.726789, -0.582028, -0.364721, -0.0, 0.0, 0.0, 0.0, 1.0],
                [-0.209424, -0.58946, 0.780179, -0.0, -0.669082, -0.495457, -0.553942, 0.39386, 0.713071, -0.638012, -0.290636, -0.0, 0.0, 0.0, 0.0, 1.0],
                [0.20077, -0.978164, -0.053741, 0.0, -0.481893, -0.05085, -0.874753, 0.39386, 0.852919, 0.201521, -0.48158, 0.0, 0.0, 0.0, 0.0, 1.0],
                [0.251177, -0.100664, -0.962692, 0.0, -0.488493, 0.845447, -0.215857, 0.39386, 0.835635, 0.524487, 0.163183, 0.0, 0.0, 0.0, 0.0, 1.0],
                [0.09341, 0.123251, -0.987969, -0.0, -0.524365, 0.849623, 0.056415, 0.39386, 0.846354, 0.512788, 0.143992, 0.0, 0.0, 0.0, 0.0, 1.0],
                [0.107273, 0.214217, -0.970878, -0.0, -0.398677, 0.903834, 0.155374, 0.39386, 0.910796, 0.370399, 0.18236, -0.0, 0.0, 0.0, 0.0, 1.0],
                [0.110518, 0.207676, -0.971935, 0.0, -0.385577, 0.910293, 0.150661, 0.393861, 0.916033, 0.358104, 0.180679, 0.0, 0.0, 0.0, 0.0, 1.0],
                [0.107273, 0.214217, -0.970878, -0.0, -0.398677, 0.903834, 0.155374, 0.39386, 0.910796, 0.370399, 0.18236, -0.0, 0.0, 0.0, 0.0, 1.0],
                [0.107273, 0.214217, -0.970878, -0.0, -0.398677, 0.903834, 0.155374, 0.39386, 0.910796, 0.370399, 0.18236, -0.0, 0.0, 0.0, 0.0, 1.0]
            ]
        },
        {
            "name": "Hand_R",
            "time": [0.0, 0.2083, 0.375, 0.4583, 0.5417, 0.625, 0.75, 0.875, 1.2917],
            "transform": [
                [1.0, -0.0, -0.0, 0.0, 0.0, 0.97006, -0.242864, 0.3, 0.0, 0.242864, 0.97006, 0.0, 0.0, 0.0, 0.0, 1.0],
                [1.0, 0.0, -0.0, -0.0, -0.0, 0.9538, -0.300444, 0.3, 0.0, 0.300444, 0.9538, -0.0, 0.0, 0.0, 0.0, 1.0],
                [1.0, -0.0, -0.0, -0.0, -0.0, 0.801872, -0.597497, 0.3, 0.0, 0.597497, 0.801872, 0.0, 0.0, 0.0, 0.0, 1.0],
                [1.0, -0.0, -0.0, 0.0, 0.0, 0.801872, -0.597497, 0.3, 0.0, 0.597497, 0.801872, 0.0, 0.0, 0.0, 0.0, 1.0],
                [1.0, 0.0, -0.0, 0.0, 0.0, 0.97029, -0.241945, 0.3, 0.0, 0.241945, 0.97029, -0.0, 0.0, 0.0, 0.0, 1.0],
                [1.0, 0.0, -0.0, 0.0, -0.0, 0.990324, -0.138773, 0.3, 0.0, 0.138773, 0.990324, -0.0, 0.0, 0.0, 0.0, 1.0],
                [1.0, 0.0, -0.0, 0.0, -0.0, 0.990079, -0.140515, 0.3, 0.0, 0.140515, 0.990079, -0.0, 0.0, 0.0, 0.0, 1.0],
                [1.0, 0.0, -0.0, 0.0, -0.0, 0.990324, -0.138773, 0.3, 0.0, 0.138773, 0.990324, -0.0, 0.0, 0.0, 0.0, 1.0],
                [1.0, 0.0, -0.0, 0.0, -0.0, 0.990324, -0.138773, 0.3, 0.0, 0.138773, 0.990324, -0.0, 0.0, 0.0, 0.0, 1.0]
            ]
        },
        {
            "name": "Tool_R",
            "time": [0.0, 0.2083, 0.375, 0.4583, 0.5417, 0.625, 0.75, 0.875, 1.2917],
            "transform": [
                [1.0, -1e-06, -0.0, 0.0, -1e-06, -0.50073, -0.865603, 0.272858, 1e-06, 0.865082, -0.500441, 0.0, 0.0, 0.0, 0.0, 1.0],
                [1.0, -1e-06, -0.0, -0.0, -1e-06, -0.390235, -0.920715, 0.272858, 1e-06, 0.920163, -0.390012, -0.0, 0.0, 0.0, 0.0, 1.0],
                [1.0, -1e-06, -1e-06, 0.0, -1e-06, -0.065805, -0.997832, 0.272858, 1e-06, 0.997237, -0.065777, 0.0, 0.0, 0.0, 0.0, 1.0],
                [1.0, -1e-06, -1e-06, 0.0, -1e-06, -0.037136, -0.99931, 0.272858, 1e-06, 0.998714, -0.037124, 0.0, 0.0, 0.0, 0.0, 1.0],
                [1.0, -0.0, -1e-06, 0.0, -1e-06, -0.03645, -0.999335, 0.272858, 0.0, 0.99874, -0.03644, -0.0, 0.0, 0.0, 0.0, 1.0],
                [1.0, -1e-06, -1e-06, 0.0, -1e-06, -0.03645, -0.999335, 0.272858, 0.0, 0.99874, -0.03644, -0.0, 0.0, 0.0, 0.0, 1.0],
                [1.0, -0.0, -1e-06, 0.0, -1e-06, -0.03645, -0.999335, 0.272858, 0.0, 0.99874, -0.036439, -0.0, 0.0, 0.0, 0.0, 1.0],
                [1.0, -1e-06, -1e-06, 0.0, -1e-06, -0.03645, -0.999335, 0.272858, 0.0, 0.99874, -0.03644, -0.0, 0.0, 0.0, 0.0, 1.0],
                [1.0, -1e-06, -1e-06, 0.0, -1e-06, -0.03645, -0.999335, 0.272858, 0.0, 0.99874, -0.03644, -0.0, 0.0, 0.0, 0.0, 1.0]
            ]
        },
        {
            "name": "Elbow_R",
            "time": [0.0, 0.2083, 0.375, 0.4583, 0.5417, 0.625, 0.75, 0.875, 1.2917],
            "transform": [
                [-1.0, 0.0, -0.0, 0.0, -0.0, 0.0, -1.0, 0.3, -0.0, -1.0, -0.0, 0.0, 0.0, 0.0, 0.0, 1.0],
                [-1.0, 0.0, -0.0, -0.0, 0.0, 0.0, -1.0, 0.3, -0.0, -1.0, -0.0, -0.0, 0.0, 0.0, 0.0, 1.0],
                [-1.0, 0.0, -0.0, -0.0, 0.0, 0.0, -1.0, 0.3, -0.0, -1.0, -0.0, 0.0, 0.0, 0.0, 0.0, 1.0],
                [-1.0, 0.0, -0.0, 0.0, 0.0, 0.0, -1.0, 0.3, -0.0, -1.0, -0.0, 0.0, 0.0, 0.0, 0.0, 1.0],
                [-1.0, 0.0, -0.0, 0.0, -0.0, -0.0, -1.0, 0.3, -0.0, -1.0, -0.0, -0.0, 0.0, 0.0, 0.0, 1.0],
                [-1.0, 0.0, -0.0, 0.0, -0.0, 0.0, -1.0, 0.3, -0.0, -1.0, -0.0, -0.0, 0.0, 0.0, 0.0, 1.0],
                [-1.0, 0.0, -0.0, 0.0, 0.0, 0.0, -1.0, 0.3, -0.0, -1.0, -0.0, -0.0, 0.0, 0.0, 0.0, 1.0],
                [-1.0, 0.0, -0.0, 0.0, -0.0, 0.0, -1.0, 0.3, -0.0, -1.0, -0.0, -0.0, 0.0, 0.0, 0.0, 1.0],
                [-1.0, 0.0, -0.0, 0.0, -0.0, 0.0, -1.0, 0.3, -0.0, -1.0, -0.0, -0.0, 0.0, 0.0, 0.0, 1.0]
            ]
        },
        {
            "name": "Shoulder_L",
            "time": [0.0, 0.2083, 0.375, 0.4583, 0.5417, 0.625, 0.75, 0.875, 1.2917],
            "transform": [
                [0.051781, -0.997572, -0.046567, -0.0, 0.252001, -0.032069, 0.967196, 0.4, -0.96634, -0.061817, 0.249729, 0.0, 0.0, 0.0, 0.0, 1.0],
                [0.051781, -0.997572, -0.046567, 0.0, 0.252001, -0.032069, 0.967196, 0.4, -0.966341, -0.061817, 0.249729, 0.0, 0.0, 0.0, 0.0, 1.0],
                [-0.075755, -0.995833, 0.050778, -0.0, 0.178329, 0.036573, 0.983291, 0.4, -0.981051, 0.083544, 0.174815, 0.0, 0.0, 0.0, 0.0, 1.0],
                [-0.265379, -0.957546, -0.112603, 0.0, 0.636204, -0.261671, 0.725791, 0.4, -0.724443, 0.120971, 0.678637, 0.0, 0.0, 0.0, 0.0, 1.0],
                [-0.265379, -0.957546, -0.112603, -0.0, 0.636205, -0.261671, 0.725791, 0.4, -0.724443, 0.120971, 0.678637, 0.0, 0.0, 0.0, 0.0, 1.0],
                [-0.265379, -0.957546, -0.112603, -0.0, 0.636204, -0.261671, 0.725791, 0.4, -0.724443, 0.120971, 0.678637, 0.0, 0.0, 0.0, 0.0, 1.0],
                [-0.265379, -0.957546, -0.112603, 0.0, 0.636205, -0.261671, 0.725791, 0.4, -0.724443, 0.120971, 0.678637, 0.0, 0.0, 0.0, 0.0, 1.0],
                [-0.265379, -0.957546, -0.112603, -0.0, 0.636204, -0.261671, 0.725791, 0.4, -0.724443, 0.120971, 0.678637, 0.0, 0.0, 0.0, 0.0, 1.0],
                [-0.265379, -0.957546, -0.112603, -0.0, 0.636204, -0.261671, 0.725791, 0.4, -0.724443, 0.120971, 0.678637, 0.0, 0.0, 0.0, 0.0, 1.0]
            ]
        },
        {
            "name": "Arm_L",
            "time": [0.0, 0.2083, 0.375, 0.4583, 0.625, 0.75, 0.875, 1.2917],
            "transform": [
                [-0.137033, 0.740932, 0.657451, -0.0, -0.835582, 0.269996, -0.47844, 0.39386, -0.532001, -0.614916, 0.582111, 0.0, 0.0, 0.0, 0.0, 1.0],
                [-0.173398, 0.727312, 0.664042, -0.0, -0.566981, 0.47759, -0.671148, 0.39386, -0.805274, -0.492874, 0.329559, -0.0, 0.0, 0.0, 0.0, 1.0],
                [-0.246225, 0.723392, 0.645041, -0.0, -0.54291, 0.448375, -0.710077, 0.39386, -0.802884, -0.525037, 0.282335, -0.0, 0.0, 0.0, 0.0, 1.0],
                [-0.624409, -0.613015, 0.484072, -0.0, -0.433771, 0.787525, 0.437775, 0.39386, -0.649581, 0.063374, -0.757646, -0.0, 0.0, 0.0, 0.0, 1.0],
                [-0.624409, -0.613015, 0.484072, -0.0, -0.433771, 0.787525, 0.437775, 0.39386, -0.649581, 0.063374, -0.757646, 0.0, 0.0, 0.0, 0.0, 1.0],
                [-0.624409, -0.613016, 0.484072, 0.0, -0.433771, 0.787525, 0.437775, 0.39386, -0.649581, 0.063374, -0.757646, -0.0, 0.0, 0.0, 0.0, 1.0],
                [-0.624409, -0.613015, 0.484072, -0.0, -0.433771, 0.787525, 0.437775, 0.39386, -0.649581, 0.063374, -0.757646, 0.0, 0.0, 0.0, 0.0, 1.0],
                [-0.624409, -0.613015, 0.484072, -0.0, -0.433771, 0.787525, 0.437775, 0.39386, -0.649581, 0.063374, -0.757646, 0.0, 0.0, 0.0, 0.0, 1.0]
            ]
        },
        {
            "name": "Hand_L",
            "time": [0.0, 0.2083, 0.375, 0.4583, 0.5417, 0.625, 0.75, 0.875, 1.2917],
            "transform": [
                [1.0, -0.0, -0.0, -0.0, -0.0, 0.081449, -0.996678, 0.3, 0.0, 0.996678, 0.081449, -0.0, 0.0, 0.0, 0.0, 1.0],
                [1.0, -0.0, -0.0, 0.0, -0.0, 0.081449, -0.996678, 0.3, 0.0, 0.996678, 0.081449, 0.0, 0.0, 0.0, 0.0, 1.0],
                [1.0, 0.0, -0.0, -0.0, -0.0, -0.307238, -0.951633, 0.3, -0.0, 0.951633, -0.307238, 0.0, 0.0, 0.0, 0.0, 1.0],
                [1.0, 0.0, 0.0, -0.0, 0.0, 0.22806, -0.973647, 0.3, -0.0, 0.973647, 0.22806, 0.0, 0.0, 0.0, 0.0, 1.0],
                [1.0, -0.0, 0.0, -0.0, 0.0, 0.22806, -0.973647, 0.3, -0.0, 0.973647, 0.22806, -0.0, 0.0, 0.0, 0.0, 1.0],
                [1.0, 0.0, 0.0, -0.0, 0.0, 0.22806, -0.973647, 0.3, -0.0, 0.973647, 0.22806, 0.0, 0.0, 0.0, 0.0, 1.0],
                [1.0, -0.0, 0.0, 0.0, 0.0, 0.22806, -0.973647, 0.3, -0.0, 0.973647, 0.22806, 0.0, 0.0, 0.0, 0.0, 1.0],
                [1.0, 0.0, 0.0, -0.0, 0.0, 0.22806, -0.973647, 0.3, -0.0, 0.973647, 0.22806, 0.0, 0.0, 0.0, 0.0, 1.0],
                [1.0, 0.0, 0.0, -0.0, 0.0, 0.22806, -0.973647, 0.3, -0.0, 0.973647, 0.22806, 0.0, 0.0, 0.0, 0.0, 1.0]
            ]
        },
        {
            "name": "Tool_L",
            "time": [0.0, 0.625, 1.2917],
            "transform": [
                [1.0, -0.0, 0.0, 0.0, 0.0, -0.658471, -0.752606, 0.272858, 0.0, 0.75215, -0.658086, -0.0, 0.0, 0.0, 0.0, 1.0],
                [1.0, -0.0, 0.0, 0.0, -0.0, -0.658471, -0.752606, 0.272858, 0.0, 0.75215, -0.658086, -0.0, 0.0, 0.0, 0.0, 1.0],
                [1.0, -0.0, 0.0, 0.0, -0.0, -0.658471, -0.752606, 0.272858, 0.0, 0.75215, -0.658086, -0.0, 0.0, 0.0, 0.0, 1.0]
            ]
        },
        {
            "name": "Elbow_L",
            "time": [0.0, 0.2083, 0.375, 0.4583, 0.5417, 0.625, 0.75, 0.875, 1.2917],
            "transform": [
                [-1.0, 0.0, 0.0, -0.0, 0.0, 0.713031, -0.701133, 0.3, -0.0, -0.701133, -0.713031, -0.0, 0.0, 0.0, 0.0, 1.0],
                [-1.0, 0.0, 0.0, 0.0, 0.0, 0.713031, -0.701133, 0.3, -0.0, -0.701133, -0.713031, 0.0, 0.0, 0.0, 0.0, 1.0],
                [-1.0, 0.0, 0.0, -0.0, 0.0, 0.713031, -0.701133, 0.3, -0.0, -0.701133, -0.713031, 0.0, 0.0, 0.0, 0.0, 1.0],
                [-1.0, 0.0, 0.0, -0.0, 0.0, 0.713031, -0.701133, 0.3, -0.0, -0.701133, -0.713031, 0.0, 0.0, 0.0, 0.0, 1.0],
                [-1.0, 0.0, 0.0, -0.0, 0.0, 0.713031, -0.701133, 0.3, -0.0, -0.701133, -0.713031, -0.0, 0.0, 0.0, 0.0, 1.0],
                [-1.0, 0.0, 0.0, -0.0, 0.0, 0.713031, -0.701133, 0.3, -0.0, -0.701133, -0.713031, 0.0, 0.0, 0.0, 0.0, 1.0],
                [-1.0, 0.0, 0.0, 0.0, 0.0, 0.713031, -0.701133, 0.3, -0.0, -0.701133, -0.713031, 0.0, 0.0, 0.0, 0.0, 1.0],
                [-1.0, 0.0, 0.0, -0.0, 0.0, 0.713031, -0.701133, 0.3, -0.0, -0.701133, -0.713031, 0.0, 0.0, 0.0, 0.0, 1.0],
                [-1.0, 0.0, 0.0, -0.0, 0.0, 0.713031, -0.701133, 0.3, -0.0, -0.701133, -0.713031, 0.0, 0.0, 0.0, 0.0, 1.0]
            ]
        }
    ]
}