{
    "animation": [
        {
            "name": "Root",
            "time": [0.0, 0.0833, 0.3333, 0.5417, 0.6667, 1.0],
            "transform": [
                [-0.986845, 0.0, 0.16167, -5e-06, 0.16167, 0.0, 0.986845, 0.000946, 0.0, 1.0, 0.0, 0.431705, 0.0, 0.0, 0.0, 1.0],
                [-0.986845, 0.0, 0.16167, -5e-06, 0.16167, 0.0, 0.986845, 0.000946, 0.0, 1.0, 0.0, 0.431705, 0.0, 0.0, 0.0, 1.0],
                [0.001361, 0.0, 0.999999, -0.009603, 0.999999, 0.0, -0.001361, 0.552174, 0.0, 1.0, 0.0, 0.457674, 0.0, 0.0, 0.0, 1.0],
                [0.548098, 0.0, 0.836414, -0.037155, 0.836414, 0.0, -0.548098, 0.789228, 0.0, 1.0, 0.0, 0.359905, 0.0, 0.0, 0.0, 1.0],
                [0.548098, 0.0, 0.836414, -0.037155, 0.836414, 0.0, -0.548098, 0.847371, 0.0, 1.0, 0.0, 0.30401, 0.0, 0.0, 0.0, 1.0],
                [0.548098, 0.0, 0.836414, -0.037155, 0.836414, 0.0, -0.548098, 0.847371, 0.0, 1.0, 0.0, 0.30401, 0.0, 0.0, 0.0, 1.0]
            ]
        },
        {
            "name": "Thigh_R",
            "time": [0.0, 0.0833, 0.125, 0.1667, 0.2083, 0.25, 0.2917, 0.3333, 0.375, 0.4167, 0.4583, 0.5, 0.5417, 0.6667, 1.0],
            "transform": [
                [0.996413, 0.029901, 0.079158, 0.124994, 0.084543, -0.391251, -0.916392, -0.002831, 0.003569, 0.919798, -0.392374, -1.2e-05, 0.0, 0.0, 0.0, 1.0],
                [0.941405, 0.046888, -0.334002, 0.124994, 0.333175, -0.283277, 0.899304, -0.002831, -0.052449, -0.95789, -0.282302, -1.2e-05, 0.0, 0.0, 0.0, 1.0],
                [0.954355, 0.017543, -0.298158, 0.124994, 0.292707, -0.253511, 0.921984, -0.002831, -0.059412, -0.967172, -0.247076, -1.2e-05, 0.0, 0.0, 0.0, 1.0],
                [0.979136, -0.04993, -0.196972, 0.124994, 0.180779, -0.228617, 0.956584, -0.002831, -0.092794, -0.972234, -0.214823, -1.2e-05, 0.0, 0.0, 0.0, 1.0],
                [0.989986, -0.119375, -0.075345, 0.124994, 0.045963, -0.232079, 0.97161, -0.002831, -0.133472, -0.965343, -0.22427, -1.2e-05, 0.0, 0.0, 0.0, 1.0],
                [0.988171, -0.153348, 0.001283, 0.124994, -0.042976, -0.268892, 0.962211, -0.002831, -0.147209, -0.950883, -0.272303, -1.2e-05, 0.0, 0.0, 0.0, 1.0],
                [0.990265, -0.139095, -0.005211, 0.124994, -0.040843, -0.326166, 0.94443, -0.002831, -0.133066, -0.935022, -0.328673, -1.2e-05, 0.0, 0.0, 0.0, 1.0],
                [0.993256, -0.096352, -0.064485, 0.124994, 0.02367, -0.375972, 0.926329, -0.002831, -0.113498, -0.921607, -0.371157, -1.2e-05, 0.0, 0.0, 0.0, 1.0],
                [0.992376, -0.063867, -0.105409, 0.124994, 0.069842, -0.413286, 0.907919, -0.002831, -0.101551, -0.908357, -0.405675, -1.2e-05, 0.0, 0.0, 0.0, 1.0],
                [0.992392, -0.04511, -0.114549, 0.124994, 0.080223, -0.468844, 0.87963, -0.002831, -0.093385, -0.882127, -0.461659, -1.2e-05, 0.0, 0.0, 0.0, 1.0],
                [0.989998, -0.007611, -0.140877, 0.124994, 0.113133, -0.553789, 0.824935, -0.002831, -0.084296, -0.83262, -0.54739, -1.2e-05, 0.0, 0.0, 0.0, 1.0],
                [0.984589, 0.067423, -0.161364, 0.124994, 0.166379, -0.645384, 0.745518, -0.002831, -0.053877, -0.760875, -0.646657, -1.2e-05, 0.0, 0.0, 0.0, 1.0],
                [0.972827, 0.171759, -0.155257, 0.124994, 0.231466, -0.705608, 0.669731, -0.002831, 0.005481, -0.687468, -0.726193, -1.2e-05, 0.0, 0.0, 0.0, 1.0],
                [0.947694, 0.256887, -0.189429, 0.124994, 0.265394, -0.304505, 0.914791, -0.002831, 0.177316, -0.917215, -0.356756, -1.2e-05, 0.0, 0.0, 0.0, 1.0],
                [0.956733, 0.221247, -0.188973, 0.124994, 0.231116, -0.18328, 0.955507, -0.002831, 0.176767, -0.957839, -0.226486, -1.2e-05, 0.0, 0.0, 0.0, 1.0]
            ]
        },
        {
            "name": "Leg_R",
            "time": [0.0, 0.0833, 0.125, 0.1667, 0.2083, 0.25, 0.2917, 0.3333, 0.375, 0.4167, 0.4583, 0.5, 0.5417, 0.6667, 1.0],
            "transform": [
                [1.0, -3.7e-05, 6.1e-05, -0.0, 3.7e-05, 0.999986, 0.005196, 0.37472, -6.2e-05, -0.005197, 0.999988, 0.0, 0.0, 0.0, 0.0, 1.0],
                [1.0, 5.9e-05, 4.5e-05, 0.0, -4.7e-05, 0.042159, 0.999112, 0.37472, 5.7e-05, -0.999111, 0.042158, 0.0, 0.0, 0.0, 0.0, 1.0],
                [1.0, 4.2e-05, 2.8e-05, -0.0, -3.2e-05, 0.117003, 0.993132, 0.37472, 3.8e-05, -0.993132, 0.117002, -0.0, 0.0, 0.0, 0.0, 1.0],
                [1.0, -1.4e-05, -8e-06, -0.0, 1.1e-05, 0.200476, 0.9797, 0.37472, -1.2e-05, -0.979698, 0.200475, -0.0, 0.0, 0.0, 0.0, 1.0],
                [1.0, -8.2e-05, -4.9e-05, 0.0, 6.1e-05, 0.15977, 0.987155, 0.37472, -7.3e-05, -0.987154, 0.15977, -0.0, 0.0, 0.0, 0.0, 1.0],
                [1.0, -0.000118, -8.4e-05, 0.0, 9.1e-05, 0.057616, 0.99834, 0.37472, -0.000113, -0.998339, 0.057615, -0.0, 0.0, 0.0, 0.0, 1.0],
                [1.0, -0.000108, -9.1e-05, -0.0, 8.7e-05, -0.037046, 0.999315, 0.37472, -0.000111, -0.999314, -0.037046, 0.0, 0.0, 0.0, 0.0, 1.0],
                [1.0, -7.5e-05, -7.1e-05, -0.0, 6.4e-05, -0.093638, 0.995607, 0.37472, -8.2e-05, -0.995606, -0.093638, -0.0, 0.0, 0.0, 0.0, 1.0],
                [1.0, -5.4e-05, -5.6e-05, -0.0, 4.7e-05, -0.151553, 0.98845, 0.37472, -6.1e-05, -0.988449, -0.151553, -0.0, 0.0, 0.0, 0.0, 1.0],
                [1.0, -4.7e-05, -5.4e-05, 0.0, 4.1e-05, -0.24361, 0.969874, 0.37472, -5.8e-05, -0.969873, -0.243611, -0.0, 0.0, 0.0, 0.0, 1.0],
                [1.0, -3.4e-05, -4.1e-05, -0.0, 2.8e-05, -0.331061, 0.94361, 0.37472, -4.5e-05, -0.943609, -0.331062, 0.0, 0.0, 0.0, 0.0, 1.0],
                [1.0, -1.6e-05, -1.9e-05, 0.0, 1.2e-05, -0.392041, 0.919948, 0.37472, -2.2e-05, -0.919948, -0.392042, -0.0, 0.0, 0.0, 0.0, 1.0],
                [1.0, 6e-06, 7e-06, 0.0, -3e-06, -0.434184, 0.900824, 0.37472, 8e-06, -0.900825, -0.434184, 0.0, 0.0, 0.0, 0.0, 1.0],
                [1.0, 1.5e-05, 1.9e-05, -0.0, -6e-06, -0.600394, 0.799705, 0.37472, 2.4e-05, -0.799703, -0.600396, 0.0, 0.0, 0.0, 0.0, 1.0],
                [1.0, 3e-06, 4e-06, -0.0, -1e-06, -0.582518, 0.812818, 0.37472, 5e-06, -0.812817, -0.58252, 0.0, 0.0, 0.0, 0.0, 1.0]
            ]
        },
        {
            "name": "Knee_R",
            "time": [0.0, 0.0833, 0.3333, 0.5417, 0.6667, 1.0],
            "transform": [
                [1.0, 0.0, 1e-06, -0.0, 0.0, 0.832027, -0.554735, 0.37472, -1e-06, 0.554735, 0.832027, 0.0, 0.0, 0.0, 0.0, 1.0],
                [1.0, 0.0, 1e-06, 0.0, 0.0, 0.832028, -0.554735, 0.37472, -1e-06, 0.554735, 0.832027, -0.0, 0.0, 0.0, 0.0, 1.0],
                [1.0, 0.0, 1e-06, -0.0, 0.0, 0.726102, -0.687587, 0.37472, -0.0, 0.687587, 0.726102, 0.0, 0.0, 0.0, 0.0, 1.0],
                [1.0, -0.0, 0.0, -0.0, 0.0, 0.704379, -0.709824, 0.37472, -0.0, 0.709824, 0.704379, -0.0, 0.0, 0.0, 0.0, 1.0],
                [1.0, 0.0, 1e-06, -0.0, -0.0, 0.906665, -0.421853, 0.37472, -1e-06, 0.421853, 0.906665, 0.0, 0.0, 0.0, 0.0, 1.0],
                [1.0, 0.0, 1e-06, 0.0, -0.0, 0.906665, -0.421852, 0.37472, -1e-06, 0.421853, 0.906664, 0.0, 0.0, 0.0, 0.0, 1.0]
            ]
        },
        {
            "name": "Thigh_L",
            "time": [0.0, 0.0833, 0.125, 0.1667, 0.2083, 0.25, 0.2917, 0.3333, 0.375, 0.4167, 0.4583, 0.5, 0.5417, 0.6667, 1.0],
            "transform": [
                [0.777882, 0.076611, -0.623722, -0.125006, 0.417542, -0.804777, 0.42189, -0.002831, -0.469637, -0.58861, -0.658012, -1.2e-05, 0.0, 0.0, 0.0, 1.0],
                [0.904931, -0.423521, 0.041597, -0.125006, -0.307983, -0.584325, 0.750806, -0.002831, -0.293676, -0.692238, -0.659213, -1.2e-05, 0.0, 0.0, 0.0, 1.0],
                [0.896519, -0.441817, 0.03241, -0.125006, -0.306155, -0.56504, 0.766157, -0.002831, -0.320188, -0.696796, -0.641836, -1.2e-05, 0.0, 0.0, 0.0, 1.0],
                [0.866898, -0.497953, 0.023048, -0.125006, -0.319228, -0.519055, 0.792889, -0.002831, -0.382858, -0.694711, -0.60893, -1.2e-05, 0.0, 0.0, 0.0, 1.0],
                [0.804274, -0.593622, 0.027488, -0.125006, -0.377556, -0.474723, 0.79504, -0.002831, -0.458904, -0.649808, -0.605934, -1.2e-05, 0.0, 0.0, 0.0, 1.0],
                [0.701677, -0.712424, 0.010028, -0.125006, -0.483662, -0.465939, 0.740926, -0.002831, -0.523181, -0.52474, -0.671513, -1.2e-05, 0.0, 0.0, 0.0, 1.0],
                [0.583416, -0.807295, -0.088889, -0.125006, -0.603694, -0.504267, 0.617469, -0.002831, -0.543302, -0.306578, -0.781557, -1.2e-05, 0.0, 0.0, 0.0, 1.0],
                [0.502675, -0.821587, -0.268911, -0.125006, -0.7032, -0.569543, 0.425594, -0.002831, -0.502818, -0.024836, -0.864035, -1.2e-05, 0.0, 0.0, 0.0, 1.0],
                [0.472406, -0.741344, -0.476698, -0.125006, -0.767129, -0.612156, 0.191779, -0.002831, -0.433986, 0.275093, -0.857893, -1.2e-05, 0.0, 0.0, 0.0, 1.0],
                [0.456203, -0.614358, -0.643772, -0.125006, -0.800354, -0.599507, 0.004949, -0.002831, -0.388985, 0.512989, -0.765201, -1.2e-05, 0.0, 0.0, 0.0, 1.0],
                [0.435752, -0.627814, -0.644957, -0.125006, -0.82057, -0.571542, 0.001946, -0.002831, -0.36984, 0.528386, -0.764216, -1.2e-05, 0.0, 0.0, 0.0, 1.0],
                [0.412113, -0.739539, -0.532208, -0.125006, -0.838809, -0.536019, 0.095303, -0.002831, -0.355752, 0.407147, -0.841232, -1.2e-05, 0.0, 0.0, 0.0, 1.0],
                [0.388944, -0.811364, -0.436361, -0.125006, -0.858311, -0.491223, 0.148326, -0.002831, -0.334695, 0.316844, -0.887462, -1.2e-05, 0.0, 0.0, 0.0, 1.0],
                [0.365508, -0.775624, -0.514598, -0.125006, -0.906201, -0.422799, -0.006399, -0.002831, -0.212606, 0.468668, -0.857408, -1.2e-05, 0.0, 0.0, 0.0, 1.0],
                [0.365508, -0.775624, -0.514598, -0.125006, -0.906201, -0.422799, -0.006399, -0.002831, -0.212606, 0.468668, -0.857408, -1.2e-05, 0.0, 0.0, 0.0, 1.0]
            ]
        },
        {
            "name": "Leg_L",
            "time": [0.0, 0.0833, 0.125, 0.1667, 0.2083, 0.25, 0.2917, 0.3333, 0.375, 0.4167, 0.4583, 0.5, 0.5417, 0.6667, 1.0],
            "transform": [
                [1.0, 0.000162, 0.000316, -0.0, -0.000309, -0.039815, 0.999208, 0.37472, 0.000175, -0.999205, -0.039815, 0.0, 0.0, 0.0, 0.0, 1.0],
                [1.0, -1e-05, -4.5e-05, 0.0, 4.2e-05, -0.212136, 0.977241, 0.37472, -2e-05, -0.977239, -0.212136, -0.0, 0.0, 0.0, 0.0, 1.0],
                [1.0, -1.2e-05, -5e-05, 0.0, 4.7e-05, -0.20486, 0.978792, 0.37472, -2.2e-05, -0.97879, -0.204861, 0.0, 0.0, 0.0, 0.0, 1.0],
                [1.0, -1.9e-05, -7.5e-05, 0.0, 7e-05, -0.170323, 0.985389, 0.37472, -3.2e-05, -0.985388, -0.170323, 0.0, 0.0, 0.0, 0.0, 1.0],
                [1.0, -4.4e-05, -0.00013, -0.0, 0.000126, -0.081326, 0.996688, 0.37472, -5.5e-05, -0.996687, -0.081326, -0.0, 0.0, 0.0, 0.0, 1.0],
                [1.0, -0.000109, -0.000205, -0.0, 0.000214, 0.088827, 0.996047, 0.37472, -9.1e-05, -0.996047, 0.088828, 0.0, 0.0, 0.0, 0.0, 1.0],
                [1.0, -0.000233, -0.000238, -0.0, 0.000304, 0.346508, 0.938047, 0.37472, -0.000136, -0.938048, 0.346508, -0.0, 0.0, 0.0, 0.0, 1.0],
                [1.0, -0.000375, -0.000163, -0.0, 0.000368, 0.651276, 0.75884, 0.37472, -0.000178, -0.758841, 0.651276, -0.0, 0.0, 0.0, 0.0, 1.0],
                [1.0, -0.000455, 1.8e-05, -0.0, 0.000406, 0.909207, 0.416345, 0.37472, -0.000206, -0.416345, 0.909207, 0.0, 0.0, 0.0, 0.0, 1.0],
                [1.0, -0.000321, 0.00022, 0.0, 0.00032, 0.999986, 0.005287, 0.37472, -0.000222, -0.005287, 0.999986, 0.0, 0.0, 0.0, 0.0, 1.0],
                [1.0, -0.000339, 0.00023, -0.0, 0.000338, 0.999986, 0.005298, 0.37472, -0.000232, -0.005297, 0.999986, 0.0, 0.0, 0.0, 0.0, 1.0],
                [1.0, -0.000503, 0.000119, -0.0, 0.000456, 0.966483, 0.256734, 0.37472, -0.000244, -0.256734, 0.966482, -0.0, 0.0, 0.0, 0.0, 1.0],
                [1.0, -0.000532, 7.2e-05, -0.0, 0.00047, 0.932341, 0.361578, 0.37472, -0.00026, -0.361579, 0.932341, -0.0, 0.0, 0.0, 0.0, 1.0],
                [1.0, -0.000374, 0.000291, -0.0, 0.000373, 0.999988, 0.004942, 0.37472, -0.000293, -0.004942, 0.999988, -0.0, 0.0, 0.0, 0.0, 1.0],
                [1.0, -0.000374, 0.000291, -0.0, 0.000373, 0.999988, 0.004942, 0.37472, -0.000293, -0.004942, 0.999988, -0.0, 0.0, 0.0, 0.0, 1.0]
            ]
        },
        {
            "name": "Knee_L",
            "time": [0.0, 0.0833, 0.3333, 0.5417, 0.6667, 1.0],
            "transform": [
                [1.0, -1e-06, 0.0, 0.0, 1e-06, 0.756164, -0.654382, 0.37472, 0.0, 0.654382, 0.756164, 0.0, 0.0, 0.0, 0.0, 1.0],
                [1.0, -1e-06, 0.0, 0.0, 1e-06, 0.756164, -0.654382, 0.37472, 0.0, 0.654382, 0.756164, -0.0, 0.0, 0.0, 0.0, 1.0],
                [1.0, 0.0, -0.0, -0.0, -0.0, 0.44991, -0.893074, 0.37472, 0.0, 0.893074, 0.44991, -0.0, 0.0, 0.0, 0.0, 1.0],
                [1.0, 0.0, -0.0, 0.0, -0.0, 1e-06, -1.0, 0.37472, -0.0, 1.0, 1e-06, -0.0, 0.0, 0.0, 0.0, 1.0],
                [1.0, 0.0, -0.0, -0.0, -0.0, 1e-06, -1.0, 0.37472, -0.0, 1.0, 1e-06, -0.0, 0.0, 0.0, 0.0, 1.0],
                [1.0, 0.0, -0.0, -0.0, -0.0, 1e-06, -1.0, 0.37472, -0.0, 1.0, 1e-06, -0.0, 0.0, 0.0, 0.0, 1.0]
            ]
        },
        {
            "name": "Torso",
            "time": [0.0, 0.0833, 0.3333, 0.625, 0.6667, 1.0],
            "transform": [
                [0.995064, 0.038306, 0.091539, 0.0, -0.005329, 0.941783, -0.33618, 0.05, -0.099087, 0.334033, 0.937339, 0.0, 0.0, 0.0, 0.0, 1.0],
                [0.995064, 0.038306, 0.091539, 0.0, -0.005329, 0.941783, -0.33618, 0.05, -0.099087, 0.334033, 0.937339, 0.0, 0.0, 0.0, 0.0, 1.0],
                [0.98496, 0.118814, 0.125448, -0.0, -0.107144, 0.989596, -0.096022, 0.05, -0.135552, 0.081137, 0.987442, -0.0, 0.0, 0.0, 0.0, 1.0],
                [0.945148, 0.210102, 0.250106, 0.0, -0.288701, 0.895494, 0.338736, 0.05, -0.1528, -0.392361, 0.907031, -0.0, 0.0, 0.0, 0.0, 1.0],
                [0.945148, 0.210102, 0.250106, 0.0, -0.288701, 0.895494, 0.338736, 0.05, -0.1528, -0.392361, 0.907031, -0.0, 0.0, 0.0, 0.0, 1.0],
                [0.945148, 0.210102, 0.250106, 0.0, -0.288701, 0.895494, 0.338736, 0.05, -0.1528, -0.392361, 0.907031, -0.0, 0.0, 0.0, 0.0, 1.0]
            ]
        },
        {
            "name": "Chest",
            "time": [0.0, 0.0833, 0.3333, 0.625, 0.6667, 1.0],
            "transform": [
                [0.730704, -0.24713, 0.636395, 0.0, -0.313535, 0.706579, 0.634383, 0.3, -0.606439, -0.663078, 0.438816, 0.0, 0.0, 0.0, 0.0, 1.0],
                [0.730704, -0.24713, 0.636395, 0.0, -0.313535, 0.706579, 0.634383, 0.3, -0.606439, -0.663078, 0.438816, 0.0, 0.0, 0.0, 0.0, 1.0],
                [0.682273, -0.159958, 0.713384, -0.0, -0.113321, 0.940841, 0.319338, 0.3, -0.722262, -0.298717, 0.623784, 0.0, 0.0, 0.0, 0.0, 1.0],
                [0.791961, -0.014923, -0.610389, -0.0, -0.103349, 0.982, -0.1581, 0.3, 0.601762, 0.188292, 0.776163, -0.0, 0.0, 0.0, 0.0, 1.0],
                [0.683188, 0.009227, -0.730184, 0.0, -0.178625, 0.971656, -0.15485, 0.3, 0.708058, 0.23622, 0.665472, 0.0, 0.0, 0.0, 0.0, 1.0],
                [0.683188, 0.009227, -0.730184, 0.0, -0.178625, 0.971656, -0.15485, 0.3, 0.708058, 0.23622, 0.665472, 0.0, 0.0, 0.0, 0.0, 1.0]
            ]
        },
        {
            "name": "Head",
            "time": [0.0, 0.0833, 0.3333, 0.5417, 0.6667, 1.0],
            "transform": [
                [0.977693, 0.162251, -0.133379, -0.0, -0.153026, 0.985234, 0.076793, 0.4, 0.14387, -0.054669, 0.988085, -0.0, 0.0, 0.0, 0.0, 1.0],
                [0.977693, 0.162251, -0.133379, -0.0, -0.153026, 0.985234, 0.076793, 0.4, 0.14387, -0.054669, 0.988085, -0.0, 0.0, 0.0, 0.0, 1.0],
                [0.556704, 0.097105, -0.825016, 0.0, 0.073401, 0.98351, 0.16529, 0.4, 0.827462, -0.152574, 0.540396, -0.0, 0.0, 0.0, 0.0, 1.0],
                [0.838495, -0.054401, -0.542186, 0.0, 0.00642, 0.995921, -0.089999, 0.4, 0.544871, 0.071983, 0.835425, 0.0, 0.0, 0.0, 0.0, 1.0],
                [0.947677, -0.125596, -0.293485, 0.0, 0.023447, 0.944255, -0.328379, 0.4, 0.318367, 0.304316, 0.897794, -0.0, 0.0, 0.0, 0.0, 1.0],
                [0.947677, -0.125596, -0.293485, 0.0, 0.023447, 0.944255, -0.328379, 0.4, 0.318367, 0.304316, 0.897794, -0.0, 0.0, 0.0, 0.0, 1.0]
            ]
        },
        {
            "name": "Shoulder_R",
            "time": [0.0, 0.0833, 0.3333, 0.5417, 0.6667, 1.0],
            "transform": [
                [0.042834, 0.978771, 0.200429, -0.0, 0.001395, -0.200671, 0.979658, 0.4, 0.999081, -0.041683, -0.009961, -0.0, 0.0, 0.0, 0.0, 1.0],
                [0.042834, 0.978771, 0.200429, -0.0, 0.001395, -0.200671, 0.979658, 0.4, 0.999081, -0.041683, -0.009961, -0.0, 0.0, 0.0, 0.0, 1.0],
                [0.111636, 0.873808, 0.473283, 0.0, -0.017767, -0.474429, 0.880114, 0.4, 0.99359, -0.106662, -0.037438, -0.0, 0.0, 0.0, 0.0, 1.0],
                [-0.049323, 0.979005, 0.197778, 0.0, 0.39378, -0.162918, 0.904652, 0.4, 0.91788, 0.122501, -0.377477, 0.0, 0.0, 0.0, 0.0, 1.0],
                [-0.049323, 0.979005, 0.197778, 0.0, 0.39378, -0.162918, 0.904652, 0.4, 0.91788, 0.122501, -0.377477, -0.0, 0.0, 0.0, 0.0, 1.0],
                [-0.049323, 0.979005, 0.197778, 0.0, 0.39378, -0.162918, 0.904652, 0.4, 0.91788, 0.122501, -0.377477, -0.0, 0.0, 0.0, 0.0, 1.0]
            ]
        },
        {
            "name": "Arm_R",
            "time": [0.0, 0.0833, 0.3333, 0.5417, 0.6667, 1.0],
            "transform": [
                [0.135604, -0.90061, 0.412934, 0.0, -0.252178, -0.434431, -0.864683, 0.393861, 0.958133, 0.013122, -0.286024, -0.0, 0.0, 0.0, 0.0, 1.0],
                [0.135604, -0.90061, 0.412934, 0.0, -0.252178, -0.434431, -0.864683, 0.393861, 0.958133, 0.013122, -0.286024, -0.0, 0.0, 0.0, 0.0, 1.0],
                [0.127568, -0.686305, -0.716039, 0.0, -0.507505, 0.575101, -0.641636, 0.393861, 0.852153, 0.445246, -0.274939, 0.0, 0.0, 0.0, 0.0, 1.0],
                [0.274132, 0.368689, -0.888212, -0.0, -0.103882, 0.929541, 0.353783, 0.393861, 0.956065, -0.004714, 0.293117, -0.0, 0.0, 0.0, 0.0, 1.0],
                [0.475611, 0.741736, -0.472887, -0.0, -0.1655, 0.603434, 0.78005, 0.393861, 0.863947, -0.292737, 0.409757, 0.0, 0.0, 0.0, 0.0, 1.0],
                [0.475611, 0.741736, -0.472887, -0.0, -0.1655, 0.603434, 0.78005, 0.393861, 0.863947, -0.292737, 0.409757, 0.0, 0.0, 0.0, 0.0, 1.0]
            ]
        },
        {
            "name": "Hand_R",
            "time": [0.0, 0.0833, 0.3333, 0.5417, 0.6667, 1.0],
            "transform": [
                [1.0, 0.0, 0.0, 0.0, -0.0, 0.997642, -0.068635, 0.3, -0.0, 0.068635, 0.997642, 0.0, 0.0, 0.0, 0.0, 1.0],
                [1.0, 0.0, 0.0, 0.0, -0.0, 0.997642, -0.068635, 0.3, -0.0, 0.068635, 0.997642, 0.0, 0.0, 0.0, 0.0, 1.0],
                [0.999389, -0.031149, -0.015849, -0.0, 0.012161, 0.735072, -0.67788, 0.3, 0.032765, 0.677273, 0.735002, 0.0, 0.0, 0.0, 0.0, 1.0],
                [1.0, 0.0, 0.0, 0.0, -0.0, 0.929048, -0.36996, 0.3, -0.0, 0.36996, 0.929048, -0.0, 0.0, 0.0, 0.0, 1.0],
                [1.0, 0.0, 0.0, -0.0, -0.0, 0.962533, -0.271166, 0.3, -0.0, 0.271166, 0.962533, -0.0, 0.0, 0.0, 0.0, 1.0],
                [1.0, 0.0, 0.0, -0.0, -0.0, 0.962533, -0.271166, 0.3, -0.0, 0.271166, 0.962533, -0.0, 0.0, 0.0, 0.0, 1.0]
            ]
        },
        {
            "name": "Tool_R",
            "time": [0.0, 0.0833, 0.3333, 0.5417, 0.6667, 1.0],
            "transform": [
                [0.960259, -0.242695, -0.137846, -0.0, -0.25379, -0.553689, -0.793107, 0.272858, 0.116087, 0.796092, -0.592934, 0.0, 0.0, 0.0, 0.0, 1.0],
                [0.960259, -0.242695, -0.137846, -0.0, -0.25379, -0.553689, -0.793107, 0.272858, 0.116087, 0.796092, -0.592934, 0.0, 0.0, 0.0, 0.0, 1.0],
                [0.997433, 0.008408, -0.071111, 0.0, -0.049548, -0.635919, -0.770164, 0.272858, -0.051666, 0.771243, -0.633501, -0.0, 0.0, 0.0, 0.0, 1.0],
                [0.992267, -0.024636, -0.121652, 0.0, -0.109783, -0.631497, -0.767567, 0.272858, -0.05788, 0.774518, -0.628952, -0.0, 0.0, 0.0, 0.0, 1.0],
                [0.998204, 0.030986, -0.05127, 0.0, -0.058055, 0.289226, -0.955499, 0.272858, -0.014771, 0.956192, 0.290322, -0.0, 0.0, 0.0, 0.0, 1.0],
                [0.998204, 0.030986, -0.05127, 0.0, -0.058055, 0.289226, -0.955499, 0.272858, -0.014771, 0.956192, 0.290322, -0.0, 0.0, 0.0, 0.0, 1.0]
            ]
        },
        {
            "name": "Elbow_R",
            "time": [0.0, 0.0833, 0.3333, 0.5417, 0.6667, 1.0],
            "transform": [
                [-1.0, 0.0, -0.0, 0.0, 0.0, -0.0, -1.0, 0.3, -0.0, -1.0, -0.0, 0.0, 0.0, 0.0, 0.0, 1.0],
                [-1.0, 0.0, -0.0, 0.0, 0.0, -0.0, -1.0, 0.3, -0.0, -1.0, -0.0, 0.0, 0.0, 0.0, 0.0, 1.0],
                [-1.0, 0.0, -0.0, -0.0, 0.0, 0.0, -1.0, 0.3, -0.0, -1.0, -0.0, 0.0, 0.0, 0.0, 0.0, 1.0],
                [-1.0, 0.0, -0.0, 0.0, 0.0, 0.0, -1.0, 0.3, -0.0, -1.0, 0.0, -0.0, 0.0, 0.0, 0.0, 1.0],
                [-1.0, 0.0, -0.0, -0.0, 0.0, -0.0, -1.0, 0.3, -0.0, -1.0, -0.0, -0.0, 0.0, 0.0, 0.0, 1.0],
                [-1.0, 0.0, -0.0, -0.0, 0.0, -0.0, -1.0, 0.3, -0.0, -1.0, -0.0, -0.0, 0.0, 0.0, 0.0, 1.0]
            ]
        },
        {
            "name": "Shoulder_L",
            "time": [0.0, 0.0833, 0.3333, 0.5417, 0.6667, 1.0],
            "transform": [
                [0.168845, -0.970009, -0.174853, -0.0, -0.005321, -0.178294, 0.983963, 0.4, -0.985628, -0.165207, -0.035265, -0.0, 0.0, 0.0, 0.0, 1.0],
                [0.168845, -0.970009, -0.174853, -0.0, -0.005321, -0.178294, 0.983963, 0.4, -0.985628, -0.165207, -0.035265, -0.0, 0.0, 0.0, 0.0, 1.0],
                [0.324133, -0.904891, -0.27588, 0.0, 0.038366, -0.278811, 0.959579, 0.4, -0.945233, -0.321616, -0.055655, -0.0, 0.0, 0.0, 0.0, 1.0],
                [0.104767, -0.955465, -0.27588, 0.0, -0.027537, -0.280088, 0.959579, 0.4, -0.994115, -0.092935, -0.055655, 0.0, 0.0, 0.0, 0.0, 1.0],
                [0.104767, -0.955465, -0.27588, 0.0, -0.027537, -0.280088, 0.959579, 0.4, -0.994115, -0.092935, -0.055655, -0.0, 0.0, 0.0, 0.0, 1.0],
                [0.104767, -0.955465, -0.27588, 0.0, -0.027537, -0.280088, 0.959579, 0.4, -0.994115, -0.092935, -0.055655, -0.0, 0.0, 0.0, 0.0, 1.0]
            ]
        },
        {
            "name": "Arm_L",
            "time": [0.0, 0.0833, 0.3333, 0.5417, 0.6667, 1.0],
            "transform": [
                [-0.081233, 0.006503, 0.996674, -0.0, -0.62015, 0.782507, -0.05565, 0.39386, -0.780266, -0.622608, -0.059533, 0.0, 0.0, 0.0, 0.0, 1.0],
                [-0.081233, 0.006503, 0.996674, -0.0, -0.62015, 0.782507, -0.05565, 0.39386, -0.780266, -0.622608, -0.059533, 0.0, 0.0, 0.0, 0.0, 1.0],
                [-0.286661, 0.361869, 0.88706, 0.0, -0.394995, 0.798915, -0.453557, 0.39386, -0.872814, -0.480401, -0.086082, -0.0, 0.0, 0.0, 0.0, 1.0],
                [-0.286661, -0.140883, 0.947617, -0.0, -0.394995, 0.918525, 0.017069, 0.39386, -0.872814, -0.36941, -0.318954, 0.0, 0.0, 0.0, 0.0, 1.0],
                [-0.286661, -0.140883, 0.947617, -0.0, -0.394994, 0.918525, 0.017069, 0.39386, -0.872814, -0.36941, -0.318954, 0.0, 0.0, 0.0, 0.0, 1.0],
                [-0.286661, -0.140883, 0.947617, -0.0, -0.394994, 0.918525, 0.017069, 0.39386, -0.872814, -0.36941, -0.318954, 0.0, 0.0, 0.0, 0.0, 1.0]
            ]
        },
        {
            "name": "Hand_L",
            "time": [0.0, 0.0833, 0.3333, 0.5417, 0.6667, 1.0],
            "transform": [
                [1.0, -0.0, -0.0, -0.0, 0.0, 0.464658, -0.88549, 0.3, 0.0, 0.88549, 0.464658, 0.0, 0.0, 0.0, 0.0, 1.0],
                [1.0, -0.0, -0.0, -0.0, 0.0, 0.464658, -0.88549, 0.3, 0.0, 0.88549, 0.464658, 0.0, 0.0, 0.0, 0.0, 1.0],
                [1.0, -0.0, -0.0, -0.0, 0.0, 0.464658, -0.88549, 0.3, 0.0, 0.88549, 0.464658, -0.0, 0.0, 0.0, 0.0, 1.0],
                [1.0, -0.0, -0.0, -0.0, 0.0, 0.895583, -0.444894, 0.3, 0.0, 0.444894, 0.895583, 0.0, 0.0, 0.0, 0.0, 1.0],
                [1.0, -0.0, 0.0, -0.0, 0.0, 0.895583, -0.444894, 0.3, 0.0, 0.444894, 0.895583, 0.0, 0.0, 0.0, 0.0, 1.0],
                [1.0, -0.0, 0.0, -0.0, 0.0, 0.895583, -0.444894, 0.3, 0.0, 0.444894, 0.895583, 0.0, 0.0, 0.0, 0.0, 1.0]
            ]
        },
        {
            "name": "Tool_L",
            "time": [0.0, 0.0833, 0.3333, 0.5417, 0.6667, 1.0],
            "transform": [
                [1.0, 0.0, 0.0, -0.0, -0.0, -0.999836, 0.018122, 0.272858, 0.0, -0.018122, -0.999239, -0.0, 0.0, 0.0, 0.0, 1.0],
                [1.0, 0.0, 0.0, -0.0, -0.0, -0.999836, 0.018122, 0.272858, 0.0, -0.018122, -0.999239, -0.0, 0.0, 0.0, 0.0, 1.0],
                [1.0, -0.0, 0.0, -0.0, 0.0, -0.999836, 0.018122, 0.272858, 0.0, -0.018122, -0.999239, -0.0, 0.0, 0.0, 0.0, 1.0],
                [1.0, -0.0, 0.0, 0.0, 0.0, -0.999836, 0.018122, 0.272858, 0.0, -0.018122, -0.999239, -0.0, 0.0, 0.0, 0.0, 1.0],
                [1.0, 0.0, 0.0, -0.0, -0.0, -0.999836, 0.018122, 0.272858, 0.0, -0.018122, -0.999239, 0.0, 0.0, 0.0, 0.0, 1.0],
                [1.0, 0.0, 0.0, -0.0, -0.0, -0.999836, 0.018122, 0.272858, 0.0, -0.018122, -0.999239, 0.0, 0.0, 0.0, 0.0, 1.0]
            ]
        },
        {
            "name": "Elbow_L",
            "time": [0.0, 0.0833, 0.3333, 0.5417, 0.6667, 1.0],
            "transform": [
                [-1.0, 0.0, -0.0, -0.0, 0.0, -0.0, -1.0, 0.3, -0.0, -1.0, 0.0, 0.0, 0.0, 0.0, 0.0, 1.0],
                [-1.0, 0.0, -0.0, -0.0, 0.0, -0.0, -1.0, 0.3, -0.0, -1.0, 0.0, 0.0, 0.0, 0.0, 0.0, 1.0],
                [-1.0, 0.0, -0.0, -0.0, -0.0, -0.0, -1.0, 0.3, -0.0, -1.0, 0.0, -0.0, 0.0, 0.0, 0.0, 1.0],
                [-1.0, 0.0, -0.0, -0.0, 0.0, -0.0, -1.0, 0.3, -0.0, -1.0, 0.0, 0.0, 0.0, 0.0, 0.0, 1.0],
                [-1.0, 0.0, 0.0, -0.0, 0.0, -0.0, -1.0, 0.3, -0.0, -1.0, 0.0, 0.0, 0.0, 0.0, 0.0, 1.0],
                [-1.0, 0.0, 0.0, -0.0, 0.0, -0.0, -1.0, 0.3, -0.0, -1.0, 0.0, 0.0, 0.0, 0.0, 0.0, 1.0]
            ]
        }
    ]
}