{
    "animation": [
        {
            "name": "Root",
            "time": [0.0, 0.25, 0.5, 0.6667, 0.7917, 1.0417, 1.1667, 1.25, 1.6667, 1.8333, 2.2917],
            "transform": [
                [0.985934, 0.0, 0.167133, -5e-06, 0.167133, 0.0, -0.985934, 0.000946, 0.0, 1.0, 0.0, 0.748384, 0.0, 0.0, 0.0, 1.0],
                [0.985934, 0.0, 0.167133, -5e-06, 0.167133, 0.0, -0.985934, 0.000946, 0.0, 1.0, 0.0, 0.748384, 0.0, 0.0, 0.0, 1.0],
                [0.985934, 0.0, 0.167133, -5e-06, 0.167133, 0.0, -0.985934, 0.000946, 0.0, 1.0, 0.0, 0.748384, 0.0, 0.0, 0.0, 1.0],
                [0.985934, 0.0, 0.167133, -5e-06, 0.167133, 0.0, -0.985934, 0.000946, 0.0, 1.0, 0.0, 0.748384, 0.0, 0.0, 0.0, 1.0],
                [0.985934, 0.0, 0.167133, -5e-06, 0.167133, 0.0, -0.985934, 0.000946, 0.0, 1.0, 0.0, 0.748384, 0.0, 0.0, 0.0, 1.0],
                [0.985934, 0.0, 0.167133, -5e-06, 0.167133, 0.0, -0.985934, 0.000946, 0.0, 1.0, 0.0, 0.748384, 0.0, 0.0, 0.0, 1.0],
                [0.985934, 0.0, 0.167133, -5e-06, 0.167133, 0.0, -0.985934, 0.000946, 0.0, 1.0, 0.0, 0.748384, 0.0, 0.0, 0.0, 1.0],
                [0.985934, 0.0, 0.167133, -5e-06, 0.167133, 0.0, -0.985934, 0.000946, 0.0, 1.0, 0.0, 0.748384, 0.0, 0.0, 0.0, 1.0],
                [0.985934, 0.0, 0.167133, -5e-06, 0.167133, 0.0, -0.985934, 0.000946, 0.0, 1.0, 0.0, 0.748384, 0.0, 0.0, 0.0, 1.0],
                [0.985934, 0.0, 0.167133, -5e-06, 0.167133, 0.0, -0.985934, 0.000946, 0.0, 1.0, 0.0, 0.748384, 0.0, 0.0, 0.0, 1.0],
                [0.998261, 0.0, -0.05895, -5e-06, -0.05895, 0.0, -0.998261, 0.000946, 0.0, 1.0, 0.0, 0.748384, 0.0, 0.0, 0.0, 1.0]
            ]
        },
        {
            "name": "Thigh_R",
            "time": [0.0, 0.25, 0.5, 0.6667, 0.7917, 1.0417, 1.1667, 1.25, 1.6667, 1.8333, 2.2917],
            "transform": [
                [0.966536, 0.187343, 0.175246, 0.124994, 0.154605, -0.970531, 0.184841, -0.002831, 0.20471, -0.15156, -0.967018, -1.2e-05, 0.0, 0.0, 0.0, 1.0],
                [0.966536, 0.187343, 0.175246, 0.124994, 0.154605, -0.970531, 0.184841, -0.002831, 0.20471, -0.15156, -0.967018, -1.2e-05, 0.0, 0.0, 0.0, 1.0],
                [0.966536, 0.187343, 0.175246, 0.124994, 0.154605, -0.970531, 0.184841, -0.002831, 0.20471, -0.15156, -0.967018, -1.2e-05, 0.0, 0.0, 0.0, 1.0],
                [0.966536, 0.187343, 0.175246, 0.124994, 0.154605, -0.970531, 0.184841, -0.002831, 0.20471, -0.15156, -0.967018, -1.2e-05, 0.0, 0.0, 0.0, 1.0],
                [0.966536, 0.187343, 0.175246, 0.124994, 0.154605, -0.970531, 0.184841, -0.002831, 0.20471, -0.15156, -0.967018, -1.2e-05, 0.0, 0.0, 0.0, 1.0],
                [0.966536, 0.187343, 0.175246, 0.124994, 0.154605, -0.970531, 0.184841, -0.002831, 0.20471, -0.15156, -0.967018, -1.2e-05, 0.0, 0.0, 0.0, 1.0],
                [0.966536, 0.187343, 0.175246, 0.124994, 0.154605, -0.970531, 0.184841, -0.002831, 0.20471, -0.15156, -0.967018, -1.2e-05, 0.0, 0.0, 0.0, 1.0],
                [0.966536, 0.187343, 0.175246, 0.124994, 0.154605, -0.970531, 0.184841, -0.002831, 0.20471, -0.15156, -0.967018, -1.2e-05, 0.0, 0.0, 0.0, 1.0],
                [0.966536, 0.187343, 0.175246, 0.124994, 0.154605, -0.970531, 0.184841, -0.002831, 0.20471, -0.15156, -0.967018, -1.2e-05, 0.0, 0.0, 0.0, 1.0],
                [0.966536, 0.187343, 0.175246, 0.124994, 0.154605, -0.970531, 0.184841, -0.002831, 0.20471, -0.15156, -0.967018, -1.2e-05, 0.0, 0.0, 0.0, 1.0],
                [0.969752, 0.147597, 0.19441, 0.124994, 0.115009, -0.978807, 0.169435, -0.002831, 0.215298, -0.141948, -0.966176, -1.2e-05, 0.0, 0.0, 0.0, 1.0]
            ]
        },
        {
            "name": "Leg_R",
            "time": [0.0, 0.25, 0.5, 0.6667, 0.7917, 1.0417, 1.1667, 1.25, 1.6667, 1.8333, 2.2917],
            "transform": [
                [1.0, 0.000187, -2.3e-05, 0.0, -0.00018, 0.984468, 0.175561, 0.37472, 5.6e-05, -0.175561, 0.984469, 0.0, 0.0, 0.0, 0.0, 1.0],
                [1.0, 0.000187, -2.3e-05, 0.0, -0.00018, 0.984468, 0.175561, 0.37472, 5.6e-05, -0.175561, 0.984469, 0.0, 0.0, 0.0, 0.0, 1.0],
                [1.0, 0.000187, -2.3e-05, 0.0, -0.00018, 0.984468, 0.175561, 0.37472, 5.6e-05, -0.175561, 0.984469, 0.0, 0.0, 0.0, 0.0, 1.0],
                [1.0, 0.000187, -2.3e-05, 0.0, -0.00018, 0.984468, 0.175561, 0.37472, 5.6e-05, -0.175561, 0.984469, 0.0, 0.0, 0.0, 0.0, 1.0],
                [1.0, 0.000187, -2.3e-05, 0.0, -0.00018, 0.984468, 0.175561, 0.37472, 5.6e-05, -0.175561, 0.984469, 0.0, 0.0, 0.0, 0.0, 1.0],
                [1.0, 0.000187, -2.3e-05, 0.0, -0.00018, 0.984468, 0.175561, 0.37472, 5.6e-05, -0.175561, 0.984469, 0.0, 0.0, 0.0, 0.0, 1.0],
                [1.0, 0.000187, -2.3e-05, 0.0, -0.00018, 0.984468, 0.175561, 0.37472, 5.6e-05, -0.175561, 0.984469, 0.0, 0.0, 0.0, 0.0, 1.0],
                [1.0, 0.000187, -2.3e-05, 0.0, -0.00018, 0.984468, 0.175561, 0.37472, 5.6e-05, -0.175561, 0.984469, 0.0, 0.0, 0.0, 0.0, 1.0],
                [1.0, 0.000187, -2.3e-05, 0.0, -0.00018, 0.984468, 0.175561, 0.37472, 5.6e-05, -0.175561, 0.984469, 0.0, 0.0, 0.0, 0.0, 1.0],
                [1.0, 0.000187, -2.3e-05, 0.0, -0.00018, 0.984468, 0.175561, 0.37472, 5.6e-05, -0.175561, 0.984469, 0.0, 0.0, 0.0, 0.0, 1.0],
                [1.0, 0.00016, -4.7e-05, 0.0, -0.000159, 0.999989, 0.004722, 0.37472, 4.7e-05, -0.004721, 0.999988, 0.0, 0.0, 0.0, 0.0, 1.0]
            ]
        },
        {
            "name": "Knee_R",
            "time": [0.0, 0.25, 0.5, 0.6667, 0.7917, 1.0417, 1.1667, 1.25, 1.6667, 1.8333, 2.2917],
            "transform": [
                [1.0, 0.0, -0.0, 0.0, -0.0, 1e-06, -1.0, 0.37472, -0.0, 1.0, 1e-06, 0.0, 0.0, 0.0, 0.0, 1.0],
                [1.0, 0.0, -0.0, 0.0, -0.0, 1e-06, -1.0, 0.37472, -0.0, 1.0, 1e-06, 0.0, 0.0, 0.0, 0.0, 1.0],
                [1.0, 0.0, -0.0, 0.0, -0.0, 1e-06, -1.0, 0.37472, -0.0, 1.0, 1e-06, 0.0, 0.0, 0.0, 0.0, 1.0],
                [1.0, 0.0, -0.0, 0.0, -0.0, 1e-06, -1.0, 0.37472, -0.0, 1.0, 1e-06, 0.0, 0.0, 0.0, 0.0, 1.0],
                [1.0, 0.0, -0.0, 0.0, -0.0, 1e-06, -1.0, 0.37472, -0.0, 1.0, 1e-06, 0.0, 0.0, 0.0, 0.0, 1.0],
                [1.0, 0.0, -0.0, 0.0, -0.0, 1e-06, -1.0, 0.37472, -0.0, 1.0, 1e-06, 0.0, 0.0, 0.0, 0.0, 1.0],
                [1.0, 0.0, -0.0, 0.0, -0.0, 1e-06, -1.0, 0.37472, -0.0, 1.0, 1e-06, 0.0, 0.0, 0.0, 0.0, 1.0],
                [1.0, 0.0, -0.0, 0.0, -0.0, 1e-06, -1.0, 0.37472, -0.0, 1.0, 1e-06, 0.0, 0.0, 0.0, 0.0, 1.0],
                [1.0, 0.0, -0.0, 0.0, -0.0, 1e-06, -1.0, 0.37472, -0.0, 1.0, 1e-06, 0.0, 0.0, 0.0, 0.0, 1.0],
                [1.0, 0.0, -0.0, 0.0, -0.0, 1e-06, -1.0, 0.37472, -0.0, 1.0, 1e-06, 0.0, 0.0, 0.0, 0.0, 1.0],
                [1.0, 0.0, -0.0, -0.0, -0.0, 1e-06, -1.0, 0.37472, -0.0, 1.0, 1e-06, 0.0, 0.0, 0.0, 0.0, 1.0]
            ]
        },
        {
            "name": "Thigh_L",
            "time": [0.0, 0.25, 0.5, 0.6667, 0.7917, 1.0417, 1.1667, 1.25, 1.6667, 1.8333, 2.2917],
            "transform": [
                [0.993903, -0.105105, 0.033323, -0.125006, -0.109179, -0.980349, 0.164298, -0.002831, 0.0154, -0.166932, -0.985848, -1.2e-05, 0.0, 0.0, 0.0, 1.0],
                [0.993903, -0.105105, 0.033323, -0.125006, -0.109179, -0.980349, 0.164298, -0.002831, 0.0154, -0.166932, -0.985848, -1.2e-05, 0.0, 0.0, 0.0, 1.0],
                [0.993903, -0.105105, 0.033323, -0.125006, -0.109179, -0.980349, 0.164298, -0.002831, 0.0154, -0.166932, -0.985848, -1.2e-05, 0.0, 0.0, 0.0, 1.0],
                [0.993903, -0.105105, 0.033323, -0.125006, -0.109179, -0.980349, 0.164298, -0.002831, 0.0154, -0.166932, -0.985848, -1.2e-05, 0.0, 0.0, 0.0, 1.0],
                [0.993903, -0.105105, 0.033323, -0.125006, -0.109179, -0.980349, 0.164298, -0.002831, 0.0154, -0.166932, -0.985848, -1.2e-05, 0.0, 0.0, 0.0, 1.0],
                [0.993903, -0.105105, 0.033323, -0.125006, -0.109179, -0.980349, 0.164298, -0.002831, 0.0154, -0.166932, -0.985848, -1.2e-05, 0.0, 0.0, 0.0, 1.0],
                [0.993903, -0.105105, 0.033323, -0.125006, -0.109179, -0.980349, 0.164298, -0.002831, 0.0154, -0.166932, -0.985848, -1.2e-05, 0.0, 0.0, 0.0, 1.0],
                [0.993903, -0.105105, 0.033323, -0.125006, -0.109179, -0.980349, 0.164298, -0.002831, 0.0154, -0.166932, -0.985848, -1.2e-05, 0.0, 0.0, 0.0, 1.0],
                [0.993903, -0.105105, 0.033323, -0.125006, -0.109179, -0.980349, 0.164298, -0.002831, 0.0154, -0.166932, -0.985848, -1.2e-05, 0.0, 0.0, 0.0, 1.0],
                [0.993903, -0.105105, 0.033323, -0.125006, -0.109179, -0.980349, 0.164298, -0.002831, 0.0154, -0.166932, -0.985848, -1.2e-05, 0.0, 0.0, 0.0, 1.0],
                [0.994851, -0.097866, 0.026353, -0.125006, -0.099942, -0.990475, 0.094707, -0.002831, 0.016834, -0.096851, -0.995156, -1.2e-05, 0.0, 0.0, 0.0, 1.0]
            ]
        },
        {
            "name": "Leg_L",
            "time": [0.0, 0.25, 0.5, 0.6667, 0.7917, 1.0417, 1.1667, 1.25, 1.6667, 1.8333, 2.2917],
            "transform": [
                [1.0, -5.7e-05, 1e-05, -0.0, 5e-05, 0.940933, 0.338592, 0.37472, -2.8e-05, -0.338592, 0.940933, 0.0, 0.0, 0.0, 0.0, 1.0],
                [1.0, -5.7e-05, 1e-05, -0.0, 5e-05, 0.940933, 0.338592, 0.37472, -2.8e-05, -0.338592, 0.940933, 0.0, 0.0, 0.0, 0.0, 1.0],
                [1.0, -5.7e-05, 1e-05, -0.0, 5e-05, 0.940933, 0.338592, 0.37472, -2.8e-05, -0.338592, 0.940933, 0.0, 0.0, 0.0, 0.0, 1.0],
                [1.0, -5.7e-05, 1e-05, -0.0, 5e-05, 0.940933, 0.338592, 0.37472, -2.8e-05, -0.338592, 0.940933, 0.0, 0.0, 0.0, 0.0, 1.0],
                [1.0, -5.7e-05, 1e-05, -0.0, 5e-05, 0.940933, 0.338592, 0.37472, -2.8e-05, -0.338592, 0.940933, 0.0, 0.0, 0.0, 0.0, 1.0],
                [1.0, -5.7e-05, 1e-05, -0.0, 5e-05, 0.940933, 0.338592, 0.37472, -2.8e-05, -0.338592, 0.940933, 0.0, 0.0, 0.0, 0.0, 1.0],
                [1.0, -5.7e-05, 1e-05, -0.0, 5e-05, 0.940933, 0.338592, 0.37472, -2.8e-05, -0.338592, 0.940933, 0.0, 0.0, 0.0, 0.0, 1.0],
                [1.0, -5.7e-05, 1e-05, -0.0, 5e-05, 0.940933, 0.338592, 0.37472, -2.8e-05, -0.338592, 0.940933, 0.0, 0.0, 0.0, 0.0, 1.0],
                [1.0, -5.7e-05, 1e-05, -0.0, 5e-05, 0.940933, 0.338592, 0.37472, -2.8e-05, -0.338592, 0.940933, 0.0, 0.0, 0.0, 0.0, 1.0],
                [1.0, -5.7e-05, 1e-05, -0.0, 5e-05, 0.940933, 0.338592, 0.37472, -2.8e-05, -0.338592, 0.940933, 0.0, 0.0, 0.0, 0.0, 1.0],
                [1.0, -5.2e-05, 1.1e-05, 0.0, 4.6e-05, 0.94637, 0.323085, 0.37472, -2.7e-05, -0.323085, 0.94637, 0.0, 0.0, 0.0, 0.0, 1.0]
            ]
        },
        {
            "name": "Knee_L",
            "time": [0.0, 0.25, 0.5, 0.6667, 0.7917, 1.0417, 1.1667, 1.25, 1.6667, 1.8333, 2.2917],
            "transform": [
                [1.0, 0.0, -0.0, -0.0, -0.0, 1e-06, -1.0, 0.37472, -0.0, 1.0, 1e-06, 0.0, 0.0, 0.0, 0.0, 1.0],
                [1.0, 0.0, -0.0, -0.0, -0.0, 1e-06, -1.0, 0.37472, -0.0, 1.0, 1e-06, 0.0, 0.0, 0.0, 0.0, 1.0],
                [1.0, 0.0, -0.0, -0.0, -0.0, 1e-06, -1.0, 0.37472, -0.0, 1.0, 1e-06, 0.0, 0.0, 0.0, 0.0, 1.0],
                [1.0, 0.0, -0.0, -0.0, -0.0, 1e-06, -1.0, 0.37472, -0.0, 1.0, 1e-06, 0.0, 0.0, 0.0, 0.0, 1.0],
                [1.0, 0.0, -0.0, -0.0, -0.0, 1e-06, -1.0, 0.37472, -0.0, 1.0, 1e-06, 0.0, 0.0, 0.0, 0.0, 1.0],
                [1.0, 0.0, -0.0, -0.0, -0.0, 1e-06, -1.0, 0.37472, -0.0, 1.0, 1e-06, 0.0, 0.0, 0.0, 0.0, 1.0],
                [1.0, 0.0, -0.0, -0.0, -0.0, 1e-06, -1.0, 0.37472, -0.0, 1.0, 1e-06, 0.0, 0.0, 0.0, 0.0, 1.0],
                [1.0, 0.0, -0.0, -0.0, -0.0, 1e-06, -1.0, 0.37472, -0.0, 1.0, 1e-06, 0.0, 0.0, 0.0, 0.0, 1.0],
                [1.0, 0.0, -0.0, -0.0, -0.0, 1e-06, -1.0, 0.37472, -0.0, 1.0, 1e-06, 0.0, 0.0, 0.0, 0.0, 1.0],
                [1.0, 0.0, -0.0, -0.0, -0.0, 1e-06, -1.0, 0.37472, -0.0, 1.0, 1e-06, 0.0, 0.0, 0.0, 0.0, 1.0],
                [1.0, 0.0, -0.0, 0.0, -0.0, 1e-06, -1.0, 0.37472, -0.0, 1.0, 1e-06, 0.0, 0.0, 0.0, 0.0, 1.0]
            ]
        },
        {
            "name": "Torso",
            "time": [0.0, 0.25, 0.5, 0.6667, 0.7917, 1.0417, 1.1667, 1.25, 1.6667, 1.8333, 2.2917],
            "transform": [
                [1.0, 0.0, 0.0, -0.0, 0.0, 0.999919, 0.012704, 0.05, 0.0, -0.012704, 0.999919, 0.0, 0.0, 0.0, 0.0, 1.0],
                [1.0, 0.0, 0.0, -0.0, 0.0, 0.999919, 0.012704, 0.05, 0.0, -0.012704, 0.999919, 0.0, 0.0, 0.0, 0.0, 1.0],
                [1.0, 0.0, 0.0, -0.0, 0.0, 0.999919, 0.012704, 0.05, 0.0, -0.012704, 0.999919, 0.0, 0.0, 0.0, 0.0, 1.0],
                [1.0, 0.0, 0.0, -0.0, 0.0, 0.999919, 0.012704, 0.05, 0.0, -0.012704, 0.999919, 0.0, 0.0, 0.0, 0.0, 1.0],
                [1.0, 0.0, 0.0, -0.0, 0.0, 0.999919, 0.012704, 0.05, 0.0, -0.012704, 0.999919, 0.0, 0.0, 0.0, 0.0, 1.0],
                [1.0, 0.0, 0.0, -0.0, 0.0, 0.999919, 0.012704, 0.05, 0.0, -0.012704, 0.999919, 0.0, 0.0, 0.0, 0.0, 1.0],
                [1.0, 0.0, 0.0, -0.0, 0.0, 0.999919, 0.012704, 0.05, 0.0, -0.012704, 0.999919, 0.0, 0.0, 0.0, 0.0, 1.0],
                [1.0, 0.0, 0.0, -0.0, 0.0, 0.999919, 0.012704, 0.05, 0.0, -0.012704, 0.999919, 0.0, 0.0, 0.0, 0.0, 1.0],
                [1.0, 0.0, 0.0, -0.0, 0.0, 0.999919, 0.012704, 0.05, 0.0, -0.012704, 0.999919, 0.0, 0.0, 0.0, 0.0, 1.0],
                [1.0, 0.0, 0.0, -0.0, 0.0, 0.999919, 0.012704, 0.05, 0.0, -0.012704, 0.999919, 0.0, 0.0, 0.0, 0.0, 1.0],
                [0.996448, -0.048573, 0.068792, 0.0, 0.046262, 0.998323, 0.034804, 0.05, -0.070367, -0.031498, 0.997024, 0.0, 0.0, 0.0, 0.0, 1.0]
            ]
        },
        {
            "name": "Chest",
            "time": [0.0, 0.25, 0.5, 0.6667, 0.7917, 1.0417, 1.1667, 1.25, 1.6667, 1.8333, 2.2917],
            "transform": [
                [0.967203, -0.0, 0.254006, 0.0, 0.019573, 0.997027, -0.07453, 0.3, -0.253251, 0.077057, 0.964327, 0.0, 0.0, 0.0, 0.0, 1.0],
                [0.967203, -0.0, 0.254006, 0.0, 0.019573, 0.997027, -0.07453, 0.3, -0.253251, 0.077057, 0.964327, 0.0, 0.0, 0.0, 0.0, 1.0],
                [0.962322, -0.0, 0.271913, 0.0, 0.020953, 0.997027, -0.074154, 0.3, -0.271104, 0.077057, 0.959461, 0.0, 0.0, 0.0, 0.0, 1.0],
                [0.956615, -0.0, 0.291355, 0.0, 0.022451, 0.997027, -0.073714, 0.3, -0.290488, 0.077057, 0.953771, 0.0, 0.0, 0.0, 0.0, 1.0],
                [0.95298, -0.0, 0.303032, 0.0, 0.023351, 0.997027, -0.073434, 0.3, -0.302131, 0.077058, 0.950147, 0.0, 0.0, 0.0, 0.0, 1.0],
                [0.950297, -0.0, 0.311346, 0.0, 0.023992, 0.997027, -0.073227, 0.3, -0.31042, 0.077058, 0.947471, 0.0, 0.0, 0.0, 0.0, 1.0],
                [0.948596, -0.0, 0.316489, 0.0, 0.024388, 0.997027, -0.073096, 0.3, -0.315548, 0.077057, 0.945776, 0.0, 0.0, 0.0, 0.0, 1.0],
                [0.942393, -0.0, 0.334508, 0.0, 0.025776, 0.997027, -0.072618, 0.3, -0.333514, 0.077057, 0.939591, 0.0, 0.0, 0.0, 0.0, 1.0],
                [0.900352, -0.0, 0.435163, 0.0, 0.033533, 0.997027, -0.069379, 0.3, -0.433869, 0.077058, 0.897675, 0.0, 0.0, 0.0, 0.0, 1.0],
                [0.900352, -0.0, 0.435163, 0.0, 0.033533, 0.997027, -0.069379, 0.3, -0.433869, 0.077058, 0.897675, 0.0, 0.0, 0.0, 0.0, 1.0],
                [0.95774, -0.000944, -0.287635, -0.0, -0.001371, 0.999968, -0.007845, 0.3, 0.287633, 0.007908, 0.957708, 0.0, 0.0, 0.0, 0.0, 1.0]
            ]
        },
        {
            "name": "Head",
            "time": [0.0, 0.25, 0.5, 0.6667, 0.7917, 1.0417, 1.1667, 1.25, 1.6667, 1.8333, 2.2917],
            "transform": [
                [0.948587, 0.036354, -0.314423, 0.0, 0.0, 0.993382, 0.114857, 0.4, 0.316517, -0.108952, 0.942309, -0.0, 0.0, 0.0, 0.0, 1.0],
                [0.948587, 0.036354, -0.314423, 0.0, 0.0, 0.993382, 0.114857, 0.4, 0.316517, -0.108952, 0.942309, -0.0, 0.0, 0.0, 0.0, 1.0],
                [0.935163, 0.05241, -0.35032, -0.0, 0.000614, 0.988752, 0.149564, 0.4, 0.354218, -0.140082, 0.924611, 0.0, 0.0, 0.0, 0.0, 1.0],
                [0.916137, 0.069868, -0.39473, -0.0, 0.003629, 0.983208, 0.182451, 0.4, 0.400849, -0.168582, 0.9005, 0.0, 0.0, 0.0, 0.0, 1.0],
                [0.901069, 0.077503, -0.426693, 0.0, 0.00689, 0.981219, 0.192774, 0.4, 0.43362, -0.176643, 0.883612, -0.0, 0.0, 0.0, 0.0, 1.0],
                [0.880937, 0.055543, -0.469962, 0.0, 0.016326, 0.98893, 0.147481, 0.4, 0.472951, -0.137594, 0.870279, 0.0, 0.0, 0.0, 0.0, 1.0],
                [0.876646, 0.040284, -0.479448, -0.0, 0.019978, 0.992582, 0.119927, 0.4, 0.480722, -0.114712, 0.869337, -0.0, 0.0, 0.0, 0.0, 1.0],
                [0.875846, 0.036354, -0.481219, -0.0, 0.020827, 0.993382, 0.112953, 0.4, 0.48214, -0.108952, 0.869293, -0.0, 0.0, 0.0, 0.0, 1.0],
                [0.875846, 0.036354, -0.481219, 0.0, 0.020827, 0.993382, 0.112953, 0.4, 0.48214, -0.108952, 0.869293, 0.0, 0.0, 0.0, 0.0, 1.0],
                [0.875846, 0.036354, -0.481219, 0.0, 0.020827, 0.993382, 0.112953, 0.4, 0.48214, -0.108952, 0.869293, 0.0, 0.0, 0.0, 0.0, 1.0],
                [0.9544, 0.023222, 0.297625, -0.0, -0.047585, 0.996057, 0.074873, 0.4, -0.294713, -0.085621, 0.951742, -0.0, 0.0, 0.0, 0.0, 1.0]
            ]
        },
        {
            "name": "Shoulder_R",
            "time": [0.0, 0.25, 0.5, 0.6667, 0.7917, 1.0417, 1.1667, 1.25, 1.6667, 1.8333, 2.2917],
            "transform": [
                [0.246804, 0.955415, 0.162077, 0.0, -0.09406, -0.142843, 0.985266, 0.4, 0.96449, -0.258412, 0.054612, -0.0, 0.0, 0.0, 0.0, 1.0],
                [0.246804, 0.955415, 0.162077, 0.0, -0.09406, -0.142843, 0.985266, 0.4, 0.96449, -0.258412, 0.054612, -0.0, 0.0, 0.0, 0.0, 1.0],
                [0.226358, 0.962601, 0.148865, -0.0, -0.091961, -0.13103, 0.987104, 0.4, 0.969693, -0.237128, 0.058862, 0.0, 0.0, 0.0, 0.0, 1.0],
                [0.218902, 0.963262, 0.155588, -0.0, -0.092075, -0.138351, 0.986094, 0.4, 0.971393, -0.230183, 0.058407, 0.0, 0.0, 0.0, 0.0, 1.0],
                [0.22612, 0.960007, 0.165092, 0.0, -0.092107, -0.147651, 0.984742, 0.4, 0.969735, -0.237876, 0.055037, -0.0, 0.0, 0.0, 0.0, 1.0],
                [0.331336, 0.931754, 0.148493, 0.0, -0.098723, -0.122283, 0.987573, 0.4, 0.938334, -0.341878, 0.051469, 0.0, 0.0, 0.0, 0.0, 1.0],
                [0.38653, 0.910407, 0.147495, -0.0, -0.103002, -0.116311, 0.987858, 0.4, 0.916507, -0.397029, 0.048816, -0.0, 0.0, 0.0, 0.0, 1.0],
                [0.399606, 0.90275, 0.159238, -0.0, -0.107004, -0.126586, 0.986167, 0.4, 0.91042, -0.411117, 0.046013, -0.0, 0.0, 0.0, 0.0, 1.0],
                [0.409725, 0.90084, 0.143569, 0.0, -0.107049, -0.108816, 0.988281, 0.4, 0.905906, -0.420293, 0.05185, 0.0, 0.0, 0.0, 0.0, 1.0],
                [0.409725, 0.90084, 0.143569, 0.0, -0.107049, -0.108816, 0.988281, 0.4, 0.905906, -0.420293, 0.05185, 0.0, 0.0, 0.0, 0.0, 1.0],
                [0.035307, 0.932199, 0.36022, -0.0, 0.015959, -0.360925, 0.932458, 0.4, 0.999249, -0.027173, -0.02762, -0.0, 0.0, 0.0, 0.0, 1.0]
            ]
        },
        {
            "name": "Arm_R",
            "time": [0.0, 0.25, 0.5, 0.6667, 0.7917, 1.0417, 1.1667, 1.25, 1.6667, 1.8333, 2.2917],
            "transform": [
                [-0.322377, -0.930848, 0.172034, 0.0, -0.186475, -0.115728, -0.97562, 0.39386, 0.928062, -0.346598, -0.136272, 0.0, 0.0, 0.0, 0.0, 1.0],
                [-0.322377, -0.930848, 0.172034, 0.0, -0.186475, -0.115728, -0.97562, 0.39386, 0.928062, -0.346598, -0.136272, 0.0, 0.0, 0.0, 0.0, 1.0],
                [-0.229764, -0.962119, 0.146749, -0.0, -0.118922, -0.121899, -0.985392, 0.39386, 0.965954, -0.243859, -0.086409, 0.0, 0.0, 0.0, 0.0, 1.0],
                [-0.091461, -0.98872, 0.118604, -0.0, -0.03284, -0.116043, -0.992701, 0.39386, 0.995267, -0.094688, -0.021856, 0.0, 0.0, 0.0, 0.0, 1.0],
                [0.028505, -0.99265, 0.11762, -0.0, 0.017051, -0.117168, -0.992966, 0.39386, 0.999448, 0.03031, 0.013586, 0.0, 0.0, 0.0, 0.0, 1.0],
                [0.252474, -0.967425, 0.0186, 0.0, 0.040042, -0.00876, -0.99916, 0.39386, 0.966775, 0.253007, 0.036526, -0.0, 0.0, 0.0, 0.0, 1.0],
                [0.331621, -0.942228, -0.047269, 0.0, 0.036626, 0.062925, -0.997346, 0.39386, 0.942701, 0.32901, 0.055377, -0.0, 0.0, 0.0, 0.0, 1.0],
                [0.356003, -0.931099, -0.079481, 0.0, 0.037721, 0.099302, -0.994342, 0.39386, 0.933723, 0.350991, 0.070473, 0.0, 0.0, 0.0, 0.0, 1.0],
                [0.138326, -0.976306, 0.16641, -0.0, 0.080385, -0.156403, -0.984417, 0.39386, 0.987119, 0.149547, 0.056846, 0.0, 0.0, 0.0, 0.0, 1.0],
                [0.07506, -0.985864, 0.149798, -0.0, -0.019965, -0.151677, -0.988228, 0.39386, 0.996979, 0.071185, -0.031068, 0.0, 0.0, 0.0, 0.0, 1.0],
                [0.16577, 0.174865, -0.970537, -0.0, 0.643334, 0.726724, 0.240819, 0.39386, 0.747423, -0.6643, 0.007972, 0.0, 0.0, 0.0, 0.0, 1.0]
            ]
        },
        {
            "name": "Hand_R",
            "time": [0.0, 0.25, 0.5, 0.6667, 0.7917, 1.0417, 1.1667, 1.25, 1.6667, 1.8333, 2.2917],
            "transform": [
                [1.0, -0.0, 0.0, -0.0, 0.0, 0.546009, -0.837779, 0.3, -0.0, 0.837779, 0.546009, 0.0, 0.0, 0.0, 0.0, 1.0],
                [1.0, -0.0, 0.0, -0.0, 0.0, 0.546009, -0.837779, 0.3, -0.0, 0.837779, 0.546009, 0.0, 0.0, 0.0, 0.0, 1.0],
                [1.0, 0.0, 0.0, -0.0, -0.0, 0.513352, -0.858178, 0.3, -0.0, 0.858178, 0.513352, 0.0, 0.0, 0.0, 0.0, 1.0],
                [1.0, 0.0, -0.0, 0.0, -0.0, 0.48874, -0.87243, 0.3, -0.0, 0.87243, 0.48874, 0.0, 0.0, 0.0, 0.0, 1.0],
                [1.0, 0.0, 0.0, -0.0, -0.0, 0.504381, -0.863481, 0.3, -0.0, 0.863481, 0.504382, -0.0, 0.0, 0.0, 0.0, 1.0],
                [1.0, 0.0, -0.0, -0.0, -0.0, 0.455303, -0.890337, 0.3, 0.0, 0.890337, 0.455303, 0.0, 0.0, 0.0, 0.0, 1.0],
                [1.0, 0.0, 0.0, 0.0, -0.0, 0.41076, -0.911744, 0.3, -0.0, 0.911744, 0.41076, 0.0, 0.0, 0.0, 0.0, 1.0],
                [1.0, 0.0, 0.0, 0.0, 0.0, 0.375252, -0.926923, 0.3, -0.0, 0.926923, 0.375252, 0.0, 0.0, 0.0, 0.0, 1.0],
                [1.0, -0.0, 0.0, 0.0, 0.0, 0.750044, -0.661388, 0.3, 0.0, 0.661388, 0.750044, 0.0, 0.0, 0.0, 0.0, 1.0],
                [1.0, -0.0, 0.0, -0.0, 0.0, 0.750044, -0.661388, 0.3, 0.0, 0.661388, 0.750044, 0.0, 0.0, 0.0, 0.0, 1.0],
                [1.0, -0.0, 0.0, 0.0, 0.0, 0.955941, -0.29356, 0.3, -0.0, 0.29356, 0.955941, -0.0, 0.0, 0.0, 0.0, 1.0]
            ]
        },
        {
            "name": "Tool_R",
            "time": [0.0, 0.25, 0.5, 0.6667, 0.7917, 0.9167, 1.0417, 1.1667, 1.25, 1.6667, 1.8333, 2.2917],
            "transform": [
                [-0.08627, -0.280352, 0.956013, -0.0, 0.265455, -0.931369, -0.24917, 0.272858, 0.959687, 0.232134, 0.154675, -0.0, 0.0, 0.0, 0.0, 1.0],
                [-0.08627, -0.280352, 0.956013, -0.0, 0.265455, -0.931369, -0.24917, 0.272858, 0.959687, 0.232134, 0.154675, -0.0, 0.0, 0.0, 0.0, 1.0],
                [-0.051719, -0.176419, 0.982955, -0.0, 0.27558, -0.948576, -0.155749, 0.272858, 0.959317, 0.262661, 0.097618, 0.0, 0.0, 0.0, 0.0, 1.0],
                [-0.001335, -0.015501, 0.999879, 0.0, 0.271458, -0.96234, -0.014557, 0.272858, 0.961879, 0.271234, 0.005489, 0.0, 0.0, 0.0, 0.0, 1.0],
                [0.059027, 0.098354, 0.993399, 0.0, 0.268035, -0.960153, 0.079136, 0.272858, 0.961029, 0.261428, -0.082987, -0.0, 0.0, 0.0, 0.0, 1.0],
                [0.117679, 0.19723, 0.973269, -0.0, 0.339502, -0.929014, 0.147213, 0.272858, 0.932663, 0.312906, -0.176179, 0.0, 0.0, 0.0, 0.0, 1.0],
                [0.19306, 0.261925, 0.945581, 0.0, 0.345011, -0.92029, 0.184479, 0.272858, 0.917985, 0.290437, -0.267877, -0.0, 0.0, 0.0, 0.0, 1.0],
                [0.222108, 0.330184, 0.917413, -0.0, 0.414728, -0.883547, 0.217588, 0.272858, 0.881901, 0.331942, -0.332979, -0.0, 0.0, 0.0, 0.0, 1.0],
                [0.215597, 0.362629, 0.906652, -0.0, 0.443534, -0.863549, 0.239919, 0.272858, 0.869426, 0.350187, -0.346807, 0.0, 0.0, 0.0, 0.0, 1.0],
                [0.928428, 0.100473, 0.357668, 0.0, 0.315604, -0.72121, -0.616644, 0.272858, 0.195884, 0.684975, -0.70089, -0.0, 0.0, 0.0, 0.0, 1.0],
                [0.99495, 0.099607, -0.012381, -0.0, 0.063096, -0.71659, -0.694635, 0.272858, -0.078016, 0.689927, -0.718835, 0.0, 0.0, 0.0, 0.0, 1.0],
                [0.994945, 0.088461, 0.047529, 0.0, 0.06315, -0.183156, -0.981053, 0.272858, -0.078032, 0.97851, -0.187715, 0.0, 0.0, 0.0, 0.0, 1.0]
            ]
        },
        {
            "name": "Elbow_R",
            "time": [0.0, 0.25, 0.5, 0.6667, 0.7917, 1.0417, 1.1667, 1.25, 1.6667, 1.8333, 2.2917],
            "transform": [
                [-1.0, 0.0, -0.0, -0.0, 0.0, 0.0, -1.0, 0.3, -0.0, -1.0, -0.0, 0.0, 0.0, 0.0, 0.0, 1.0],
                [-1.0, 0.0, -0.0, -0.0, 0.0, 0.0, -1.0, 0.3, -0.0, -1.0, -0.0, 0.0, 0.0, 0.0, 0.0, 1.0],
                [-1.0, 0.0, -0.0, -0.0, 0.0, -0.0, -1.0, 0.3, -0.0, -1.0, 0.0, 0.0, 0.0, 0.0, 0.0, 1.0],
                [-1.0, 0.0, -0.0, 0.0, 0.0, -0.0, -1.0, 0.3, -0.0, -1.0, 0.0, 0.0, 0.0, 0.0, 0.0, 1.0],
                [-1.0, 0.0, -0.0, -0.0, 0.0, 0.0, -1.0, 0.3, -0.0, -1.0, -0.0, -0.0, 0.0, 0.0, 0.0, 1.0],
                [-1.0, 0.0, -0.0, -0.0, 0.0, 0.0, -1.0, 0.3, -0.0, -1.0, -0.0, 0.0, 0.0, 0.0, 0.0, 1.0],
                [-1.0, 0.0, -0.0, 0.0, 0.0, 0.0, -1.0, 0.3, -0.0, -1.0, -0.0, 0.0, 0.0, 0.0, 0.0, 1.0],
                [-1.0, 0.0, 0.0, 0.0, 0.0, 0.0, -1.0, 0.3, -0.0, -1.0, -0.0, 0.0, 0.0, 0.0, 0.0, 1.0],
                [-1.0, 0.0, -0.0, 0.0, 0.0, -0.0, -1.0, 0.3, -0.0, -1.0, -0.0, 0.0, 0.0, 0.0, 0.0, 1.0],
                [-1.0, 0.0, -0.0, -0.0, 0.0, -0.0, -1.0, 0.3, -0.0, -1.0, -0.0, 0.0, 0.0, 0.0, 0.0, 1.0],
                [-1.0, 0.0, -0.0, 0.0, 0.0, 0.0, -1.0, 0.3, -0.0, -1.0, -0.0, -0.0, 0.0, 0.0, 0.0, 1.0]
            ]
        },
        {
            "name": "Shoulder_L",
            "time": [0.0, 0.25, 0.5, 0.6667, 0.7917, 1.0417, 1.1667, 1.25, 1.6667, 1.8333, 2.2917],
            "transform": [
                [0.166718, -0.878441, -0.447825, 0.0, -0.081109, -0.46486, 0.881661, 0.4, -0.982663, -0.110666, -0.14875, -0.0, 0.0, 0.0, 0.0, 1.0],
                [0.166718, -0.878441, -0.447825, 0.0, -0.081109, -0.46486, 0.881661, 0.4, -0.982663, -0.110666, -0.14875, -0.0, 0.0, 0.0, 0.0, 1.0],
                [0.166718, -0.878441, -0.447825, -0.0, -0.081109, -0.46486, 0.881661, 0.4, -0.982663, -0.110666, -0.14875, 0.0, 0.0, 0.0, 0.0, 1.0],
                [0.166718, -0.878441, -0.447825, -0.0, -0.081109, -0.46486, 0.881661, 0.4, -0.982663, -0.110666, -0.14875, 0.0, 0.0, 0.0, 0.0, 1.0],
                [0.166718, -0.878441, -0.447825, 0.0, -0.081109, -0.46486, 0.881661, 0.4, -0.982663, -0.110666, -0.14875, -0.0, 0.0, 0.0, 0.0, 1.0],
                [0.18103, -0.855624, -0.484908, 0.0, -0.071443, -0.503192, 0.861216, 0.4, -0.980879, -0.121263, -0.152221, 0.0, 0.0, 0.0, 0.0, 1.0],
                [0.189495, -0.840891, -0.506946, -0.0, -0.065269, -0.525947, 0.84801, 0.4, -0.97971, -0.127606, -0.154548, -0.0, 0.0, 0.0, 0.0, 1.0],
                [0.191606, -0.837064, -0.512455, -0.0, -0.063673, -0.531631, 0.84458, 0.4, -0.979404, -0.129197, -0.155162, -0.0, 0.0, 0.0, 0.0, 1.0],
                [0.191606, -0.837064, -0.512455, 0.0, -0.063673, -0.531631, 0.844579, 0.4, -0.979404, -0.129197, -0.155162, 0.0, 0.0, 0.0, 0.0, 1.0],
                [0.191606, -0.837064, -0.512455, 0.0, -0.063673, -0.531631, 0.844579, 0.4, -0.979404, -0.129197, -0.155162, 0.0, 0.0, 0.0, 0.0, 1.0],
                [0.080394, -0.959765, -0.269049, -0.0, -0.11755, -0.277168, 0.953604, 0.4, -0.989807, -0.045038, -0.135103, -0.0, 0.0, 0.0, 0.0, 1.0]
            ]
        },
        {
            "name": "Arm_L",
            "time": [0.0, 0.25, 0.5, 0.6667, 0.7917, 1.0417, 1.1667, 1.25, 1.6667, 1.8333, 2.2917],
            "transform": [
                [-0.600221, 0.636587, 0.484243, 0.0, -0.276841, 0.402659, -0.872482, 0.39386, -0.750396, -0.65774, -0.065451, 0.0, 0.0, 0.0, 0.0, 1.0],
                [-0.600221, 0.636587, 0.484243, 0.0, -0.276841, 0.402659, -0.872482, 0.39386, -0.750396, -0.65774, -0.065451, 0.0, 0.0, 0.0, 0.0, 1.0],
                [-0.62857, 0.569279, 0.529925, 0.0, -0.248708, 0.498454, -0.830475, 0.39386, -0.736915, -0.653808, -0.171729, 0.0, 0.0, 0.0, 0.0, 1.0],
                [-0.656339, 0.500103, 0.564903, 0.0, -0.22477, 0.585134, -0.779164, 0.39386, -0.720206, -0.638369, -0.271638, -0.0, 0.0, 0.0, 0.0, 1.0],
                [-0.665275, 0.477192, 0.574193, 0.0, -0.217795, 0.611586, -0.76061, 0.39386, -0.714125, -0.631071, -0.302943, 0.0, 0.0, 0.0, 0.0, 1.0],
                [-0.665275, 0.477192, 0.574193, 0.0, -0.217795, 0.611586, -0.76061, 0.39386, -0.714125, -0.631071, -0.302943, -0.0, 0.0, 0.0, 0.0, 1.0],
                [-0.665275, 0.477192, 0.574193, 0.0, -0.217795, 0.611586, -0.76061, 0.39386, -0.714125, -0.631071, -0.302943, -0.0, 0.0, 0.0, 0.0, 1.0],
                [-0.665275, 0.477192, 0.574193, 0.0, -0.217795, 0.611586, -0.76061, 0.39386, -0.714125, -0.631071, -0.302943, 0.0, 0.0, 0.0, 0.0, 1.0],
                [-0.360562, 0.355933, 0.862152, -0.0, -0.199401, 0.873543, -0.444028, 0.39386, -0.911172, -0.332014, -0.243993, 0.0, 0.0, 0.0, 0.0, 1.0],
                [-0.360562, 0.355933, 0.862152, -0.0, -0.199401, 0.873543, -0.444028, 0.39386, -0.911172, -0.332014, -0.243993, 0.0, 0.0, 0.0, 0.0, 1.0],
                [0.151577, -0.017252, 0.988295, -0.0, -0.844169, 0.517874, 0.138512, 0.39386, -0.514202, -0.855283, 0.063934, -0.0, 0.0, 0.0, 0.0, 1.0]
            ]
        },
        {
            "name": "Hand_L",
            "time": [0.0, 0.25, 0.5, 0.6667, 0.7917, 1.0417, 1.1667, 1.25, 1.6667, 1.8333, 2.2917],
            "transform": [
                [1.0, -0.0, 0.0, -0.0, 0.0, 0.155753, -0.987796, 0.3, 0.0, 0.987796, 0.155753, -0.0, 0.0, 0.0, 0.0, 1.0],
                [1.0, -0.0, 0.0, -0.0, 0.0, 0.155753, -0.987796, 0.3, 0.0, 0.987796, 0.155753, -0.0, 0.0, 0.0, 0.0, 1.0],
                [1.0, -0.0, 0.0, -0.0, 0.0, 0.155753, -0.987796, 0.3, 0.0, 0.987796, 0.155753, 0.0, 0.0, 0.0, 0.0, 1.0],
                [1.0, -0.0, 0.0, -0.0, 0.0, 0.155753, -0.987796, 0.3, -0.0, 0.987796, 0.155753, 0.0, 0.0, 0.0, 0.0, 1.0],
                [1.0, 0.0, 0.0, 0.0, 0.0, 0.155753, -0.987796, 0.3, 0.0, 0.987796, 0.155753, 0.0, 0.0, 0.0, 0.0, 1.0],
                [1.0, 0.0, 0.0, 0.0, 0.0, 0.155753, -0.987796, 0.3, 0.0, 0.987796, 0.155753, -0.0, 0.0, 0.0, 0.0, 1.0],
                [1.0, 0.0, 0.0, -0.0, 0.0, 0.155753, -0.987796, 0.3, -0.0, 0.987796, 0.155753, 0.0, 0.0, 0.0, 0.0, 1.0],
                [1.0, 0.0, 0.0, 0.0, 0.0, 0.155753, -0.987796, 0.3, 0.0, 0.987796, 0.155753, -0.0, 0.0, 0.0, 0.0, 1.0],
                [1.0, 0.0, 0.0, -0.0, 0.0, 0.709721, -0.704483, 0.3, -0.0, 0.704483, 0.709721, -0.0, 0.0, 0.0, 0.0, 1.0],
                [1.0, 0.0, 0.0, -0.0, 0.0, 0.709721, -0.704483, 0.3, -0.0, 0.704483, 0.709721, -0.0, 0.0, 0.0, 0.0, 1.0],
                [1.0, 0.0, 0.0, 0.0, -0.0, 0.931527, -0.363672, 0.3, -0.0, 0.363672, 0.931527, 0.0, 0.0, 0.0, 0.0, 1.0]
            ]
        },
        {
            "name": "Tool_L",
            "time": [0.0, 0.25, 0.5, 0.6667, 0.7917, 1.0417, 1.1667, 1.25, 1.6667, 1.8333, 2.2917],
            "transform": [
                [1.0, -0.0, 0.0, 0.0, 0.0, -0.999836, 0.018122, 0.272858, 0.0, -0.018122, -0.999239, -0.0, 0.0, 0.0, 0.0, 1.0],
                [1.0, -0.0, 0.0, 0.0, 0.0, -0.999836, 0.018122, 0.272858, 0.0, -0.018122, -0.999239, -0.0, 0.0, 0.0, 0.0, 1.0],
                [1.0, -0.0, 0.0, -0.0, 0.0, -0.999836, 0.018122, 0.272858, 0.0, -0.018122, -0.999239, -0.0, 0.0, 0.0, 0.0, 1.0],
                [1.0, -0.0, 0.0, -0.0, 0.0, -0.999836, 0.018122, 0.272858, 0.0, -0.018122, -0.999239, 0.0, 0.0, 0.0, 0.0, 1.0],
                [1.0, -0.0, 0.0, -0.0, -0.0, -0.999836, 0.018122, 0.272858, 0.0, -0.018122, -0.999239, 0.0, 0.0, 0.0, 0.0, 1.0],
                [1.0, -0.0, 0.0, -0.0, 0.0, -0.999836, 0.018122, 0.272858, 0.0, -0.018122, -0.999239, -0.0, 0.0, 0.0, 0.0, 1.0],
                [1.0, -0.0, 0.0, 0.0, 0.0, -0.999836, 0.018122, 0.272858, 0.0, -0.018122, -0.999239, -0.0, 0.0, 0.0, 0.0, 1.0],
                [1.0, -0.0, 0.0, 0.0, 0.0, -0.999836, 0.018122, 0.272858, 0.0, -0.018122, -0.999239, 0.0, 0.0, 0.0, 0.0, 1.0],
                [1.0, -0.0, 0.0, 0.0, 0.0, -0.999836, 0.018122, 0.272858, 0.0, -0.018122, -0.999239, -0.0, 0.0, 0.0, 0.0, 1.0],
                [1.0, -0.0, 0.0, 0.0, 0.0, -0.999836, 0.018122, 0.272858, 0.0, -0.018122, -0.999239, -0.0, 0.0, 0.0, 0.0, 1.0],
                [1.0, -0.0, 0.0, 0.0, -0.0, -0.999836, 0.018122, 0.272858, 0.0, -0.018122, -0.999239, -0.0, 0.0, 0.0, 0.0, 1.0]
            ]
        },
        {
            "name": "Elbow_L",
            "time": [0.0, 0.25, 0.5, 0.6667, 0.7917, 1.0417, 1.1667, 1.25, 1.6667, 1.8333, 2.2917],
            "transform": [
                [-1.0, 0.0, -0.0, -0.0, 0.0, -0.0, -1.0, 0.3, -0.0, -1.0, -0.0, -0.0, 0.0, 0.0, 0.0, 1.0],
                [-1.0, 0.0, -0.0, -0.0, 0.0, -0.0, -1.0, 0.3, -0.0, -1.0, -0.0, -0.0, 0.0, 0.0, 0.0, 1.0],
                [-1.0, 0.0, 0.0, -0.0, 0.0, -0.0, -1.0, 0.3, -0.0, -1.0, 0.0, 0.0, 0.0, 0.0, 0.0, 1.0],
                [-1.0, 0.0, -0.0, -0.0, 0.0, -0.0, -1.0, 0.3, -0.0, -1.0, 0.0, 0.0, 0.0, 0.0, 0.0, 1.0],
                [-1.0, 0.0, 0.0, 0.0, 0.0, -0.0, -1.0, 0.3, -0.0, -1.0, 0.0, 0.0, 0.0, 0.0, 0.0, 1.0],
                [-1.0, 0.0, 0.0, 0.0, 0.0, -0.0, -1.0, 0.3, -0.0, -1.0, 0.0, -0.0, 0.0, 0.0, 0.0, 1.0],
                [-1.0, 0.0, -0.0, -0.0, 0.0, -0.0, -1.0, 0.3, -0.0, -1.0, 0.0, 0.0, 0.0, 0.0, 0.0, 1.0],
                [-1.0, 0.0, -0.0, 0.0, -0.0, -0.0, -1.0, 0.3, -0.0, -1.0, 0.0, -0.0, 0.0, 0.0, 0.0, 1.0],
                [-1.0, 0.0, -0.0, -0.0, -0.0, -0.0, -1.0, 0.3, -0.0, -1.0, 0.0, -0.0, 0.0, 0.0, 0.0, 1.0],
                [-1.0, 0.0, -0.0, -0.0, -0.0, -0.0, -1.0, 0.3, -0.0, -1.0, 0.0, -0.0, 0.0, 0.0, 0.0, 1.0],
                [-1.0, 0.0, -0.0, 0.0, 0.0, -0.0, -1.0, 0.3, -0.0, -1.0, 0.0, 0.0, 0.0, 0.0, 0.0, 1.0]
            ]
        }
    ]
}