{
    "animation": [
        {
            "name": "Root",
            "time": [0.0, 0.125, 0.375, 0.5833, 0.6667, 0.75, 1.25],
            "transform": [
                [0.955504, 0.0, -0.294979, -5e-06, -0.294979, 0.0, -0.955504, 0.189469, 0.0, 1.0, 0.0, 0.532385, 0.0, 0.0, 0.0, 1.0],
                [0.955504, 0.0, -0.294979, -5e-06, -0.294979, 0.0, -0.955504, 0.189469, 0.0, 1.0, 0.0, 0.532385, 0.0, 0.0, 0.0, 1.0],
                [0.787423, 0.0, 0.616413, -5e-06, 0.616413, 0.0, -0.787423, 0.735015, 0.0, 1.0, 0.0, 0.532385, 0.0, 0.0, 0.0, 1.0],
                [-0.350949, 0.0, 0.936394, 0.061378, 0.936394, 0.0, 0.350949, 0.927098, 0.0, 1.0, 0.0, 0.423661, 0.0, 0.0, 0.0, 1.0],
                [-0.533844, 0.0, 0.845583, 0.061378, 0.845583, 0.0, 0.533844, 1.049677, 0.0, 1.0, 0.0, 0.423661, 0.0, 0.0, 0.0, 1.0],
                [-0.558281, 0.0, 0.829652, 0.061378, 0.829652, 0.0, 0.558281, 1.122749, 0.0, 1.0, 0.0, 0.423661, 0.0, 0.0, 0.0, 1.0],
                [-0.558281, 0.0, 0.829652, 0.061378, 0.829652, 0.0, 0.558281, 1.122749, 0.0, 1.0, 0.0, 0.423661, 0.0, 0.0, 0.0, 1.0]
            ]
        },
        {
            "name": "Thigh_R",
            "time": [0.0, 0.125, 0.1667, 0.2083, 0.25, 0.2917, 0.3333, 0.375, 0.4167, 0.4583, 0.5, 0.5417, 0.5833, 0.625, 0.6667, 0.7083, 0.75, 1.25],
            "transform": [
                [0.949976, 0.181751, -0.253991, 0.124994, 0.168848, -0.983015, -0.071908, -0.002831, -0.262747, 0.025427, -0.964529, -1.2e-05, 0.0, 0.0, 0.0, 1.0],
                [0.949976, 0.181751, -0.253991, 0.124994, 0.168848, -0.983015, -0.071908, -0.002831, -0.262747, 0.025427, -0.964529, -1.2e-05, 0.0, 0.0, 0.0, 1.0],
                [0.955078, 0.183191, -0.232953, 0.124994, 0.145241, -0.974526, -0.170892, -0.002831, -0.258325, 0.129383, -0.957355, -1.2e-05, 0.0, 0.0, 0.0, 1.0],
                [0.969309, 0.144653, -0.198784, 0.124994, 0.076323, -0.945682, -0.316004, -0.002831, -0.233698, 0.291136, -0.927699, -1.2e-05, 0.0, 0.0, 0.0, 1.0],
                [0.981834, 0.042168, -0.184998, 0.124994, -0.026741, -0.934507, -0.354939, -0.002831, -0.187849, 0.35344, -0.916402, -1.2e-05, 0.0, 0.0, 0.0, 1.0],
                [0.979419, -0.097956, -0.176475, 0.124994, -0.146277, -0.946933, -0.286217, -0.002831, -0.139073, 0.306142, -0.941772, -1.2e-05, 0.0, 0.0, 0.0, 1.0],
                [0.96275, -0.230299, -0.141684, 0.124994, -0.249305, -0.958913, -0.135396, -0.002831, -0.104681, 0.165677, -0.980609, -1.2e-05, 0.0, 0.0, 0.0, 1.0],
                [0.952763, -0.296716, -0.064821, 0.124994, -0.29389, -0.954547, 0.049678, -0.002831, -0.076614, -0.028279, -0.996659, -1.2e-05, 0.0, 0.0, 0.0, 1.0],
                [0.95927, -0.278614, 0.046644, 0.124994, -0.281702, -0.931151, 0.231519, -0.002831, -0.021071, -0.235227, -0.971711, -1.2e-05, 0.0, 0.0, 0.0, 1.0],
                [0.957649, -0.222393, 0.182891, 0.124994, -0.280261, -0.865615, 0.414926, -0.002831, 0.066037, -0.448609, -0.891285, -1.2e-05, 0.0, 0.0, 0.0, 1.0],
                [0.944876, -0.119483, 0.30485, 0.124994, -0.290986, -0.733285, 0.614507, -0.002831, 0.150119, -0.669339, -0.727632, -1.2e-05, 0.0, 0.0, 0.0, 1.0],
                [0.939587, 0.019149, 0.341774, 0.124994, -0.27346, -0.558569, 0.783083, -0.002831, 0.205901, -0.829235, -0.519589, -1.2e-05, 0.0, 0.0, 0.0, 1.0],
                [0.948377, 0.115386, 0.29541, 0.124994, -0.222346, -0.422298, 0.878764, -0.002831, 0.226149, -0.899082, -0.374843, -1.2e-05, 0.0, 0.0, 0.0, 1.0],
                [0.955805, 0.14186, 0.257513, 0.124994, -0.187638, -0.379959, 0.905772, -0.002831, 0.226338, -0.914059, -0.33655, -1.2e-05, 0.0, 0.0, 0.0, 1.0],
                [0.958962, 0.150575, 0.240248, 0.124994, -0.166857, -0.385366, 0.907552, -0.002831, 0.229239, -0.910394, -0.344428, -1.2e-05, 0.0, 0.0, 0.0, 1.0],
                [0.963306, 0.164847, 0.211816, 0.124994, -0.132485, -0.394293, 0.909385, -0.002831, 0.233427, -0.904077, -0.357986, -1.2e-05, 0.0, 0.0, 0.0, 1.0],
                [0.968255, 0.189157, 0.163405, 0.124994, -0.073328, -0.41, 0.909133, -0.002831, 0.238965, -0.892254, -0.383115, -1.2e-05, 0.0, 0.0, 0.0, 1.0],
                [0.96984, 0.20607, 0.130176, 0.124994, -0.032097, -0.42144, 0.906288, -0.002831, 0.241621, -0.883131, -0.402116, -1.2e-05, 0.0, 0.0, 0.0, 1.0]
            ]
        },
        {
            "name": "Leg_R",
            "time": [0.0, 0.125, 0.1667, 0.2083, 0.25, 0.2917, 0.3333, 0.375, 0.4167, 0.4583, 0.5, 0.5417, 0.5833, 0.625, 0.6667, 0.7083, 0.75, 1.25],
            "transform": [
                [1.0, 0.000103, 1.8e-05, -0.0, -6.5e-05, 0.47086, 0.882207, 0.37472, 8.2e-05, -0.882208, 0.470861, -0.0, 0.0, 0.0, 0.0, 1.0],
                [1.0, 0.000103, 1.8e-05, -0.0, -6.5e-05, 0.47086, 0.882207, 0.37472, 8.2e-05, -0.882208, 0.470861, -0.0, 0.0, 0.0, 0.0, 1.0],
                [1.0, 9.4e-05, 7e-06, 0.0, -5.9e-05, 0.563441, 0.826156, 0.37472, 7.3e-05, -0.826156, 0.563442, 0.0, 0.0, 0.0, 0.0, 1.0],
                [1.0, 5.8e-05, -5e-06, -0.0, -3.7e-05, 0.700328, 0.713821, 0.37472, 4.5e-05, -0.713821, 0.700328, 0.0, 0.0, 0.0, 0.0, 1.0],
                [1.0, 2e-06, -0.0, 0.0, -1e-06, 0.73628, 0.676677, 0.37472, 1e-06, -0.676677, 0.736281, 0.0, 0.0, 0.0, 0.0, 1.0],
                [1.0, -6.4e-05, 6e-06, -0.0, 3.9e-05, 0.681167, 0.732128, 0.37472, -5.1e-05, -0.732127, 0.681168, 0.0, 0.0, 0.0, 0.0, 1.0],
                [1.0, -0.000119, -2e-06, 0.0, 6.8e-05, 0.558767, 0.829324, 0.37472, -9.8e-05, -0.829325, 0.558768, 0.0, 0.0, 0.0, 0.0, 1.0],
                [1.0, -0.000136, -2.4e-05, 0.0, 7.7e-05, 0.400584, 0.916259, 0.37472, -0.000115, -0.91626, 0.400586, -0.0, 0.0, 0.0, 0.0, 1.0],
                [1.0, -0.000117, -4.6e-05, -0.0, 6.9e-05, 0.209109, 0.977891, 0.37472, -0.000105, -0.977893, 0.209111, 0.0, 0.0, 0.0, 0.0, 1.0],
                [1.0, -0.000104, -6.8e-05, -0.0, 6.8e-05, -0.000269, 0.999999, 0.37472, -0.000104, -1.000001, -0.000267, 0.0, 0.0, 0.0, 0.0, 1.0],
                [1.0, -9.5e-05, -9e-05, -0.0, 7e-05, -0.193381, 0.981123, 0.37472, -0.000111, -0.981125, -0.193379, -0.0, 0.0, 0.0, 0.0, 1.0],
                [1.0, -8e-05, -9.3e-05, 0.0, 6.3e-05, -0.319244, 0.947673, 0.37472, -0.000106, -0.947673, -0.319244, -0.0, 0.0, 0.0, 0.0, 1.0],
                [1.0, -6e-05, -7.5e-05, 0.0, 4.8e-05, -0.357391, 0.933955, 0.37472, -8.2e-05, -0.933955, -0.357393, 0.0, 0.0, 0.0, 0.0, 1.0],
                [1.0, -4.7e-05, -6e-05, 0.0, 3.9e-05, -0.354704, 0.93498, 0.37472, -6.5e-05, -0.934978, -0.354705, -0.0, 0.0, 0.0, 0.0, 1.0],
                [1.0, -4e-05, -5.1e-05, -0.0, 3.3e-05, -0.361726, 0.932285, 0.37472, -5.5e-05, -0.932284, -0.361727, -0.0, 0.0, 0.0, 0.0, 1.0],
                [1.0, -2.8e-05, -3.6e-05, -0.0, 2.3e-05, -0.371561, 0.928409, 0.37472, -3.9e-05, -0.928408, -0.371562, 0.0, 0.0, 0.0, 0.0, 1.0],
                [1.0, -7e-06, -1e-05, 0.0, 6e-06, -0.383892, 0.923379, 0.37472, -1.1e-05, -0.923377, -0.383893, 0.0, 0.0, 0.0, 0.0, 1.0],
                [1.0, 7e-06, 8e-06, -0.0, -5e-06, -0.389399, 0.92107, 0.37472, 9e-06, -0.921068, -0.3894, 0.0, 0.0, 0.0, 0.0, 1.0]
            ]
        },
        {
            "name": "Knee_R",
            "time": [0.0, 0.125, 0.375, 0.5833, 0.6667, 0.75, 1.25],
            "transform": [
                [1.0, -0.0, -0.0, 0.0, -0.0, 0.42204, -0.906577, 0.37472, 0.0, 0.906577, 0.42204, 0.0, 0.0, 0.0, 0.0, 1.0],
                [1.0, -0.0, -0.0, 0.0, -0.0, 0.42204, -0.906577, 0.37472, 0.0, 0.906577, 0.42204, 0.0, 0.0, 0.0, 0.0, 1.0],
                [1.0, -1e-06, 0.0, -0.0, 0.0, 0.691045, -0.722812, 0.37472, 0.0, 0.722812, 0.691045, -0.0, 0.0, 0.0, 0.0, 1.0],
                [1.0, -0.0, 0.0, 0.0, 0.0, 0.849364, -0.527807, 0.37472, -0.0, 0.527807, 0.849364, 0.0, 0.0, 0.0, 0.0, 1.0],
                [1.0, -0.0, 0.0, -0.0, 0.0, 0.723658, -0.690159, 0.37472, -0.0, 0.690159, 0.723657, 0.0, 0.0, 0.0, 0.0, 1.0],
                [1.0, -0.0, 0.0, 0.0, 0.0, 0.814148, -0.580657, 0.37472, -0.0, 0.580657, 0.814148, -0.0, 0.0, 0.0, 0.0, 1.0],
                [1.0, 0.0, -0.0, -0.0, -0.0, 1e-06, -1.0, 0.37472, -0.0, 1.0, 1e-06, 0.0, 0.0, 0.0, 0.0, 1.0]
            ]
        },
        {
            "name": "Thigh_L",
            "time": [0.0, 0.125, 0.1667, 0.2083, 0.25, 0.2917, 0.3333, 0.375, 0.4167, 0.4583, 0.5, 0.5417, 0.5833, 0.625, 0.6667, 0.7083, 0.75, 1.25],
            "transform": [
                [0.960256, -0.266205, -0.083927, -0.125006, -0.1971, -0.859606, 0.47141, -0.002831, -0.197635, -0.436131, -0.877912, -1.2e-05, 0.0, 0.0, 0.0, 1.0],
                [0.960256, -0.266205, -0.083927, -0.125006, -0.1971, -0.859606, 0.47141, -0.002831, -0.197635, -0.436131, -0.877912, -1.2e-05, 0.0, 0.0, 0.0, 1.0],
                [0.959171, -0.266088, -0.095852, -0.125006, -0.201362, -0.880471, 0.429213, -0.002831, -0.198603, -0.392386, -0.898103, -1.2e-05, 0.0, 0.0, 0.0, 1.0],
                [0.953973, -0.276566, -0.115963, -0.125006, -0.227839, -0.919824, 0.319391, -0.002831, -0.194998, -0.278268, -0.940501, -1.2e-05, 0.0, 0.0, 0.0, 1.0],
                [0.939453, -0.317916, -0.127891, -0.125006, -0.294948, -0.940177, 0.170506, -0.002831, -0.174447, -0.12246, -0.977022, -1.2e-05, 0.0, 0.0, 0.0, 1.0],
                [0.906271, -0.400492, -0.135205, -0.125006, -0.401715, -0.91556, 0.019315, -0.002831, -0.131523, 0.036812, -0.990629, -1.2e-05, 0.0, 0.0, 0.0, 1.0],
                [0.847416, -0.508699, -0.152027, -0.125006, -0.524938, -0.845664, -0.096388, -0.002831, -0.07953, 0.161487, -0.983665, -1.2e-05, 0.0, 0.0, 0.0, 1.0],
                [0.772867, -0.605792, -0.188927, -0.125006, -0.633058, -0.756586, -0.163752, -0.002831, -0.043738, 0.246162, -0.968241, -1.2e-05, 0.0, 0.0, 0.0, 1.0],
                [0.695821, -0.679304, -0.233195, -0.125006, -0.717034, -0.675645, -0.171361, -0.002831, -0.04115, 0.286447, -0.957212, -1.2e-05, 0.0, 0.0, 0.0, 1.0],
                [0.635173, -0.76581, -0.100453, -0.125006, -0.768059, -0.639984, 0.022441, -0.002831, -0.081473, 0.062901, -0.994689, -1.2e-05, 0.0, 0.0, 0.0, 1.0],
                [0.622661, -0.771831, 0.128726, -0.125006, -0.768498, -0.572224, 0.286304, -0.002831, -0.147316, -0.277195, -0.949453, -1.2e-05, 0.0, 0.0, 0.0, 1.0],
                [0.662721, -0.716112, 0.219054, -0.125006, -0.720026, -0.528934, 0.449211, -0.002831, -0.205819, -0.455425, -0.866156, -1.2e-05, 0.0, 0.0, 0.0, 1.0],
                [0.72494, -0.651092, 0.224815, -0.125006, -0.648251, -0.534549, 0.542243, -0.002831, -0.232874, -0.538829, -0.809588, -1.2e-05, 0.0, 0.0, 0.0, 1.0],
                [0.772452, -0.585265, 0.246542, -0.125006, -0.589274, -0.515783, 0.621871, -0.002831, -0.236796, -0.625645, -0.7433, -1.2e-05, 0.0, 0.0, 0.0, 1.0],
                [0.804023, -0.540152, 0.24856, -0.125006, -0.546835, -0.507577, 0.665834, -0.002831, -0.233487, -0.671267, -0.70348, -1.2e-05, 0.0, 0.0, 0.0, 1.0],
                [0.823266, -0.514351, 0.240157, -0.125006, -0.519897, -0.513352, 0.68277, -0.002831, -0.227898, -0.686958, -0.690037, -1.2e-05, 0.0, 0.0, 0.0, 1.0],
                [0.839617, -0.494366, 0.225045, -0.125006, -0.496318, -0.529898, 0.687659, -0.002831, -0.220703, -0.689064, -0.690276, -1.2e-05, 0.0, 0.0, 0.0, 1.0],
                [0.849544, -0.482001, 0.214357, -0.125006, -0.481277, -0.541835, 0.689047, -0.002831, -0.215975, -0.688541, -0.692291, -1.2e-05, 0.0, 0.0, 0.0, 1.0]
            ]
        },
        {
            "name": "Leg_L",
            "time": [0.0, 0.125, 0.1667, 0.2083, 0.25, 0.2917, 0.3333, 0.375, 0.4167, 0.4583, 0.5, 0.5417, 0.5833, 0.625, 0.6667, 0.7083, 0.75, 1.25],
            "transform": [
                [1.0, 3e-05, 5.7e-05, -0.0, -5.9e-05, 0.06085, 0.998148, 0.37472, 2.7e-05, -0.998147, 0.06085, 0.0, 0.0, 0.0, 0.0, 1.0],
                [1.0, 3e-05, 5.7e-05, -0.0, -5.9e-05, 0.06085, 0.998148, 0.37472, 2.7e-05, -0.998147, 0.06085, 0.0, 0.0, 0.0, 0.0, 1.0],
                [1.0, 3.1e-05, 5.4e-05, -0.0, -5.7e-05, 0.084354, 0.996437, 0.37472, 2.6e-05, -0.996435, 0.084353, -0.0, 0.0, 0.0, 0.0, 1.0],
                [1.0, 2.7e-05, 4e-05, 0.0, -4.4e-05, 0.160217, 0.987082, 0.37472, 2.1e-05, -0.987081, 0.160218, -0.0, 0.0, 0.0, 0.0, 1.0],
                [1.0, 8e-06, 9e-06, -0.0, -1.1e-05, 0.297201, 0.954814, 0.37472, 5e-06, -0.954815, 0.297203, 0.0, 0.0, 0.0, 0.0, 1.0],
                [1.0, -4.2e-05, -2.8e-05, 0.0, 4.4e-05, 0.491511, 0.870871, 0.37472, -2.3e-05, -0.870872, 0.491513, 0.0, 0.0, 0.0, 0.0, 1.0],
                [1.0, -0.000118, -3.9e-05, -0.0, 0.000111, 0.714422, 0.699714, 0.37472, -5.5e-05, -0.699715, 0.714424, -0.0, 0.0, 0.0, 0.0, 1.0],
                [1.0, -0.000193, 1e-06, -0.0, 0.000176, 0.914628, 0.404296, 0.37472, -7.9e-05, -0.404296, 0.914628, -0.0, 0.0, 0.0, 0.0, 1.0],
                [1.0, -0.000191, 9.2e-05, -0.0, 0.00019, 0.999986, 0.005211, 0.37472, -9.3e-05, -0.005209, 0.999986, 0.0, 0.0, 0.0, 0.0, 1.0],
                [1.0, -0.000265, 9.5e-05, -0.0, 0.000263, 0.999744, 0.022628, 0.37472, -0.000101, -0.022626, 0.999744, 0.0, 0.0, 0.0, 0.0, 1.0],
                [1.0, -0.000284, 3e-05, 0.0, 0.00027, 0.973957, 0.226732, 0.37472, -9.3e-05, -0.226732, 0.973957, 0.0, 0.0, 0.0, 0.0, 1.0],
                [1.0, -0.000253, 3.6e-05, -0.0, 0.000244, 0.987312, 0.158792, 0.37472, -7.6e-05, -0.158792, 0.987312, 0.0, 0.0, 0.0, 0.0, 1.0],
                [1.0, -0.000143, 5.5e-05, -0.0, 0.000143, 0.999989, 0.004569, 0.37472, -5.5e-05, -0.004569, 0.999989, -0.0, 0.0, 0.0, 0.0, 1.0],
                [1.0, -0.000122, 4.1e-05, -0.0, 0.000122, 0.999988, 0.004875, 0.37472, -4.1e-05, -0.004874, 0.999988, 0.0, 0.0, 0.0, 0.0, 1.0],
                [1.0, -0.000107, 3.3e-05, -0.0, 0.000107, 0.999989, 0.004598, 0.37472, -3.3e-05, -0.004598, 0.999989, 0.0, 0.0, 0.0, 0.0, 1.0],
                [0.999999, -9.1e-05, 2.9e-05, -0.0, 9.1e-05, 0.999987, 0.005022, 0.37472, -3e-05, -0.005022, 0.999987, 0.0, 0.0, 0.0, 0.0, 1.0],
                [1.0, -7.9e-05, 2.7e-05, 0.0, 7.8e-05, 0.999986, 0.005276, 0.37472, -2.7e-05, -0.005276, 0.999986, -0.0, 0.0, 0.0, 0.0, 1.0],
                [1.0, -7.7e-05, 2.5e-05, 0.0, 7.6e-05, 0.999987, 0.005085, 0.37472, -2.6e-05, -0.005085, 0.999987, 0.0, 0.0, 0.0, 0.0, 1.0]
            ]
        },
        {
            "name": "Knee_L",
            "time": [0.0, 0.125, 0.375, 0.5833, 0.6667, 0.75, 1.25],
            "transform": [
                [1.0, -0.0, 0.0, 0.0, 0.0, 0.692339, -0.721572, 0.37472, 0.0, 0.721572, 0.692339, -0.0, 0.0, 0.0, 0.0, 1.0],
                [1.0, -0.0, 0.0, 0.0, 0.0, 0.692339, -0.721572, 0.37472, 0.0, 0.721572, 0.692339, -0.0, 0.0, 0.0, 0.0, 1.0],
                [1.0, 0.0, -0.0, -0.0, -0.0, 0.177339, -0.98415, 0.37472, 0.0, 0.98415, 0.177339, -0.0, 0.0, 0.0, 0.0, 1.0],
                [1.0, -0.0, -0.0, -0.0, -0.0, 1e-06, -1.0, 0.37472, -0.0, 1.0, 1e-06, -0.0, 0.0, 0.0, 0.0, 1.0],
                [1.0, 0.0, -0.0, 0.0, -0.0, 1e-06, -1.0, 0.37472, -0.0, 1.0, 1e-06, -0.0, 0.0, 0.0, 0.0, 1.0],
                [1.0, 0.0, -0.0, 0.0, -0.0, 1e-06, -1.0, 0.37472, -0.0, 1.0, 1e-06, -0.0, 0.0, 0.0, 0.0, 1.0],
                [1.0, 0.0, -0.0, 0.0, -0.0, 1e-06, -1.0, 0.37472, -0.0, 1.0, 1e-06, 0.0, 0.0, 0.0, 0.0, 1.0]
            ]
        },
        {
            "name": "Torso",
            "time": [0.0, 0.125, 0.375, 0.5833, 0.6667, 0.75, 1.25],
            "transform": [
                [0.973822, -0.207141, 0.093616, -0.0, 0.064807, 0.647744, 0.759097, 0.05, -0.217879, -0.733158, 0.644211, 0.0, 0.0, 0.0, 0.0, 1.0],
                [0.973822, -0.207141, 0.093616, -0.0, 0.064807, 0.647744, 0.759097, 0.05, -0.217879, -0.733158, 0.644211, 0.0, 0.0, 0.0, 0.0, 1.0],
                [0.946919, 0.223806, -0.230771, 0.0, -0.013048, 0.744021, 0.668029, 0.05, 0.321208, -0.629558, 0.707448, 0.0, 0.0, 0.0, 0.0, 1.0],
                [0.988728, 0.148597, 0.01831, -0.0, -0.147903, 0.988391, -0.034757, 0.05, -0.023262, 0.031657, 0.999228, 0.0, 0.0, 0.0, 0.0, 1.0],
                [0.988728, 0.148597, 0.01831, -0.0, -0.147903, 0.988391, -0.034757, 0.05, -0.023262, 0.031657, 0.999228, -0.0, 0.0, 0.0, 0.0, 1.0],
                [0.988728, 0.148597, 0.01831, -0.0, -0.147903, 0.988391, -0.034757, 0.05, -0.023262, 0.031657, 0.999228, -0.0, 0.0, 0.0, 0.0, 1.0],
                [0.988728, 0.148597, 0.01831, -0.0, -0.147903, 0.988391, -0.034757, 0.05, -0.023262, 0.031657, 0.999228, -0.0, 0.0, 0.0, 0.0, 1.0]
            ]
        },
        {
            "name": "Chest",
            "time": [0.0, 0.125, 0.375, 0.5833, 0.6667, 0.75, 1.25],
            "transform": [
                [0.841508, -0.0, -0.540244, 0.0, 0.0, 1.0, -0.0, 0.3, 0.540244, 0.0, 0.841508, 0.0, 0.0, 0.0, 0.0, 1.0],
                [0.841508, -0.0, -0.540244, 0.0, 0.0, 1.0, -0.0, 0.3, 0.540244, 0.0, 0.841508, 0.0, 0.0, 0.0, 0.0, 1.0],
                [0.680211, 0.1116, 0.724471, 0.0, 0.004144, 0.987741, -0.156046, 0.3, -0.733004, 0.109146, 0.67141, 0.0, 0.0, 0.0, 0.0, 1.0],
                [0.818197, -0.037202, 0.573734, 0.0, -0.161179, 0.943047, 0.291005, 0.3, -0.551883, -0.330573, 0.765602, 0.0, 0.0, 0.0, 0.0, 1.0],
                [0.867018, -0.188052, 0.461429, -0.0, -0.119408, 0.82065, 0.558817, 0.3, -0.483758, -0.539602, 0.689063, -0.0, 0.0, 0.0, 0.0, 1.0],
                [0.870683, -0.299289, 0.390304, -0.0, -0.045735, 0.740847, 0.670115, 0.3, -0.489714, -0.601308, 0.631355, -0.0, 0.0, 0.0, 0.0, 1.0],
                [0.870683, -0.299289, 0.390304, -0.0, -0.045735, 0.740847, 0.670115, 0.3, -0.489714, -0.601308, 0.631355, -0.0, 0.0, 0.0, 0.0, 1.0]
            ]
        },
        {
            "name": "Head",
            "time": [0.0, 0.125, 0.375, 0.5833, 0.6667, 0.75, 1.25],
            "transform": [
                [0.717493, 0.317495, 0.62, -0.0, 0.182271, 0.773494, -0.60703, 0.4, -0.672295, 0.548547, 0.497107, 0.0, 0.0, 0.0, 0.0, 1.0],
                [0.717493, 0.317495, 0.62, -0.0, 0.182271, 0.773494, -0.60703, 0.4, -0.672295, 0.548547, 0.497107, 0.0, 0.0, 0.0, 0.0, 1.0],
                [0.415395, -0.403507, -0.815248, -0.0, -0.036319, 0.888159, -0.4581, 0.4, 0.908916, 0.219901, 0.354282, 0.0, 0.0, 0.0, 0.0, 1.0],
                [0.905902, -0.114494, -0.407716, -0.0, 0.142099, 0.989124, 0.037965, 0.4, 0.398935, -0.092329, 0.912319, -0.0, 0.0, 0.0, 0.0, 1.0],
                [0.975744, -0.113523, -0.187178, 0.0, 0.128695, 0.989142, 0.070963, 0.4, 0.177089, -0.09333, 0.97976, 0.0, 0.0, 0.0, 0.0, 1.0],
                [0.984429, -0.114494, -0.133379, 0.0, 0.125444, 0.989124, 0.076793, 0.4, 0.123136, -0.092329, 0.988085, -0.0, 0.0, 0.0, 0.0, 1.0],
                [0.984429, -0.114494, -0.133379, 0.0, 0.125444, 0.989124, 0.076793, 0.4, 0.123136, -0.092329, 0.988085, -0.0, 0.0, 0.0, 0.0, 1.0]
            ]
        },
        {
            "name": "Shoulder_R",
            "time": [0.0, 0.125, 0.375, 0.5833, 0.6667, 0.75, 1.25],
            "transform": [
                [0.045019, 0.865863, 0.49825, -0.0, -0.127292, -0.489719, 0.862538, 0.4, 0.990843, -0.102254, 0.088171, 0.0, 0.0, 0.0, 0.0, 1.0],
                [0.045019, 0.865863, 0.49825, -0.0, -0.127292, -0.489719, 0.862538, 0.4, 0.990843, -0.102254, 0.088171, 0.0, 0.0, 0.0, 0.0, 1.0],
                [-0.243882, 0.96972, 0.012828, -0.0, 0.066428, 0.003508, 0.997785, 0.4, 0.967527, 0.244194, -0.065272, 0.0, 0.0, 0.0, 0.0, 1.0],
                [-0.298703, 0.945502, 0.129625, -0.0, -0.061324, -0.154561, 0.986078, 0.4, 0.952374, 0.286595, 0.10415, -0.0, 0.0, 0.0, 0.0, 1.0],
                [-0.166295, 0.953647, 0.250806, 0.0, -0.051132, -0.262345, 0.963619, 0.4, 0.984749, 0.147421, 0.092388, 0.0, 0.0, 0.0, 0.0, 1.0],
                [0.042834, 0.98346, 0.175988, 0.0, 0.001395, -0.176209, 0.984352, 0.4, 0.999081, -0.041918, -0.00892, -0.0, 0.0, 0.0, 0.0, 1.0],
                [0.042834, 0.98346, 0.175988, 0.0, 0.001395, -0.176209, 0.984352, 0.4, 0.999081, -0.041918, -0.00892, -0.0, 0.0, 0.0, 0.0, 1.0]
            ]
        },
        {
            "name": "Arm_R",
            "time": [0.0, 0.125, 0.375, 0.5833, 0.6667, 0.75, 1.25],
            "transform": [
                [0.306259, 0.400491, -0.863604, -0.0, 0.411683, 0.762254, 0.499485, 0.39386, 0.858326, -0.508503, 0.068572, -0.0, 0.0, 0.0, 0.0, 1.0],
                [0.306259, 0.400491, -0.863604, -0.0, 0.411683, 0.762254, 0.499485, 0.39386, 0.858326, -0.508503, 0.068572, -0.0, 0.0, 0.0, 0.0, 1.0],
                [0.692802, 0.687569, 0.217427, 0.0, -0.717662, 0.686912, 0.114514, 0.393861, -0.070617, -0.235375, 0.969336, -0.0, 0.0, 0.0, 0.0, 1.0],
                [0.812054, -0.354798, -0.463343, 0.0, 0.181353, 0.908075, -0.377506, 0.39386, 0.554688, 0.222527, 0.80175, 0.0, 0.0, 0.0, 0.0, 1.0],
                [0.351871, -0.81784, -0.455329, 0.0, 0.009011, 0.489374, -0.872027, 0.39386, 0.936005, 0.302738, 0.179566, 0.0, 0.0, 0.0, 0.0, 1.0],
                [0.122077, -0.977028, -0.174683, -0.0, -0.327801, 0.126434, -0.936249, 0.393861, 0.936826, 0.171556, -0.304836, 0.0, 0.0, 0.0, 0.0, 1.0],
                [0.122077, -0.977028, -0.174683, -0.0, -0.327801, 0.126434, -0.936249, 0.393861, 0.936826, 0.171556, -0.304836, 0.0, 0.0, 0.0, 0.0, 1.0]
            ]
        },
        {
            "name": "Hand_R",
            "time": [0.0, 0.125, 0.375, 0.5833, 0.6667, 0.75, 1.25],
            "transform": [
                [1.0, 0.0, 0.0, -0.0, -0.0, 0.967757, -0.251886, 0.3, -0.0, 0.251886, 0.967757, 0.0, 0.0, 0.0, 0.0, 1.0],
                [1.0, 0.0, 0.0, -0.0, -0.0, 0.967757, -0.251886, 0.3, -0.0, 0.251886, 0.967757, 0.0, 0.0, 0.0, 0.0, 1.0],
                [1.0, 0.0, 0.0, 0.0, -0.0, 0.967757, -0.251886, 0.3, -0.0, 0.251886, 0.967757, 0.0, 0.0, 0.0, 0.0, 1.0],
                [1.0, 0.0, 0.0, -0.0, -0.0, 0.997642, -0.068635, 0.3, -0.0, 0.068635, 0.997642, 0.0, 0.0, 0.0, 0.0, 1.0],
                [1.0, 0.0, 0.0, -0.0, -0.0, 0.997642, -0.068635, 0.3, -0.0, 0.068635, 0.997642, -0.0, 0.0, 0.0, 0.0, 1.0],
                [1.0, 0.0, 0.0, -0.0, -0.0, 0.997642, -0.068635, 0.3, -0.0, 0.068635, 0.997642, 0.0, 0.0, 0.0, 0.0, 1.0],
                [1.0, 0.0, 0.0, -0.0, -0.0, 0.997642, -0.068635, 0.3, -0.0, 0.068635, 0.997642, 0.0, 0.0, 0.0, 0.0, 1.0]
            ]
        },
        {
            "name": "Tool_R",
            "time": [0.0, 0.125, 0.375, 0.5833, 0.6667, 0.75, 1.25],
            "transform": [
                [1.0, -0.0, -1e-06, -0.0, 0.0, 0.999892, 0.014665, 0.272858, 1e-06, -0.014645, 0.999297, 0.0, 0.0, 0.0, 0.0, 1.0],
                [1.0, -0.0, -1e-06, -0.0, 0.0, 0.999892, 0.014665, 0.272858, 1e-06, -0.014645, 0.999297, 0.0, 0.0, 0.0, 0.0, 1.0],
                [0.442518, -0.293668, -0.847312, -0.0, 0.100988, 0.955168, -0.278308, 0.272858, 0.890525, 0.037576, 0.452064, 0.0, 0.0, 0.0, 0.0, 1.0],
                [0.416021, -0.327385, -0.848378, -0.0, 0.034224, 0.937921, -0.345156, 0.272858, 0.90817, 0.114499, 0.401156, -0.0, 0.0, 0.0, 0.0, 1.0],
                [0.935072, -0.268194, -0.231758, 0.0, -0.15845, 0.268605, -0.950129, 0.272858, 0.316879, 0.924613, 0.208535, -0.0, 0.0, 0.0, 0.0, 1.0],
                [0.960259, -0.242695, -0.137846, 0.0, -0.25379, -0.553689, -0.793107, 0.272858, 0.116087, 0.796092, -0.592934, -0.0, 0.0, 0.0, 0.0, 1.0],
                [0.960259, -0.242695, -0.137846, 0.0, -0.25379, -0.553689, -0.793107, 0.272858, 0.116087, 0.796092, -0.592934, -0.0, 0.0, 0.0, 0.0, 1.0]
            ]
        },
        {
            "name": "Elbow_R",
            "time": [0.0, 0.125, 0.375, 0.5833, 0.6667, 0.75, 1.25],
            "transform": [
                [-1.0, 0.0, -0.0, -0.0, 0.0, -0.0, -1.0, 0.3, -0.0, -1.0, -0.0, 0.0, 0.0, 0.0, 0.0, 1.0],
                [-1.0, 0.0, -0.0, -0.0, 0.0, -0.0, -1.0, 0.3, -0.0, -1.0, -0.0, 0.0, 0.0, 0.0, 0.0, 1.0],
                [-1.0, 0.0, -0.0, 0.0, 0.0, 0.0, -1.0, 0.3, -0.0, -1.0, -0.0, 0.0, 0.0, 0.0, 0.0, 1.0],
                [-1.0, 0.0, -0.0, -0.0, 0.0, -0.0, -1.0, 0.3, -0.0, -1.0, -0.0, 0.0, 0.0, 0.0, 0.0, 1.0],
                [-1.0, 0.0, -0.0, -0.0, 0.0, 0.0, -1.0, 0.3, -0.0, -1.0, -0.0, -0.0, 0.0, 0.0, 0.0, 1.0],
                [-1.0, 0.0, -0.0, -0.0, 0.0, 0.0, -1.0, 0.3, -0.0, -1.0, -0.0, 0.0, 0.0, 0.0, 0.0, 1.0],
                [-1.0, 0.0, -0.0, -0.0, 0.0, 0.0, -1.0, 0.3, -0.0, -1.0, -0.0, 0.0, 0.0, 0.0, 0.0, 1.0]
            ]
        },
        {
            "name": "Shoulder_L",
            "time": [0.0, 0.125, 0.375, 0.5833, 0.6667, 0.75, 1.25],
            "transform": [
                [-0.0, -0.952114, -0.305743, -0.0, 0.0, -0.305743, 0.952114, 0.4, -1.0, -0.0, 0.0, 0.0, 0.0, 0.0, 0.0, 1.0],
                [-0.0, -0.952114, -0.305743, -0.0, 0.0, -0.305743, 0.952114, 0.4, -1.0, -0.0, 0.0, 0.0, 0.0, 0.0, 0.0, 1.0],
                [0.485901, -0.859087, -0.160839, -0.0, -0.318239, -0.345292, 0.882892, 0.4, -0.814018, -0.377812, -0.441173, 0.0, 0.0, 0.0, 0.0, 1.0],
                [0.4859, -0.859088, -0.160839, -0.0, -0.318239, -0.345292, 0.882892, 0.4, -0.814018, -0.377812, -0.441173, -0.0, 0.0, 0.0, 0.0, 1.0],
                [0.4859, -0.859087, -0.160839, 0.0, -0.318239, -0.345292, 0.882891, 0.4, -0.814018, -0.377812, -0.441173, 0.0, 0.0, 0.0, 0.0, 1.0],
                [0.4859, -0.859087, -0.160839, 0.0, -0.318239, -0.345292, 0.882892, 0.4, -0.814018, -0.377812, -0.441173, -0.0, 0.0, 0.0, 0.0, 1.0],
                [0.4859, -0.859087, -0.160839, 0.0, -0.318239, -0.345292, 0.882892, 0.4, -0.814018, -0.377812, -0.441173, -0.0, 0.0, 0.0, 0.0, 1.0]
            ]
        },
        {
            "name": "Arm_L",
            "time": [0.0, 0.125, 0.375, 0.75, 1.25],
            "transform": [
                [0.740995, 0.144792, 0.655715, 0.0, -0.523307, 0.736425, 0.428752, 0.39386, -0.420805, -0.660843, 0.621458, 0.0, 0.0, 0.0, 0.0, 1.0],
                [0.740995, 0.144792, 0.655715, 0.0, -0.523307, 0.736425, 0.428752, 0.39386, -0.420805, -0.660843, 0.621458, 0.0, 0.0, 0.0, 0.0, 1.0],
                [0.740995, 0.144792, 0.655715, 0.0, -0.523307, 0.736425, 0.428752, 0.39386, -0.420805, -0.660843, 0.621458, -0.0, 0.0, 0.0, 0.0, 1.0],
                [0.598195, 0.733735, 0.322173, -0.0, -0.502346, 0.656588, -0.56262, 0.39386, -0.624349, 0.174714, 0.761356, 0.0, 0.0, 0.0, 0.0, 1.0],
                [0.598195, 0.733735, 0.322173, -0.0, -0.502346, 0.656588, -0.56262, 0.39386, -0.624349, 0.174714, 0.761356, 0.0, 0.0, 0.0, 0.0, 1.0]
            ]
        },
        {
            "name": "Hand_L",
            "time": [0.0, 0.125, 0.375, 0.75, 1.25],
            "transform": [
                [1.0, 0.0, 0.0, -0.0, 0.0, 0.809783, -0.58673, 0.3, -0.0, 0.58673, 0.809783, 0.0, 0.0, 0.0, 0.0, 1.0],
                [1.0, 0.0, 0.0, -0.0, 0.0, 0.809783, -0.58673, 0.3, -0.0, 0.58673, 0.809783, 0.0, 0.0, 0.0, 0.0, 1.0],
                [1.0, -0.0, 0.0, 0.0, 0.0, 0.293636, -0.955917, 0.3, 0.0, 0.955917, 0.293636, -0.0, 0.0, 0.0, 0.0, 1.0],
                [1.0, -0.0, -0.0, -0.0, -0.0, -0.054832, -0.998496, 0.3, 0.0, 0.998496, -0.054832, 0.0, 0.0, 0.0, 0.0, 1.0],
                [1.0, -0.0, -0.0, -0.0, -0.0, -0.054832, -0.998496, 0.3, 0.0, 0.998496, -0.054832, 0.0, 0.0, 0.0, 0.0, 1.0]
            ]
        },
        {
            "name": "Tool_L",
            "time": [0.0, 0.125, 0.375, 0.5833, 0.6667, 0.75, 1.25],
            "transform": [
                [1.0, -0.0, 0.0, -0.0, -0.0, -0.999836, 0.018122, 0.272858, 0.0, -0.018122, -0.999239, -0.0, 0.0, 0.0, 0.0, 1.0],
                [1.0, -0.0, 0.0, -0.0, -0.0, -0.999836, 0.018122, 0.272858, 0.0, -0.018122, -0.999239, -0.0, 0.0, 0.0, 0.0, 1.0],
                [1.0, -0.0, 0.0, -0.0, -0.0, -0.999836, 0.018122, 0.272858, 0.0, -0.018122, -0.999239, 0.0, 0.0, 0.0, 0.0, 1.0],
                [1.0, 0.0, 0.0, 0.0, -0.0, -0.999836, 0.018122, 0.272858, 0.0, -0.018122, -0.999239, 0.0, 0.0, 0.0, 0.0, 1.0],
                [1.0, 0.0, 0.0, -0.0, 0.0, -0.999836, 0.018122, 0.272858, 0.0, -0.018122, -0.999239, -0.0, 0.0, 0.0, 0.0, 1.0],
                [1.0, 0.0, 0.0, -0.0, -0.0, -0.999836, 0.018122, 0.272858, 0.0, -0.018122, -0.999239, -0.0, 0.0, 0.0, 0.0, 1.0],
                [1.0, 0.0, 0.0, -0.0, -0.0, -0.999836, 0.018122, 0.272858, 0.0, -0.018122, -0.999239, -0.0, 0.0, 0.0, 0.0, 1.0]
            ]
        },
        {
            "name": "Elbow_L",
            "time": [0.0, 0.125, 0.375, 0.5833, 0.6667, 0.75, 1.25],
            "transform": [
                [-1.0, 0.0, -0.0, -0.0, 0.0, -0.0, -1.0, 0.3, -0.0, -1.0, 0.0, 0.0, 0.0, 0.0, 0.0, 1.0],
                [-1.0, 0.0, -0.0, -0.0, 0.0, -0.0, -1.0, 0.3, -0.0, -1.0, 0.0, 0.0, 0.0, 0.0, 0.0, 1.0],
                [-1.0, 0.0, -0.0, 0.0, 0.0, -0.0, -1.0, 0.3, -0.0, -1.0, 0.0, -0.0, 0.0, 0.0, 0.0, 1.0],
                [-1.0, 0.0, 0.0, -0.0, 0.0, -0.0, -1.0, 0.3, -0.0, -1.0, 0.0, -0.0, 0.0, 0.0, 0.0, 1.0],
                [-1.0, 0.0, 0.0, 0.0, 0.0, -0.0, -1.0, 0.3, -0.0, -1.0, 0.0, -0.0, 0.0, 0.0, 0.0, 1.0],
                [-1.0, 0.0, -0.0, -0.0, 0.0, -0.0, -1.0, 0.3, -0.0, -1.0, 0.0, 0.0, 0.0, 0.0, 0.0, 1.0],
                [-1.0, 0.0, -0.0, -0.0, 0.0, -0.0, -1.0, 0.3, -0.0, -1.0, 0.0, 0.0, 0.0, 0.0, 0.0, 1.0]
            ]
        }
    ]
}