{
    "animation": [
        {
            "name": "Root",
            "time": [0.0, 0.0667, 0.1, 0.1333, 0.3, 0.5, 0.6, 0.7, 1.0, 1.2],
            "transform": [
                [0.420467, 0.100766, -0.901695, -5e-06, -0.906571, 0.086712, -0.413051, 0.000946, 0.036566, 0.991124, 0.127811, 0.419945, 0.0, 0.0, 0.0, 1.0],
                [-0.257502, 0.100766, -0.961009, -5e-06, -0.959977, 0.086712, 0.266317, 0.000946, 0.110167, 0.991124, 0.074405, 0.419945, 0.0, 0.0, 0.0, 1.0],
                [0.760215, -0.040126, -0.648431, -5e-06, -0.59993, 0.339661, -0.724372, 1.588446, 0.249313, 0.939692, 0.234143, 0.534945, 0.0, 0.0, 0.0, 1.0],
                [0.939693, 0.0, 0.34202, -5e-06, 0.262003, 0.642788, -0.719846, 3.150947, -0.219846, 0.766044, 0.604023, 0.649945, 0.0, 0.0, 0.0, 1.0],
                [0.366568, -0.017251, 0.930232, -5e-06, 0.917262, 0.174078, -0.358229, 4.150949, -0.155753, 0.984581, 0.079635, 0.549945, 0.0, 0.0, 0.0, 1.0],
                [0.904365, 0.040264, 0.424856, -5e-06, 0.425378, -0.005006, -0.905002, 4.601747, -0.034312, 0.999177, -0.021654, 0.590479, 0.0, 0.0, 0.0, 1.0],
                [0.869042, 0.020021, 0.494333, -5e-06, 0.494385, 0.002606, -0.869239, 4.601745, -0.018691, 0.999796, -0.007634, 0.664791, 0.0, 0.0, 0.0, 1.0],
                [0.949524, 0.015225, 0.313325, -5e-06, 0.313355, 0.000416, -0.949636, 4.601744, -0.014588, 0.999884, -0.004376, 0.683369, 0.0, 0.0, 0.0, 1.0],
                [0.965926, -0.0, -0.258819, -5e-06, -0.258819, -0.000175, -0.965926, 4.601743, -4.5e-05, 1.0, -0.000169, 0.739103, 0.0, 0.0, 0.0, 1.0],
                [0.965926, -0.0, -0.258819, -5e-06, -0.258819, -0.000175, -0.965926, 4.601743, -4.5e-05, 1.0, -0.000169, 0.739103, 0.0, 0.0, 0.0, 1.0]
            ]
        },
        {
            "name": "Thigh_R",
            "time": [0.0, 0.0667, 0.1, 0.1333, 0.5, 0.7, 1.0, 1.2],
            "transform": [
                [0.808655, 0.35771, -0.467033, 0.124994, 0.576332, -0.32251, 0.750885, -0.00283, 0.117977, -0.876374, -0.466959, -1.2e-05, 0.0, 0.0, 0.0, 1.0],
                [0.976399, 0.043235, -0.211604, 0.124994, 0.215617, -0.138626, 0.966588, -0.002831, 0.012457, -0.9894, -0.144677, -1.2e-05, 0.0, 0.0, 0.0, 1.0],
                [0.861448, 0.482404, 0.15873, 0.124994, 0.506271, -0.840351, -0.193651, -0.002831, 0.039971, 0.24718, -0.968145, -1.2e-05, 0.0, 0.0, 0.0, 1.0],
                [0.979786, 0.129454, 0.152517, 0.124994, 0.176162, -0.919602, -0.351141, -0.002831, 0.094798, 0.370911, -0.923818, -1.2e-05, 0.0, 0.0, 0.0, 1.0],
                [0.945612, 0.287326, -0.152515, 0.124994, 0.308261, -0.641765, 0.702221, -0.002831, 0.103887, -0.711043, -0.695432, -1.2e-05, 0.0, 0.0, 0.0, 1.0],
                [0.971695, 0.236165, 0.005956, 0.124994, 0.199402, -0.833434, 0.515391, -0.002831, 0.126681, -0.499615, -0.856934, -1.2e-05, 0.0, 0.0, 0.0, 1.0],
                [0.972242, 0.16434, 0.166546, 0.124994, 0.169429, -0.9854, -0.016727, -0.00283, 0.161365, 0.04448, -0.985892, -1.1e-05, 0.0, 0.0, 0.0, 1.0],
                [0.972242, 0.16434, 0.166546, 0.124994, 0.169429, -0.9854, -0.016727, -0.00283, 0.161365, 0.04448, -0.985892, -1.1e-05, 0.0, 0.0, 0.0, 1.0]
            ]
        },
        {
            "name": "Leg_R",
            "time": [0.0, 0.0667, 0.1, 0.1333, 0.5, 0.7, 1.0, 1.2],
            "transform": [
                [1.0, -2e-06, 4e-06, -0.0, -4e-06, 0.101208, 0.994866, 0.37472, -2e-06, -0.994865, 0.101207, 0.0, 0.0, 0.0, 0.0, 1.0],
                [1.0, -1e-06, 5e-06, -0.0, -4e-06, 0.30137, 0.953508, 0.37472, -2e-06, -0.953508, 0.30137, 0.0, 0.0, 0.0, 0.0, 1.0],
                [1.0, 4e-06, 3e-06, -0.0, -4e-06, 0.999989, 0.00465, 0.37472, -3e-06, -0.004649, 0.999989, 0.0, 0.0, 0.0, 0.0, 1.0],
                [1.0, 4e-06, 2e-06, 0.0, -4e-06, 0.999985, 0.005519, 0.37472, -2e-06, -0.005519, 0.999985, 0.0, 0.0, 0.0, 0.0, 1.0],
                [1.0, -1e-06, 5e-06, 0.0, -4e-06, 0.414377, 0.910105, 0.374721, -3e-06, -0.910105, 0.414377, -1e-06, 0.0, 0.0, 0.0, 1.0],
                [1.0, 2e-06, 4e-06, 0.0, -4e-06, 0.78106, 0.624456, 0.37472, -2e-06, -0.624456, 0.78106, 0.0, 0.0, 0.0, 0.0, 1.0],
                [1.0, 4e-06, 3e-06, -0.0, -4e-06, 0.994882, 0.101045, 0.37472, -3e-06, -0.101045, 0.994882, 0.0, 0.0, 0.0, 0.0, 1.0],
                [1.0, 4e-06, 3e-06, -0.0, -4e-06, 0.994882, 0.101045, 0.37472, -3e-06, -0.101045, 0.994882, 0.0, 0.0, 0.0, 0.0, 1.0]
            ]
        },
        {
            "name": "Knee_R",
            "time": [0.0, 0.0667, 0.1, 0.1333, 0.5, 0.7, 1.0, 1.2],
            "transform": [
                [1.0, 4e-06, -1e-06, -0.0, -4e-06, 0.780398, -0.625283, 0.37472, -2e-06, 0.625283, 0.780398, -0.0, 0.0, 0.0, 0.0, 1.0],
                [1.0, 4e-06, -2e-06, -0.0, -4e-06, 0.712411, -0.701762, 0.37472, -2e-06, 0.701762, 0.712412, -0.0, 0.0, 0.0, 0.0, 1.0],
                [1.0, 2e-06, -4e-06, -0.0, -4e-06, 0.162199, -0.986758, 0.37472, -2e-06, 0.986758, 0.1622, -0.0, 0.0, 0.0, 0.0, 1.0],
                [1.0, 2e-06, -4e-06, 0.0, -4e-06, 0.162629, -0.986687, 0.37472, -2e-06, 0.986687, 0.162629, 0.0, 0.0, 0.0, 0.0, 1.0],
                [1.0, 4e-06, -2e-06, 0.0, -4e-06, 0.625467, -0.78025, 0.374721, -2e-06, 0.78025, 0.625467, -0.0, 0.0, 0.0, 0.0, 1.0],
                [1.0, 3e-06, -3e-06, 0.0, -4e-06, 0.388985, -0.921244, 0.37472, -2e-06, 0.921244, 0.388985, 0.0, 0.0, 0.0, 0.0, 1.0],
                [1.0, 2e-06, -4e-06, -0.0, -4e-06, 0.050589, -0.99872, 0.37472, -2e-06, 0.99872, 0.050589, -0.0, 0.0, 0.0, 0.0, 1.0],
                [1.0, 2e-06, -4e-06, -0.0, -4e-06, 0.050589, -0.99872, 0.37472, -2e-06, 0.99872, 0.050589, -0.0, 0.0, 0.0, 0.0, 1.0]
            ]
        },
        {
            "name": "Thigh_L",
            "time": [0.0, 0.0667, 0.1, 0.1333, 0.5, 0.7, 1.0, 1.2],
            "transform": [
                [0.888893, -0.380923, 0.254491, -0.125006, -0.453391, -0.651938, 0.607794, -0.002831, -0.06561, -0.655648, -0.752211, -1.2e-05, 0.0, 0.0, 0.0, 1.0],
                [0.968909, -0.246887, -0.016146, -0.125006, -0.234236, -0.936359, 0.261467, -0.002831, -0.079671, -0.249556, -0.965077, -1.2e-05, 0.0, 0.0, 0.0, 1.0],
                [0.989021, -0.122974, -0.081945, -0.125006, -0.093156, -0.949296, 0.300267, -0.002831, -0.114715, -0.289337, -0.950329, -1.2e-05, 0.0, 0.0, 0.0, 1.0],
                [0.997619, 0.016854, 0.066871, -0.125006, -0.066183, -0.038559, 0.997062, -0.002831, 0.019383, -0.999114, -0.037352, -1.1e-05, 0.0, 0.0, 0.0, 1.0],
                [0.886492, -0.414118, -0.206492, -0.125006, -0.459418, -0.734221, -0.499855, -0.002831, 0.055388, 0.537983, -0.841134, -1.1e-05, 0.0, 0.0, 0.0, 1.0],
                [0.997509, -0.063748, 0.030218, -0.125006, -0.069932, -0.837059, 0.542625, -0.00283, -0.009297, -0.543386, -0.839431, -1.2e-05, 0.0, 0.0, 0.0, 1.0],
                [0.988481, -0.149045, 0.026275, -0.125006, -0.151269, -0.978412, 0.140811, -0.00283, 0.00472, -0.143164, -0.989688, -1.1e-05, 0.0, 0.0, 0.0, 1.0],
                [0.988481, -0.149045, 0.026275, -0.125006, -0.151269, -0.978412, 0.140811, -0.00283, 0.00472, -0.143164, -0.989688, -1.1e-05, 0.0, 0.0, 0.0, 1.0]
            ]
        },
        {
            "name": "Leg_L",
            "time": [0.0, 0.0667, 0.1, 0.1333, 0.5, 0.7, 1.0, 1.2],
            "transform": [
                [1.0, -1e-06, 1e-06, 0.0, -1e-06, -0.199431, 0.979912, 0.37472, -1e-06, -0.979912, -0.199431, -0.0, 0.0, 0.0, 0.0, 1.0],
                [1.0, -1e-06, 1e-06, -0.0, -1e-06, -0.084554, 0.996419, 0.37472, -1e-06, -0.996419, -0.084553, 0.0, 0.0, 0.0, 0.0, 1.0],
                [1.0, -1e-06, 1e-06, -0.0, -1e-06, -0.193706, 0.981059, 0.37472, -1e-06, -0.98106, -0.193706, 0.0, 0.0, 0.0, 0.0, 1.0],
                [1.0, -1e-06, 1e-06, 0.0, -1e-06, -0.03294, 0.999457, 0.37472, -1e-06, -0.999457, -0.03294, 0.0, 0.0, 0.0, 0.0, 1.0],
                [1.0, 1e-06, 1e-06, 0.0, -1e-06, 0.999985, 0.005485, 0.37472, -1e-06, -0.005484, 0.999985, 1e-06, 0.0, 0.0, 0.0, 1.0],
                [1.0, 0.0, 2e-06, -0.0, -1e-06, 0.751645, 0.659568, 0.37472, -1e-06, -0.659568, 0.751645, -0.0, 0.0, 0.0, 0.0, 1.0],
                [1.0, 1e-06, 1e-06, -0.0, -1e-06, 0.976454, 0.215727, 0.37472, -1e-06, -0.215727, 0.976454, -1e-06, 0.0, 0.0, 0.0, 1.0],
                [1.0, 1e-06, 1e-06, -0.0, -1e-06, 0.976454, 0.215727, 0.37472, -1e-06, -0.215727, 0.976454, -1e-06, 0.0, 0.0, 0.0, 1.0]
            ]
        },
        {
            "name": "Knee_L",
            "time": [0.0, 0.0667, 0.1, 0.1333, 0.5, 0.7, 1.0, 1.2],
            "transform": [
                [1.0, 1e-06, -0.0, 0.0, -1e-06, 0.890468, -0.455045, 0.37472, -0.0, 0.455045, 0.890468, -0.0, 0.0, 0.0, 0.0, 1.0],
                [1.0, 2e-06, -0.0, -0.0, -1e-06, 0.862562, -0.505951, 0.37472, -0.0, 0.505951, 0.862562, -0.0, 0.0, 0.0, 0.0, 1.0],
                [1.0, 1e-06, -0.0, 0.0, -1e-06, 0.889136, -0.457643, 0.37472, -0.0, 0.457643, 0.889136, 0.0, 0.0, 0.0, 0.0, 1.0],
                [1.0, 1e-06, -0.0, -0.0, -1e-06, 0.849194, -0.52808, 0.374721, -1e-06, 0.52808, 0.849194, 0.0, 0.0, 0.0, 0.0, 1.0],
                [1.0, 1e-06, -1e-06, -0.0, -1e-06, 0.139946, -0.990159, 0.37472, -0.0, 0.990159, 0.139946, 1e-06, 0.0, 0.0, 0.0, 1.0],
                [1.0, 1e-06, -1e-06, -0.0, -1e-06, 0.428264, -0.903654, 0.37472, -0.0, 0.903654, 0.428264, -0.0, 0.0, 0.0, 0.0, 1.0],
                [1.0, 1e-06, -1e-06, -0.0, -1e-06, 0.108506, -0.994096, 0.37472, -0.0, 0.994096, 0.108506, -0.0, 0.0, 0.0, 0.0, 1.0],
                [1.0, 1e-06, -1e-06, -0.0, -1e-06, 0.108506, -0.994096, 0.37472, -0.0, 0.994096, 0.108506, -0.0, 0.0, 0.0, 0.0, 1.0]
            ]
        },
        {
            "name": "Torso",
            "time": [0.0, 0.0667, 0.1, 0.1333, 0.3, 0.5, 0.7, 1.0, 1.2],
            "transform": [
                [0.99841, 0.020666, -0.052444, 0.0, -0.023797, 0.997927, -0.059797, 0.05, 0.0511, 0.06095, 0.996832, -0.0, 0.0, 0.0, 0.0, 1.0],
                [0.99841, 0.020666, -0.052444, 0.0, -0.023797, 0.997927, -0.059797, 0.05, 0.0511, 0.06095, 0.996832, -0.0, 0.0, 0.0, 0.0, 1.0],
                [0.999603, 0.010725, -0.026054, 0.0, -0.011507, 0.999482, -0.030043, 0.05, 0.025718, 0.030331, 0.999209, -0.0, 0.0, 0.0, 0.0, 1.0],
                [1.0, 0.0, -0.0, 0.0, -0.0, 1.0, -0.0, 0.05, 0.0, 0.0, 1.0, 0.0, 0.0, 0.0, 0.0, 1.0],
                [1.0, 0.0, -0.0, 0.0, -0.0, 1.0, -0.0, 0.05, 0.0, 0.0, 1.0, 0.0, 0.0, 0.0, 0.0, 1.0],
                [1.0, 2e-05, -1e-06, 0.0, -2e-05, 0.999984, -0.005618, 0.05, 1e-06, 0.005618, 0.999984, 0.0, 0.0, 0.0, 0.0, 1.0],
                [1.0, 4.8e-05, -1e-06, 0.0, -4.8e-05, 0.999904, -0.013857, 0.05, 1e-06, 0.013857, 0.999904, 0.0, 0.0, 0.0, 0.0, 1.0],
                [1.0, 9.1e-05, -3e-06, -0.0, -9.1e-05, 0.999656, -0.026214, 0.05, 0.0, 0.026214, 0.999656, 0.0, 0.0, 0.0, 0.0, 1.0],
                [1.0, 9.1e-05, -3e-06, -0.0, -9.1e-05, 0.999656, -0.026214, 0.05, 0.0, 0.026214, 0.999656, 0.0, 0.0, 0.0, 0.0, 1.0]
            ]
        },
        {
            "name": "Chest",
            "time": [0.0, 0.0667, 0.1, 0.1333, 0.5, 0.7, 1.0, 1.2],
            "transform": [
                [1.0, -1e-06, 1e-06, 0.0, 1e-06, 1.0, 1e-06, 0.35, -1e-06, -1e-06, 1.0, -0.0, 0.0, 0.0, 0.0, 1.0],
                [0.983046, 0.178392, -0.042406, -0.0, -0.182831, 0.971221, -0.152651, 0.35, 0.013954, 0.157816, 0.98737, -0.0, 0.0, 0.0, 0.0, 1.0],
                [0.97523, 0.220715, -0.01457, 0.0, -0.217872, 0.947116, -0.235591, 0.35, -0.038199, 0.232929, 0.971743, 0.0, 0.0, 0.0, 0.0, 1.0],
                [1.0, -1e-06, 1e-06, -0.0, 1e-06, 1.0, 1e-06, 0.35, -1e-06, -1e-06, 1.0, 0.0, 0.0, 0.0, 0.0, 1.0],
                [1.0, -4.9e-05, 2e-06, 0.0, 4.9e-05, 1.0, 0.000179, 0.35, -2e-06, -0.000179, 1.0, 0.0, 0.0, 0.0, 0.0, 1.0],
                [1.0, -8.4e-05, 3e-06, -0.0, 8.4e-05, 1.0, 0.00031, 0.35, -3e-06, -0.00031, 1.0, -0.0, 0.0, 0.0, 0.0, 1.0],
                [1.0, -0.000136, 4e-06, -0.0, 0.000136, 1.0, 0.000506, 0.35, -5e-06, -0.000506, 1.0, -0.0, 0.0, 0.0, 0.0, 1.0],
                [1.0, -0.000136, 4e-06, -0.0, 0.000136, 1.0, 0.000506, 0.35, -5e-06, -0.000506, 1.0, -0.0, 0.0, 0.0, 0.0, 1.0]
            ]
        },
        {
            "name": "Head",
            "time": [0.0, 0.0667, 0.1, 0.1333, 0.3, 0.5, 0.7, 1.0, 1.2],
            "transform": [
                [0.371325, 0.019455, 0.928299, 0.0, 0.054288, 0.997615, -0.042623, 0.35, -0.926915, 0.066223, 0.369384, -0.0, 0.0, 0.0, 0.0, 1.0],
                [-0.323331, -0.093272, 0.941678, -0.0, -0.169447, 0.984753, 0.039358, 0.35, -0.930991, -0.146839, -0.334206, 0.0, 0.0, 0.0, 0.0, 1.0],
                [0.761983, 0.024002, 0.647151, 0.0, -0.039996, 0.999149, 0.010036, 0.35, -0.64636, -0.033531, 0.762295, 0.0, 0.0, 0.0, 0.0, 1.0],
                [0.939692, -0.219846, -0.262004, 0.0, -1e-06, 0.766044, -0.642788, 0.350001, 0.342021, 0.604023, 0.719846, -0.0, 0.0, 0.0, 0.0, 1.0],
                [0.366566, -0.127795, -0.921573, 0.0, -0.017336, 0.989411, -0.144098, 0.35, 0.93023, 0.068798, 0.36047, -0.0, 0.0, 0.0, 0.0, 1.0],
                [0.904366, -0.008377, -0.426676, 0.0, 0.042547, 0.996596, 0.070616, 0.35, 0.424632, -0.082016, 0.901644, 0.0, 0.0, 0.0, 0.0, 1.0],
                [0.949524, 0.018497, -0.313148, -0.0, 0.019433, 0.992874, 0.117572, 0.35, 0.313092, -0.117723, 0.942399, -0.0, 0.0, 0.0, 0.0, 1.0],
                [0.965926, -0.044367, 0.254987, -0.0, -0.006698, 0.980582, 0.195993, 0.35, -0.258732, -0.191023, 0.946873, -0.0, 0.0, 0.0, 0.0, 1.0],
                [0.965926, -0.044367, 0.254987, -0.0, -0.006698, 0.980582, 0.195993, 0.35, -0.258732, -0.191023, 0.946873, -0.0, 0.0, 0.0, 0.0, 1.0]
            ]
        },
        {
            "name": "Shoulder_R",
            "time": [0.0, 0.0667, 0.1, 0.1333, 0.5, 0.6, 0.7, 1.0, 1.2],
            "transform": [
                [-0.207424, 0.971325, 0.116205, 0.0, 0.026867, -0.113088, 0.993222, 0.35, 0.977882, 0.20914, -0.002639, -0.0, 0.0, 0.0, 0.0, 1.0],
                [-0.207424, 0.971325, 0.116205, -0.0, 0.026867, -0.113088, 0.993222, 0.35, 0.977882, 0.20914, -0.002639, 0.0, 0.0, 0.0, 0.0, 1.0],
                [-0.18835, 0.963911, 0.188149, 0.0, 0.027169, -0.18639, 0.9821, 0.35, 0.981726, 0.19009, 0.008918, 0.0, 0.0, 0.0, 0.0, 1.0],
                [0.330379, 0.90771, 0.258674, 0.0, -0.088474, -0.243073, 0.965965, 0.350001, 0.939693, -0.34202, 3e-06, -0.0, 0.0, 0.0, 0.0, 1.0],
                [0.507298, 0.822434, 0.257392, 0.0, -0.02802, -0.282779, 0.958776, 0.35, 0.861315, -0.493598, -0.120408, 0.0, 0.0, 0.0, 0.0, 1.0],
                [0.395392, 0.881594, 0.257795, 0.0, -0.024232, -0.270556, 0.962399, 0.35, 0.918193, -0.386772, -0.085613, 0.0, 0.0, 0.0, 0.0, 1.0],
                [0.284517, 0.922103, 0.262251, -0.0, -0.018258, -0.268296, 0.963163, 0.35, 0.958497, -0.278825, -0.059499, -0.0, 0.0, 0.0, 0.0, 1.0],
                [-0.061081, 0.964435, 0.257167, -0.0, -0.002753, -0.25781, 0.966192, 0.35, 0.998129, 0.058308, 0.018402, -0.0, 0.0, 0.0, 0.0, 1.0],
                [-0.061081, 0.964435, 0.257167, -0.0, -0.002753, -0.25781, 0.966192, 0.35, 0.998129, 0.058308, 0.018402, -0.0, 0.0, 0.0, 0.0, 1.0]
            ]
        },
        {
            "name": "Arm_R",
            "time": [0.0, 0.0667, 0.1, 0.1333, 0.3, 0.5, 0.6, 0.7, 0.8167, 1.0, 1.2],
            "transform": [
                [-0.012204, 0.060668, -0.998083, -0.0, -0.035963, 0.997485, 0.061071, 0.388213, 0.999278, 0.03664, -0.009992, 0.0, 0.0, 0.0, 0.0, 1.0],
                [-0.106248, -0.116331, -0.987511, -0.0, -0.237422, 0.967375, -0.088414, 0.388213, 0.965578, 0.225063, -0.130401, 0.0, 0.0, 0.0, 0.0, 1.0],
                [-0.02666, 0.707755, -0.705954, 0.0, -0.203914, 0.687506, 0.696961, 0.388213, 0.978626, 0.162534, 0.125992, -0.0, 0.0, 0.0, 0.0, 1.0],
                [0.720607, -0.684683, -0.109251, 0.0, 0.096994, 0.255569, -0.961913, 0.388213, 0.686526, 0.682564, 0.250575, -0.0, 0.0, 0.0, 0.0, 1.0],
                [0.82681, 0.093734, -0.554616, -0.0, -0.298344, 0.90897, -0.291143, 0.388213, 0.476839, 0.406187, 0.77951, -0.0, 0.0, 0.0, 0.0, 1.0],
                [0.558456, -0.687368, -0.464383, -0.0, 0.444741, 0.72065, -0.531854, 0.388213, 0.700237, 0.090487, 0.708152, -0.0, 0.0, 0.0, 0.0, 1.0],
                [0.551787, -0.625649, -0.551447, 0.0, 0.566786, 0.766375, -0.302362, 0.388213, 0.611788, -0.145713, 0.777485, -0.0, 0.0, 0.0, 0.0, 1.0],
                [0.304963, -0.728044, -0.613962, -0.0, 0.667927, 0.623046, -0.407047, 0.388213, 0.678874, -0.285948, 0.676287, -0.0, 0.0, 0.0, 0.0, 1.0],
                [-0.009868, -0.786203, -0.61789, -0.0, 0.676934, 0.449545, -0.582812, 0.388213, 0.735978, -0.424021, 0.527771, 0.0, 0.0, 0.0, 0.0, 1.0],
                [0.342758, 0.238293, -0.908699, -1e-06, 0.761241, 0.496359, 0.417301, 0.388213, 0.55048, -0.834772, -0.011267, -0.0, 0.0, 0.0, 0.0, 1.0],
                [0.342758, 0.238293, -0.908699, -1e-06, 0.761241, 0.496359, 0.417301, 0.388213, 0.55048, -0.834772, -0.011267, -0.0, 0.0, 0.0, 0.0, 1.0]
            ]
        },
        {
            "name": "Hand_R",
            "time": [0.0, 0.0667, 0.1, 0.1333, 0.3, 0.5, 0.7, 1.0, 1.2],
            "transform": [
                [1.0, 0.0, -0.0, -0.0, -0.0, 0.796713, -0.604357, 0.329779, -0.0, 0.604357, 0.796713, 0.0, 0.0, 0.0, 0.0, 1.0],
                [1.0, 0.0, -0.0, 0.0, -0.0, 0.796713, -0.604357, 0.329779, -0.0, 0.604357, 0.796713, 0.0, 0.0, 0.0, 0.0, 1.0],
                [1.0, 0.0, -1e-06, -0.0, -0.0, -0.149356, -0.988784, 0.329779, -0.0, 0.988783, -0.149356, 0.0, 0.0, 0.0, 0.0, 1.0],
                [1.0, 0.0, 0.0, -0.0, -0.0, 1.0, -0.0, 0.329779, -0.0, 0.0, 1.0, -0.0, 0.0, 0.0, 0.0, 1.0],
                [1.0, 0.0, 0.0, 0.0, -0.0, 1.0, -0.0, 0.329779, -0.0, 0.0, 1.0, -0.0, 0.0, 0.0, 0.0, 1.0],
                [1.0, 0.0, 0.0, -0.0, -0.0, 1.0, -0.0, 0.329779, -0.0, 0.0, 1.0, -0.0, 0.0, 0.0, 0.0, 1.0],
                [0.99989, -0.014254, -0.004113, -0.0, 0.013916, 0.997241, -0.072908, 0.32978, 0.005141, 0.072843, 0.99733, -0.0, 0.0, 0.0, 0.0, 1.0],
                [0.999314, -0.036102, -0.008309, 0.0, 0.033996, 0.982796, -0.181542, 0.329779, 0.01472, 0.181135, 0.983348, 0.0, 0.0, 0.0, 0.0, 1.0],
                [0.999314, -0.036102, -0.008309, 0.0, 0.033996, 0.982796, -0.181542, 0.329779, 0.01472, 0.181135, 0.983348, 0.0, 0.0, 0.0, 0.0, 1.0]
            ]
        },
        {
            "name": "Tool_R",
            "time": [0.0, 0.0667, 0.1, 0.1333, 0.3, 0.5, 0.6, 0.7, 0.8167, 1.0, 1.2],
            "transform": [
                [1.0, 0.0, 0.0, -0.02, 0.0, -0.819152, 0.573576, 0.291425, 0.0, -0.573576, -0.819152, 0.0, 0.0, 0.0, 0.0, 1.0],
                [1.0, 0.0, 0.0, -0.02, 0.0, -0.819152, 0.573576, 0.291425, 0.0, -0.573576, -0.819152, 0.0, 0.0, 0.0, 0.0, 1.0],
                [1.0, 0.0, 0.0, -0.02, 0.0, -0.999356, -0.03589, 0.291425, 0.0, 0.03589, -0.999356, -0.0, 0.0, 0.0, 0.0, 1.0],
                [1.0, -0.0, -0.0, -0.02, -0.0, -0.087156, -0.996195, 0.291426, 0.0, 0.996195, -0.087156, -0.0, 0.0, 0.0, 0.0, 1.0],
                [1.0, -0.0, 0.0, -0.02, 0.0, 0.043619, -0.999048, 0.291426, 0.0, 0.999048, 0.043619, -0.0, 0.0, 0.0, 0.0, 1.0],
                [1.0, -0.0, 0.0, -0.02, 0.0, 0.043619, -0.999048, 0.291424, 0.0, 0.999048, 0.043619, 0.0, 0.0, 0.0, 0.0, 1.0],
                [0.992655, 0.080017, 0.090737, -0.02, 0.112901, -0.34324, -0.932438, 0.291425, -0.043467, 0.935833, -0.349753, -0.0, 0.0, 0.0, 0.0, 1.0],
                [1.0, -0.0, 0.0, -0.02, 0.0, -0.434739, -0.900557, 0.291425, 0.0, 0.900557, -0.434739, 0.0, 0.0, 0.0, 0.0, 1.0],
                [1.0, -0.0, -0.0, -0.02, -0.0, -0.52588, -0.850559, 0.291425, 0.0, 0.850559, -0.525879, 0.0, 0.0, 0.0, 0.0, 1.0],
                [1.0, -0.0, 0.0, -0.02, -0.0, -0.766044, -0.642788, 0.291425, 0.0, 0.642788, -0.766045, 0.0, 0.0, 0.0, 0.0, 1.0],
                [1.0, -0.0, 0.0, -0.02, -0.0, -0.766044, -0.642788, 0.291425, 0.0, 0.642788, -0.766045, 0.0, 0.0, 0.0, 0.0, 1.0]
            ]
        },
        {
            "name": "Elbow_R",
            "time": [0.0, 0.0667, 0.1, 0.1333, 0.5, 0.7, 1.0, 1.2],
            "transform": [
                [-1.0, 0.0, -1e-06, -0.0, 1e-06, 0.318815, -0.947817, 0.329779, 0.0, -0.947817, -0.318815, -0.0, 0.0, 0.0, 0.0, 1.0],
                [-1.0, 0.0, -0.0, 0.0, 0.0, 0.318815, -0.947816, 0.329779, 0.0, -0.947816, -0.318815, 0.0, 0.0, 0.0, 0.0, 1.0],
                [-1.000001, 0.0, -0.0, 0.0, 0.0, 0.758076, -0.652167, 0.329779, 0.0, -0.652167, -0.758075, -0.0, 0.0, 0.0, 0.0, 1.0],
                [-1.0, 0.0, -0.0, 0.0, 0.0, 0.0, -1.0, 0.329779, -0.0, -1.0, -0.0, 0.0, 0.0, 0.0, 0.0, 1.0],
                [-1.0, 0.0, -0.0, -0.0, 1e-06, 0.0, -0.999999, 0.329779, -0.0, -1.0, -0.0, -0.0, 0.0, 0.0, 0.0, 1.0],
                [-1.0, 0.0, -0.0, -0.0, 1e-06, 0.036446, -0.999335, 0.329779, -0.0, -0.999335, -0.036446, -0.0, 0.0, 0.0, 0.0, 1.0],
                [-1.0, 0.0, -0.0, 0.0, 1e-06, 0.090954, -0.995855, 0.329779, -0.0, -0.995855, -0.090954, 0.0, 0.0, 0.0, 0.0, 1.0],
                [-1.0, 0.0, -0.0, 0.0, 1e-06, 0.090954, -0.995855, 0.329779, -0.0, -0.995855, -0.090954, 0.0, 0.0, 0.0, 0.0, 1.0]
            ]
        },
        {
            "name": "Shoulder_L",
            "time": [0.0, 0.0667, 0.1, 0.1333, 0.5, 0.7, 1.0, 1.2],
            "transform": [
                [-0.326227, -0.878249, -0.349649, 0.0, -0.104838, -0.333989, 0.936729, 0.35, -0.93946, 0.342242, 0.016883, -0.0, 0.0, 0.0, 0.0, 1.0],
                [-0.326227, -0.878249, -0.349649, -0.0, -0.104838, -0.333989, 0.936729, 0.35, -0.93946, 0.342242, 0.016883, 0.0, 0.0, 0.0, 0.0, 1.0],
                [-0.326227, -0.878249, -0.349649, 0.0, -0.104838, -0.333989, 0.936729, 0.35, -0.93946, 0.342242, 0.016883, 0.0, 0.0, 0.0, 0.0, 1.0],
                [-0.326227, -0.878249, -0.349649, 0.0, -0.104837, -0.333989, 0.936729, 0.350001, -0.93946, 0.342242, 0.016883, -0.0, 0.0, 0.0, 0.0, 1.0],
                [-0.238422, -0.917892, -0.317222, 0.0, -0.064436, -0.310971, 0.948233, 0.35, -0.969022, 0.24652, 0.014997, 0.0, 0.0, 0.0, 0.0, 1.0],
                [-0.171415, -0.940589, -0.293101, -0.0, -0.036272, -0.291278, 0.955951, 0.35, -0.984531, 0.174496, 0.015812, -0.0, 0.0, 0.0, 0.0, 1.0],
                [-0.068233, -0.964023, -0.256912, -0.0, 0.003032, -0.257711, 0.966217, 0.35, -0.997665, 0.065149, 0.020507, -0.0, 0.0, 0.0, 0.0, 1.0],
                [-0.068233, -0.964023, -0.256912, -0.0, 0.003032, -0.257711, 0.966217, 0.35, -0.997665, 0.065149, 0.020507, -0.0, 0.0, 0.0, 0.0, 1.0]
            ]
        },
        {
            "name": "Arm_L",
            "time": [0.0, 0.0667, 0.1, 0.1333, 0.5, 0.7, 1.0, 1.2],
            "transform": [
                [0.092664, -0.297001, 0.950371, 0.0, -0.061453, 0.950952, 0.303174, 0.388212, -0.993799, -0.086497, 0.069867, -0.0, 0.0, 0.0, 0.0, 1.0],
                [0.092664, -0.297001, 0.950371, -0.0, -0.061453, 0.950952, 0.303174, 0.388212, -0.993799, -0.086497, 0.069867, -0.0, 0.0, 0.0, 0.0, 1.0],
                [0.092664, -0.297001, 0.950371, 0.0, -0.061453, 0.950952, 0.303174, 0.388212, -0.993799, -0.086497, 0.069867, 0.0, 0.0, 0.0, 0.0, 1.0],
                [0.092664, -0.297001, 0.950371, 0.0, -0.061453, 0.950952, 0.303174, 0.388212, -0.993799, -0.086497, 0.069867, -0.0, 0.0, 0.0, 0.0, 1.0],
                [0.140554, -0.193366, 0.971007, -0.0, -0.383442, 0.893574, 0.233449, 0.388212, -0.912807, -0.405137, 0.051451, 0.0, 0.0, 0.0, 0.0, 1.0],
                [0.151951, -0.107315, 0.982545, 0.0, -0.601358, 0.778883, 0.178072, 0.388212, -0.784397, -0.61792, 0.053817, -0.0, 0.0, 0.0, 0.0, 1.0],
                [0.128803, 0.018013, 0.991507, -1e-06, -0.849471, 0.51789, 0.100943, 0.388212, -0.511673, -0.855257, 0.082008, 0.0, 0.0, 0.0, 0.0, 1.0],
                [0.128803, 0.018013, 0.991507, -1e-06, -0.849471, 0.51789, 0.100943, 0.388212, -0.511673, -0.855257, 0.082008, 0.0, 0.0, 0.0, 0.0, 1.0]
            ]
        },
        {
            "name": "Hand_L",
            "time": [0.0, 0.0667, 0.1, 0.1333, 0.5, 0.7, 1.0, 1.2],
            "transform": [
                [1.0, 0.0, 0.0, 0.0, -0.0, 0.982204, -0.187817, 0.329779, -1e-06, 0.187817, 0.982204, -0.0, 0.0, 0.0, 0.0, 1.0],
                [1.0, 1e-06, 0.0, 0.0, -0.0, 0.982204, -0.187817, 0.329779, -0.0, 0.187817, 0.982204, -0.0, 0.0, 0.0, 0.0, 1.0],
                [1.0, 0.0, 0.0, -0.0, -0.0, 0.982204, -0.187817, 0.329779, -0.0, 0.187817, 0.982204, 0.0, 0.0, 0.0, 0.0, 1.0],
                [1.0, 0.0, 0.0, -0.0, -0.0, 0.982204, -0.187817, 0.329779, -0.0, 0.187817, 0.982204, 0.0, 0.0, 0.0, 0.0, 1.0],
                [0.999864, 0.014147, 0.008505, -0.0, -0.012463, 0.984852, -0.172951, 0.329779, -0.010823, 0.172821, 0.984894, -0.0, 0.0, 0.0, 0.0, 1.0],
                [0.999591, 0.024437, 0.014877, -0.0, -0.021705, 0.986537, -0.162091, 0.329779, -0.018638, 0.161701, 0.986664, -0.0, 0.0, 0.0, 0.0, 1.0],
                [0.998906, 0.039729, 0.024644, 0.0, -0.035722, 0.988657, -0.145877, 0.329779, -0.03016, 0.144837, 0.988996, 0.0, 0.0, 0.0, 0.0, 1.0],
                [0.998906, 0.039729, 0.024644, 0.0, -0.035722, 0.988657, -0.145877, 0.329779, -0.03016, 0.144837, 0.988996, 0.0, 0.0, 0.0, 0.0, 1.0]
            ]
        },
        {
            "name": "Tool_L",
            "time": [0.0, 0.0667, 0.1, 0.1333, 0.5, 0.7, 1.0, 1.2],
            "transform": [
                [1.0, -6.5e-05, -0.000128, 0.02, -0.000114, -0.902685, -0.430302, 0.291426, -8.8e-05, 0.430302, -0.902685, 0.0, 0.0, 0.0, 0.0, 1.0],
                [1.0, -6.5e-05, -0.000128, 0.02, -0.000114, -0.902685, -0.430302, 0.291426, -8.8e-05, 0.430302, -0.902685, -0.0, 0.0, 0.0, 0.0, 1.0],
                [1.0, -3.9e-05, -5.9e-05, 0.02, -5.1e-05, -0.976631, -0.214925, 0.291426, -4.9e-05, 0.214925, -0.976631, 0.0, 0.0, 0.0, 0.0, 1.0],
                [1.0, -0.0, 0.0, 0.02, 0.0, -1.0, -0.0, 0.291426, 0.0, 0.0, -1.0, 0.0, 0.0, 0.0, 0.0, 1.0],
                [1.0, 0.0, 0.0, 0.02, -0.0, -0.998104, -0.061546, 0.291426, 0.0, 0.061546, -0.998104, -0.0, 0.0, 0.0, 0.0, 1.0],
                [1.0, -0.0, 0.0, 0.02, -0.0, -0.994304, -0.106582, 0.291426, 0.0, 0.106582, -0.994304, 0.0, 0.0, 0.0, 0.0, 1.0],
                [1.0, -0.0, 0.0, 0.02, -0.0, -0.984808, -0.173648, 0.291426, 0.0, 0.173648, -0.984808, -0.0, 0.0, 0.0, 0.0, 1.0],
                [1.0, -0.0, 0.0, 0.02, -0.0, -0.984808, -0.173648, 0.291426, 0.0, 0.173648, -0.984808, -0.0, 0.0, 0.0, 0.0, 1.0]
            ]
        },
        {
            "name": "Elbow_L",
            "time": [0.0, 0.0667, 0.1, 0.1333, 0.5, 0.7, 1.0, 1.2],
            "transform": [
                [-1.0, -0.0, -0.0, 0.0, 0.0, 0.094329, -0.995541, 0.329779, 0.0, -0.995541, -0.094329, -0.0, 0.0, 0.0, 0.0, 1.0],
                [-1.0, -0.0, -1e-06, 0.0, 1e-06, 0.094329, -0.995541, 0.329779, 0.0, -0.995541, -0.094329, -0.0, 0.0, 0.0, 0.0, 1.0],
                [-1.0, -0.0, -0.0, -0.0, 0.0, 0.094329, -0.995541, 0.329779, 0.0, -0.995541, -0.094329, 0.0, 0.0, 0.0, 0.0, 1.0],
                [-1.0, -0.0, -0.0, -0.0, 0.0, 0.094329, -0.995541, 0.329779, 0.0, -0.995541, -0.094329, 0.0, 0.0, 0.0, 0.0, 1.0],
                [-1.0, -0.0, -0.0, -0.0, 0.0, 0.086743, -0.996231, 0.329779, 0.0, -0.996231, -0.086743, -0.0, 0.0, 0.0, 0.0, 1.0],
                [-1.0, -0.0, -0.0, 0.0, 0.0, 0.081132, -0.996703, 0.329779, 0.0, -0.996703, -0.081132, -0.0, 0.0, 0.0, 0.0, 1.0],
                [-1.0, -0.0, -0.0, 0.0, 1e-06, 0.072643, -0.997358, 0.329779, 0.0, -0.997358, -0.072643, 0.0, 0.0, 0.0, 0.0, 1.0],
                [-1.0, -0.0, -0.0, 0.0, 1e-06, 0.072643, -0.997358, 0.329779, 0.0, -0.997358, -0.072643, 0.0, 0.0, 0.0, 0.0, 1.0]
            ]
        }
    ]
}