{
    "animation": [
        {
            "name": "Root",
            "time": [0.0, 0.05, 0.1, 0.2, 0.3, 0.4, 0.5, 0.6, 0.8, 0.9, 1.1],
            "transform": [
                [0.974184, 0.009864, -0.225542, -5e-06, -0.225636, 0.009722, -0.974163, 0.480825, -0.007416, 0.999904, 0.011697, 0.459395, 0.0, 0.0, 0.0, 1.0],
                [0.0184, -0.086282, -0.996101, -5e-06, -0.996073, -0.08788, -0.010787, 0.945521, -0.086607, 0.992387, -0.08756, 0.464491, 0.0, 0.0, 0.0, 1.0],
                [-0.713564, -0.171419, -0.679295, -5e-06, -0.680272, -0.062284, 0.730308, 0.988652, -0.167498, 0.983228, -0.072168, 1.234554, 0.0, 0.0, 0.0, 1.0],
                [-0.883843, -0.193504, -0.425884, -5e-06, -0.427313, -0.036446, 0.903369, 1.060218, -0.190327, 0.980422, -0.050474, 1.169586, 0.0, 0.0, 0.0, 1.0],
                [-0.958981, -0.204746, -0.19605, -5e-06, -0.197821, -0.011988, 0.980165, 1.131783, -0.203035, 0.978742, -0.029007, 1.104618, 0.0, 0.0, 0.0, 1.0],
                [-0.657498, -0.22814, 0.718087, -5e-06, 0.72765, 0.055032, 0.683738, 1.131784, -0.195505, 0.972072, 0.129823, 0.94233, 0.0, 0.0, 0.0, 1.0],
                [0.730256, -0.059039, 0.680618, -5e-06, 0.682232, 0.115296, -0.721987, 1.131784, -0.035847, 0.991575, 0.124473, 0.580043, 0.0, 0.0, 0.0, 1.0],
                [0.841684, -0.048885, 0.537754, -5e-06, 0.539698, 0.107826, -0.834925, 1.131784, -0.017169, 0.992967, 0.117138, 0.448878, 0.0, 0.0, 0.0, 1.0],
                [0.965221, -0.020515, 0.260628, -5e-06, 0.261433, 0.073468, -0.962421, 1.131785, 0.000596, 0.997087, 0.076276, 0.68143, 0.0, 0.0, 0.0, 1.0],
                [0.99925, -0.006955, 0.0381, -5e-06, 0.038367, 0.043319, -0.998324, 1.131785, 0.005293, 0.999037, 0.043554, 0.700648, 0.0, 0.0, 0.0, 1.0],
                [0.965926, -0.0, -0.258819, -5e-06, -0.258819, 0.0, -0.965926, 1.131786, 0.0, 1.0, -0.0, 0.739084, 0.0, 0.0, 0.0, 1.0]
            ]
        },
        {
            "name": "Thigh_R",
            "time": [0.0, 0.05, 0.1, 0.2, 0.3, 0.4, 0.5, 0.6, 0.8, 0.9, 1.1],
            "transform": [
                [0.736831, 0.611955, 0.287388, 0.124994, 0.552646, -0.790041, 0.265366, -0.00283, 0.38944, -0.036706, -0.92032, -1.2e-05, 0.0, 0.0, 0.0, 1.0],
                [0.718818, 0.586996, -0.372474, 0.124994, 0.655425, -0.393591, 0.644596, -0.00283, 0.231773, -0.707476, -0.667652, -1.2e-05, 0.0, 0.0, 0.0, 1.0],
                [0.781183, 0.276452, 0.559756, 0.124994, 0.165818, -0.956286, 0.240878, -0.002831, 0.601878, -0.095352, -0.792875, -1.2e-05, 0.0, 0.0, 0.0, 1.0],
                [0.78523, 0.333956, 0.521428, 0.124994, 0.109227, -0.903593, 0.414233, -0.002831, 0.609494, -0.268314, -0.746006, -1.2e-05, 0.0, 0.0, 0.0, 1.0],
                [0.794348, 0.476324, 0.376997, 0.124994, 0.002734, -0.623407, 0.781894, -0.002831, 0.607457, -0.620064, -0.496504, -1.2e-05, 0.0, 0.0, 0.0, 1.0],
                [0.789179, 0.337056, 0.513409, 0.124994, 0.387068, -0.921993, 0.010319, -0.00283, 0.476837, 0.190581, -0.858082, -1.2e-05, 0.0, 0.0, 0.0, 1.0],
                [0.843776, 0.529225, 0.089235, 0.124994, 0.18801, -0.447201, 0.87445, -0.002831, 0.502687, -0.721063, -0.476837, -1.2e-05, 0.0, 0.0, 0.0, 1.0],
                [0.867164, 0.493325, -0.06824, 0.124994, 0.131241, -0.094186, 0.986866, -0.00283, 0.480419, -0.864731, -0.146419, -1.2e-05, 0.0, 0.0, 0.0, 1.0],
                [0.915883, 0.273653, 0.29372, 0.124994, 0.026179, -0.770815, 0.636521, -0.00283, 0.40059, -0.57529, -0.71314, -1.2e-05, 0.0, 0.0, 0.0, 1.0],
                [0.94823, 0.145967, 0.282052, 0.124994, -0.022536, -0.854953, 0.518216, -0.002831, 0.316784, -0.497744, -0.807402, -1.2e-05, 0.0, 0.0, 0.0, 1.0],
                [0.972248, 0.164343, 0.166509, 0.124994, 0.169384, -0.985413, -0.01644, -0.002831, 0.161378, 0.044188, -0.985903, -1.2e-05, 0.0, 0.0, 0.0, 1.0]
            ]
        },
        {
            "name": "Leg_R",
            "time": [0.0, 0.05, 0.1, 0.2, 0.3, 0.4, 0.5, 0.6, 0.8, 0.9, 1.1],
            "transform": [
                [1.0, -2e-06, 4e-06, -0.0, -4e-06, 0.219391, 0.975637, 0.37472, -2e-06, -0.975637, 0.219391, -0.0, 0.0, 0.0, 0.0, 1.0],
                [1.0, -0.0, 5e-06, 0.0, -4e-06, 0.467578, 0.883952, 0.37472, -3e-06, -0.883952, 0.467578, 0.0, 0.0, 0.0, 0.0, 1.0],
                [1.0, 4e-06, 2e-06, 0.0, -4e-06, 0.999988, 0.004889, 0.374721, -3e-06, -0.004889, 0.999988, 0.0, 0.0, 0.0, 0.0, 1.0],
                [1.0, 4e-06, 3e-06, 0.0, -4e-06, 0.98997, 0.141278, 0.374721, -3e-06, -0.141278, 0.98997, 0.0, 0.0, 0.0, 0.0, 1.0],
                [1.0, 0.0, 5e-06, -0.0, -4e-06, 0.561038, 0.82779, 0.37472, -2e-06, -0.82779, 0.561037, -0.0, 0.0, 0.0, 0.0, 1.0],
                [1.0, 4e-06, 2e-06, -0.0, -4e-06, 0.999987, 0.005096, 0.37472, -2e-06, -0.005096, 0.999987, -0.0, 0.0, 0.0, 0.0, 1.0],
                [1.0, 0.0, 5e-06, -0.0, -4e-06, 0.549738, 0.835337, 0.37472, -2e-06, -0.835337, 0.549738, -0.0, 0.0, 0.0, 0.0, 1.0],
                [1.0, -2e-06, 4e-06, 0.0, -4e-06, 0.112647, 0.993635, 0.37472, -3e-06, -0.993635, 0.112647, -0.0, 0.0, 0.0, 0.0, 1.0],
                [1.0, 2e-06, 4e-06, -0.0, -4e-06, 0.80103, 0.598625, 0.37472, -2e-06, -0.598624, 0.80103, -0.0, 0.0, 0.0, 0.0, 1.0],
                [1.0, 3e-06, 4e-06, 0.0, -4e-06, 0.938768, 0.34455, 0.37472, -3e-06, -0.34455, 0.938768, 0.0, 0.0, 0.0, 0.0, 1.0],
                [1.0, 4e-06, 3e-06, -0.0, -4e-06, 0.994844, 0.101418, 0.37472, -2e-06, -0.101418, 0.994844, 0.0, 0.0, 0.0, 0.0, 1.0]
            ]
        },
        {
            "name": "Knee_R",
            "time": [0.0, 0.05, 0.1, 0.2, 0.3, 0.4, 0.5, 0.6, 0.8, 0.9, 1.1],
            "transform": [
                [0.998744, -0.049325, -0.008802, -0.0, 0.029062, 0.713408, -0.700146, 0.37472, 0.040814, 0.699011, 0.713946, 0.0, 0.0, 0.0, 0.0, 1.0],
                [0.998785, -0.048985, -0.005421, 0.0, 0.02586, 0.614545, -0.788458, 0.37472, 0.041954, 0.78736, 0.615065, 0.0, 0.0, 0.0, 0.0, 1.0],
                [0.998834, -0.047662, 0.00768, 0.0, 0.013452, 0.121988, -0.992441, 0.374721, 0.046365, 0.991387, 0.122487, 0.0, 0.0, 0.0, 0.0, 1.0],
                [0.998837, -0.047829, 0.006035, 0.0, 0.015009, 0.189567, -0.981753, 0.37472, 0.045812, 0.980702, 0.190065, 0.0, 0.0, 0.0, 0.0, 1.0],
                [0.998798, -0.048848, -0.004061, 0.0, 0.024572, 0.570654, -0.820822, 0.37472, 0.042413, 0.819736, 0.571169, -0.0, 0.0, 0.0, 0.0, 1.0],
                [0.999107, -0.041674, 0.007033, -0.0, 0.011473, 0.107273, -0.994163, 0.37472, 0.040676, 0.993356, 0.107656, -0.0, 0.0, 0.0, 0.0, 1.0],
                [0.999317, -0.036858, -0.002632, 0.0, 0.018149, 0.551605, -0.833908, 0.37472, 0.032188, 0.833291, 0.551897, -0.0, 0.0, 0.0, 0.0, 1.0],
                [0.99935, -0.035422, -0.006669, 0.0, 0.021184, 0.726881, -0.686436, 0.37472, 0.029163, 0.685849, 0.727159, -0.0, 0.0, 0.0, 0.0, 1.0],
                [0.999665, -0.025857, 0.00074, -0.0, 0.010392, 0.375223, -0.926876, 0.37472, 0.023689, 0.926574, 0.375365, -0.0, 0.0, 0.0, 0.0, 1.0],
                [0.999853, -0.01703, 0.001911, 0.0, 0.005556, 0.216644, -0.976235, 0.37472, 0.016212, 0.976102, 0.216707, 0.0, 0.0, 0.0, 0.0, 1.0],
                [1.0, 2e-06, -4e-06, -0.0, -4e-06, 0.050776, -0.99871, 0.37472, -2e-06, 0.99871, 0.050776, 0.0, 0.0, 0.0, 0.0, 1.0]
            ]
        },
        {
            "name": "Thigh_L",
            "time": [0.0, 0.05, 0.1, 0.2, 0.3, 0.4, 0.5, 0.6, 0.8, 0.9, 1.1],
            "transform": [
                [0.954184, -0.296517, -0.040139, -0.125006, -0.064634, -0.335226, 0.939918, -0.00283, -0.292157, -0.89426, -0.339032, -1.2e-05, 0.0, 0.0, 0.0, 1.0],
                [0.953549, -0.099716, -0.284255, -0.125006, -0.003272, -0.946996, 0.321228, -0.002831, -0.30122, -0.305377, -0.903333, -1.2e-05, 0.0, 0.0, 0.0, 1.0],
                [0.927283, 0.255958, 0.273189, -0.125006, 0.273214, -0.96159, -0.026427, -0.002831, 0.255931, 0.099144, -0.961598, -1.2e-05, 0.0, 0.0, 0.0, 1.0],
                [0.960431, 0.215713, 0.176185, -0.125006, 0.031653, -0.713015, 0.700434, -0.002831, 0.276715, -0.667142, -0.691629, -1.2e-05, 0.0, 0.0, 0.0, 1.0],
                [0.958526, 0.158825, 0.23665, -0.125006, -0.090877, -0.616672, 0.781957, -0.00283, 0.27013, -0.771032, -0.576662, -1.2e-05, 0.0, 0.0, 0.0, 1.0],
                [0.96935, 0.219209, 0.110947, -0.125006, -0.034172, -0.326892, 0.944444, -0.002831, 0.243298, -0.919287, -0.309382, -1.2e-05, 0.0, 0.0, 0.0, 1.0],
                [0.919196, -0.235922, 0.315309, -0.125006, -0.313855, -0.922493, 0.224725, -0.002831, 0.237852, -0.305527, -0.921997, -1.2e-05, 0.0, 0.0, 0.0, 1.0],
                [0.914496, -0.217348, 0.341256, -0.125006, -0.319612, -0.905255, 0.279933, -0.00283, 0.248081, -0.365067, -0.897319, -1.2e-05, 0.0, 0.0, 0.0, 1.0],
                [0.981386, -0.029016, 0.189843, -0.125006, -0.138498, -0.791743, 0.594947, -0.00283, 0.133044, -0.610165, -0.781023, -1.2e-05, 0.0, 0.0, 0.0, 1.0],
                [0.983884, -0.094044, 0.152078, -0.125006, -0.155347, -0.870728, 0.466583, -0.002831, 0.088539, -0.482689, -0.871305, -1.2e-05, 0.0, 0.0, 0.0, 1.0],
                [0.988476, -0.149069, 0.026339, -0.125006, -0.151305, -0.978343, 0.141249, -0.002831, 0.004713, -0.143606, -0.989624, -1.2e-05, 0.0, 0.0, 0.0, 1.0]
            ]
        },
        {
            "name": "Leg_L",
            "time": [0.0, 0.05, 0.1, 0.2, 0.3, 0.4, 0.5, 0.6, 0.8, 0.9, 1.1],
            "transform": [
                [1.0, 0.0, 2e-06, -0.0, -1e-06, 0.750414, 0.660969, 0.37472, -1e-06, -0.660969, 0.750414, 0.0, 0.0, 0.0, 0.0, 1.0],
                [1.0, -1e-06, 1e-06, -0.0, -1e-06, -0.071996, 0.997405, 0.37472, -1e-06, -0.997405, -0.071996, -0.0, 0.0, 0.0, 0.0, 1.0],
                [1.0, 1e-06, 1e-06, 0.0, -1e-06, 0.99999, 0.004588, 0.37472, -1e-06, -0.004588, 0.999989, -0.0, 0.0, 0.0, 0.0, 1.0],
                [1.0, -1e-06, 1e-06, -0.0, -1e-06, 0.145099, 0.989417, 0.37472, -1e-06, -0.989417, 0.145099, 0.0, 0.0, 0.0, 0.0, 1.0],
                [1.0, -1e-06, 1e-06, 0.0, -1e-06, -0.219704, 0.975567, 0.374721, -1e-06, -0.975567, -0.219704, -0.0, 0.0, 0.0, 0.0, 1.0],
                [1.0, -1e-06, 1e-06, -0.0, -1e-06, 0.033861, 0.999427, 0.37472, -1e-06, -0.999426, 0.033861, 0.0, 0.0, 0.0, 0.0, 1.0],
                [1.0, -0.0, 1e-06, -0.0, -1e-06, 0.558496, 0.829507, 0.37472, -1e-06, -0.829507, 0.558496, -0.0, 0.0, 0.0, 0.0, 1.0],
                [1.0, -1e-06, 1e-06, 0.0, -1e-06, 0.097898, 0.995197, 0.37472, -1e-06, -0.995196, 0.097898, 0.0, 0.0, 0.0, 0.0, 1.0],
                [1.0, 0.0, 2e-06, -0.0, -1e-06, 0.726208, 0.687476, 0.37472, -1e-06, -0.687476, 0.726208, 0.0, 0.0, 0.0, 0.0, 1.0],
                [1.0, 0.0, 2e-06, -0.0, -1e-06, 0.79331, 0.608819, 0.37472, -1e-06, -0.608818, 0.793309, 0.0, 0.0, 0.0, 0.0, 1.0],
                [1.0, 1e-06, 1e-06, -0.0, -1e-06, 0.976308, 0.216386, 0.37472, -1e-06, -0.216386, 0.976308, 0.0, 0.0, 0.0, 0.0, 1.0]
            ]
        },
        {
            "name": "Knee_L",
            "time": [0.0, 0.05, 0.1, 0.2, 0.3, 0.4, 0.5, 0.6, 0.8, 0.9, 1.1],
            "transform": [
                [1.0, 1e-06, -1e-06, -0.0, -1e-06, 0.67252, -0.740079, 0.37472, -0.0, 0.740079, 0.67252, 0.0, 0.0, 0.0, 0.0, 1.0],
                [1.0, 1e-06, 0.0, -0.0, -1e-06, 0.931306, -0.364238, 0.37472, -1e-06, 0.364238, 0.931306, 0.0, 0.0, 0.0, 0.0, 1.0],
                [1.0, 1e-06, -1e-06, 0.0, -1e-06, 0.369851, -0.929091, 0.37472, -0.0, 0.929091, 0.369851, 0.0, 0.0, 0.0, 0.0, 1.0],
                [1.0, 1e-06, -0.0, 0.0, -1e-06, 0.886232, -0.463242, 0.37472, -0.0, 0.463242, 0.886232, 0.0, 0.0, 0.0, 0.0, 1.0],
                [1.0, 1e-06, 0.0, 0.0, -1e-06, 0.9559, -0.293693, 0.37472, -0.0, 0.293693, 0.9559, -0.0, 0.0, 0.0, 0.0, 1.0],
                [1.0, 1e-06, -0.0, -0.0, -1e-06, 0.890609, -0.454771, 0.37472, -1e-06, 0.454771, 0.890609, -0.0, 0.0, 0.0, 0.0, 1.0],
                [1.0, 1e-06, -1e-06, -0.0, -1e-06, 0.697835, -0.716258, 0.37472, -0.0, 0.716258, 0.697835, -0.0, 0.0, 0.0, 0.0, 1.0],
                [1.0, 1e-06, -0.0, 0.0, -1e-06, 0.843556, -0.537041, 0.37472, -0.0, 0.537041, 0.843556, -0.0, 0.0, 0.0, 0.0, 1.0],
                [1.0, 1e-06, -1e-06, 0.0, -1e-06, 0.547346, -0.836907, 0.37472, -0.0, 0.836907, 0.547346, 0.0, 0.0, 0.0, 0.0, 1.0],
                [1.0, 1e-06, -1e-06, -0.0, -1e-06, 0.443991, -0.896031, 0.37472, -0.0, 0.896031, 0.443991, 0.0, 0.0, 0.0, 0.0, 1.0],
                [1.0, 1e-06, -1e-06, 0.0, -1e-06, 0.108841, -0.994059, 0.37472, -0.0, 0.994059, 0.108841, -0.0, 0.0, 0.0, 0.0, 1.0]
            ]
        },
        {
            "name": "Torso",
            "time": [0.0, 0.05, 0.1, 0.2, 0.3, 0.4, 0.5, 0.6, 0.8, 0.9, 1.1],
            "transform": [
                [0.998568, 0.053486, -0.000897, 0.0, -0.053486, 0.998007, -0.033493, 0.05, -0.000896, 0.033493, 0.999439, -0.0, 0.0, 0.0, 0.0, 1.0],
                [0.997091, 0.07621, -0.001625, 0.0, -0.07621, 0.996184, -0.042544, 0.05, -0.001624, 0.042544, 0.999093, -0.0, 0.0, 0.0, 0.0, 1.0],
                [0.995265, 0.097097, 0.004417, 0.0, -0.097097, 0.991144, 0.090583, 0.05, 0.004418, -0.090583, 0.995879, 0.0, 0.0, 0.0, 0.0, 1.0],
                [0.995016, 0.081072, -0.058064, 0.0, -0.077277, 0.994897, 0.064866, 0.05, 0.063027, -0.060056, 0.996203, 0.0, 0.0, 0.0, 0.0, 1.0],
                [0.990763, 0.063098, -0.120029, 0.0, -0.058946, 0.997544, 0.037841, 0.05, 0.122122, -0.030416, 0.992049, -0.0, 0.0, 0.0, 0.0, 1.0],
                [0.992928, 0.054844, -0.105291, 0.0, -0.052009, 0.998211, 0.029486, 0.05, 0.10672, -0.023801, 0.994004, -0.0, 0.0, 0.0, 0.0, 1.0],
                [0.994805, 0.046686, -0.090461, 0.0, -0.044941, 0.998764, 0.021234, 0.05, 0.09134, -0.017059, 0.995674, -0.0, 0.0, 0.0, 0.0, 1.0],
                [0.988335, 0.136222, -0.068097, 0.0, -0.122914, 0.977493, 0.171463, 0.05, 0.089922, -0.161093, 0.982834, 0.0, 0.0, 0.0, 0.0, 1.0],
                [0.995224, 0.078449, -0.058086, 0.0, -0.073457, 0.993788, 0.083605, 0.05, 0.064284, -0.078939, 0.994805, 0.0, 0.0, 0.0, 0.0, 1.0],
                [0.998844, 0.02154, -0.042985, -0.0, -0.021739, 0.999755, -0.004167, 0.05, 0.042885, 0.005096, 0.999067, -0.0, 0.0, 0.0, 0.0, 1.0],
                [1.0, 0.0, -0.0, -0.0, -0.0, 0.999665, -0.025877, 0.05, 0.0, 0.025877, 0.999665, 0.0, 0.0, 0.0, 0.0, 1.0]
            ]
        },
        {
            "name": "Chest",
            "time": [0.0, 0.05, 0.1, 0.2, 0.3, 0.4, 0.5, 0.6, 0.8, 0.9, 1.1],
            "transform": [
                [0.997971, 0.034121, 0.053752, 0.0, -0.028975, 0.995173, -0.093757, 0.35, -0.056691, 0.092009, 0.994143, 0.0, 0.0, 0.0, 0.0, 1.0],
                [0.974913, -1e-06, -0.222586, 0.0, 0.039614, 0.984036, 0.173504, 0.35, 0.219032, -0.177968, 0.95935, -0.0, 0.0, 0.0, 0.0, 1.0],
                [0.976825, -1e-06, -0.21404, 0.0, 0.002175, 0.999948, 0.009923, 0.35, 0.214029, -0.010159, 0.976774, -0.0, 0.0, 0.0, 0.0, 1.0],
                [0.976134, 0.045277, -0.212396, 0.0, -0.030466, 0.996903, 0.072495, 0.35, 0.215021, -0.064294, 0.974491, -0.0, 0.0, 0.0, 0.0, 1.0],
                [0.973959, 0.090428, -0.207908, -0.0, -0.063022, 0.988857, 0.134868, 0.35, 0.217787, -0.118253, 0.968806, -0.0, 0.0, 0.0, 0.0, 1.0],
                [0.980038, 0.077817, -0.18295, -0.0, -0.056808, 0.991458, 0.117403, 0.35, 0.190523, -0.104667, 0.976087, -0.0, 0.0, 0.0, 0.0, 1.0],
                [0.985323, 0.065542, -0.157614, -0.0, -0.050095, 0.99372, 0.100056, 0.35, 0.163182, -0.090692, 0.982419, 0.0, 0.0, 0.0, 0.0, 1.0],
                [0.986907, 0.061528, -0.149092, -0.0, -0.047748, 0.994398, 0.094305, 0.35, 0.154059, -0.085952, 0.984316, 0.0, 0.0, 0.0, 0.0, 1.0],
                [0.992637, 0.044928, -0.112491, -0.0, -0.037178, 0.996849, 0.070068, 0.35, 0.115285, -0.06537, 0.991179, -0.0, 0.0, 0.0, 0.0, 1.0],
                [0.996732, 0.029108, -0.07536, 0.0, -0.025668, 0.998601, 0.046222, 0.35, 0.0766, -0.044137, 0.996085, 0.0, 0.0, 0.0, 0.0, 1.0],
                [1.0, -1e-06, 1e-06, 0.0, 1e-06, 1.0, 1e-06, 0.35, -1e-06, -1e-06, 1.0, 0.0, 0.0, 0.0, 0.0, 1.0]
            ]
        },
        {
            "name": "Head",
            "time": [0.0, 0.05, 0.1, 0.2, 0.3, 0.4, 0.5, 0.6, 0.8, 0.9, 1.1],
            "transform": [
                [0.981761, -0.088452, 0.168287, -0.0, 0.066463, 0.989007, 0.132093, 0.35, -0.178121, -0.118499, 0.976847, 0.0, 0.0, 0.0, 0.0, 1.0],
                [-0.196337, -0.147406, 0.969393, -0.0, 0.051563, 0.985715, 0.160332, 0.35, -0.97918, 0.081464, -0.185932, 0.0, 0.0, 0.0, 0.0, 1.0],
                [0.863586, -0.133793, 0.486125, -0.0, -0.067521, 0.924778, 0.37447, 0.35, -0.499659, -0.356211, 0.789592, -0.0, 0.0, 0.0, 0.0, 1.0],
                [0.935278, -0.197406, 0.293745, -0.0, 0.067405, 0.914154, 0.399724, 0.35, -0.347436, -0.354054, 0.868294, 0.0, 0.0, 0.0, 0.0, 1.0],
                [0.959025, -0.254832, 0.123819, -0.0, 0.197211, 0.9142, 0.354042, 0.35, -0.203417, -0.315117, 0.926997, -0.0, 0.0, 0.0, 0.0, 1.0],
                [0.677365, -0.225562, -0.700213, 0.0, 0.14803, 0.974156, -0.170609, 0.35, 0.7206, 0.011912, 0.693248, -0.0, 0.0, 0.0, 0.0, 1.0],
                [0.881098, -0.093076, -0.463685, 0.0, -0.039747, 0.962401, -0.268711, 0.35, 0.471261, 0.25519, 0.844269, 0.0, 0.0, 0.0, 0.0, 1.0],
                [0.946872, -0.125162, -0.296255, 0.0, -0.004899, 0.915445, -0.402414, 0.35, 0.321572, 0.382486, 0.866196, -0.0, 0.0, 0.0, 0.0, 1.0],
                [0.993602, -0.081698, -0.077979, 0.0, 0.065457, 0.979233, -0.191881, 0.350001, 0.092036, 0.185549, 0.978315, -0.0, 0.0, 0.0, 0.0, 1.0],
                [0.99586, -0.044543, 0.07924, 0.0, 0.044063, 0.998998, 0.007806, 0.35, -0.079508, -0.004282, 0.996825, -0.0, 0.0, 0.0, 0.0, 1.0],
                [0.965926, -0.044367, 0.254987, 0.0, -0.006698, 0.980582, 0.195993, 0.35, -0.258732, -0.191023, 0.946873, 0.0, 0.0, 0.0, 0.0, 1.0]
            ]
        },
        {
            "name": "Shoulder_R",
            "time": [0.0, 0.05, 0.1, 0.2, 0.3, 0.4, 0.5, 0.6, 0.8, 0.9, 1.1],
            "transform": [
                [-0.310963, 0.914782, 0.25783, -0.0, 0.08312, -0.244064, 0.96619, 0.35, 0.946781, 0.32188, -0.000142, 0.0, 0.0, 0.0, 0.0, 1.0],
                [0.020982, 0.965942, 0.257906, -0.0, -0.025054, -0.257374, 0.965987, 0.35, 0.999466, -0.02673, 0.018801, 0.0, 0.0, 0.0, 0.0, 1.0],
                [0.020982, 0.965942, 0.257906, -0.0, -0.025054, -0.257374, 0.965987, 0.35, 0.999466, -0.02673, 0.018801, -0.0, 0.0, 0.0, 0.0, 1.0],
                [0.084681, 0.961978, 0.259668, -0.0, -0.037666, -0.257327, 0.96559, 0.35, 0.995696, -0.091548, 0.014443, 0.0, 0.0, 0.0, 0.0, 1.0],
                [0.14813, 0.953865, 0.26115, -0.0, -0.050276, -0.256458, 0.965247, 0.35, 0.987689, -0.156112, 0.009967, -0.0, 0.0, 0.0, 0.0, 1.0],
                [0.122107, 0.957627, 0.260847, 0.0, -0.044405, -0.257279, 0.965316, 0.35, 0.991523, -0.129455, 0.011108, -0.0, 0.0, 0.0, 0.0, 1.0],
                [0.095978, 0.960688, 0.260514, 0.0, -0.038512, -0.257942, 0.965393, 0.35, 0.994638, -0.102689, 0.012241, 0.0, 0.0, 0.0, 0.0, 1.0],
                [0.196157, 0.933107, 0.301386, 0.0, -0.057288, -0.295927, 0.953491, 0.35, 0.978898, -0.2043, -0.004592, -0.0, 0.0, 0.0, 0.0, 1.0],
                [0.132668, 0.947427, 0.291175, 0.0, -0.04282, -0.288019, 0.956667, 0.350001, 0.990236, -0.139387, 0.002358, -0.0, 0.0, 0.0, 0.0, 1.0],
                [0.068283, 0.95743, 0.280476, 0.0, -0.028891, -0.279117, 0.959823, 0.35, 0.997248, -0.073643, 0.008602, -0.0, 0.0, 0.0, 0.0, 1.0],
                [-0.061428, 0.964215, 0.257906, 0.0, -0.003025, -0.258573, 0.965987, 0.35, 0.998107, 0.058559, 0.018801, 0.0, 0.0, 0.0, 0.0, 1.0]
            ]
        },
        {
            "name": "Arm_R",
            "time": [0.0, 0.05, 0.1, 0.2, 0.3, 0.4, 0.5, 0.6, 0.8, 0.9, 1.1],
            "transform": [
                [0.417571, 0.286233, -0.862383, 0.0, -0.089665, 0.957436, 0.274366, 0.388213, 0.904209, -0.037242, 0.425463, 0.0, 0.0, 0.0, 0.0, 1.0],
                [0.433551, 0.240156, -0.868538, -0.0, -0.049692, 0.968738, 0.243057, 0.388213, 0.899758, -0.062218, 0.431931, -0.0, 0.0, 0.0, 0.0, 1.0],
                [0.048956, -0.406189, -0.912476, -0.0, -0.202398, 0.890584, -0.407303, 0.388213, 0.978079, 0.204624, -0.038612, 0.0, 0.0, 0.0, 0.0, 1.0],
                [0.04597, -0.474046, -0.879299, -0.0, -0.247587, 0.847359, -0.46977, 0.388213, 0.967774, 0.239298, -0.078415, 0.0, 0.0, 0.0, 0.0, 1.0],
                [0.046493, -0.539201, -0.840893, 0.0, -0.292317, 0.797609, -0.527609, 0.388213, 0.95519, 0.270338, -0.120534, 0.0, 0.0, 0.0, 0.0, 1.0],
                [0.024064, -0.447043, -0.894189, 0.0, -0.145818, 0.883312, -0.44553, 0.388213, 0.989018, 0.14111, -0.043931, -0.0, 0.0, 0.0, 0.0, 1.0],
                [0.018117, -0.341095, -0.939854, -0.0, 0.015134, 0.939994, -0.340854, 0.388213, 0.999721, -0.008049, 0.022192, -0.0, 0.0, 0.0, 0.0, 1.0],
                [0.0293, -0.074134, -0.996818, 0.0, 0.01978, 0.997094, -0.073573, 0.388213, 0.999375, -0.017562, 0.030682, 0.0, 0.0, 0.0, 0.0, 1.0],
                [0.077202, 0.031392, -0.996521, -0.0, 0.249028, 0.967217, 0.049762, 0.388213, 0.965414, -0.252004, 0.066854, 0.0, 0.0, 0.0, 0.0, 1.0],
                [0.150591, 0.125306, -0.980623, 0.0, 0.464262, 0.866785, 0.182054, 0.388213, 0.872802, -0.482681, 0.072355, -0.0, 0.0, 0.0, 0.0, 1.0],
                [0.342525, 0.238234, -0.908802, -0.0, 0.760879, 0.497097, 0.417083, 0.388213, 0.551126, -0.834349, -0.010999, -0.0, 0.0, 0.0, 0.0, 1.0]
            ]
        },
        {
            "name": "Hand_R",
            "time": [0.0, 0.05, 0.1, 0.2, 0.3, 0.4, 0.5, 0.6, 0.8, 0.9, 1.1],
            "transform": [
                [1.0, 0.0, -0.0, 0.0, -0.0, 0.777519, -0.628859, 0.329779, -0.0, 0.628859, 0.777519, -0.0, 0.0, 0.0, 0.0, 1.0],
                [1.0, 0.0, 0.0, -0.0, -0.0, 0.932763, -0.36049, 0.329779, -0.0, 0.36049, 0.932763, 0.0, 0.0, 0.0, 0.0, 1.0],
                [0.998071, 0.018707, -0.059204, -0.0, -0.023755, 0.996034, -0.085738, 0.329779, 0.057365, 0.086979, 0.994557, 0.0, 0.0, 0.0, 0.0, 1.0],
                [0.998908, 0.011632, -0.045265, 0.0, -0.020208, 0.980813, -0.193899, 0.329779, 0.042141, 0.194602, 0.979977, -0.0, 0.0, 0.0, 0.0, 1.0],
                [0.999514, 0.006096, -0.030571, -0.0, -0.014996, 0.953793, -0.30009, 0.329779, 0.02733, 0.300402, 0.953421, -0.0, 0.0, 0.0, 0.0, 1.0],
                [0.999641, -0.005637, -0.026188, -0.0, -0.00892, 0.851759, -0.523858, 0.329779, 0.025259, 0.523904, 0.851403, -0.0, 0.0, 0.0, 0.0, 1.0],
                [0.999691, -0.015931, -0.019087, 0.0, -0.002533, 0.698469, -0.715636, 0.329779, 0.024732, 0.715463, 0.698213, -0.0, 0.0, 0.0, 0.0, 1.0],
                [0.999693, -0.019743, -0.014985, 0.0, -0.000411, 0.591309, -0.806444, 0.329779, 0.024782, 0.806203, 0.591119, -0.0, 0.0, 0.0, 0.0, 1.0],
                [0.999655, -0.023273, -0.012189, -0.0, 0.008734, 0.731968, -0.681282, 0.329779, 0.024778, 0.680941, 0.731919, -0.0, 0.0, 0.0, 0.0, 1.0],
                [0.999576, -0.027322, -0.010082, -0.0, 0.017835, 0.847986, -0.529719, 0.329779, 0.023022, 0.529314, 0.848113, -0.0, 0.0, 0.0, 0.0, 1.0],
                [0.999314, -0.036095, -0.008341, 0.0, 0.033996, 0.982954, -0.180685, 0.329779, 0.01472, 0.180277, 0.983505, 0.0, 0.0, 0.0, 0.0, 1.0]
            ]
        },
        {
            "name": "Tool_R",
            "time": [0.0, 0.05, 0.1, 0.2, 0.3, 0.4, 0.5, 0.6, 0.8, 0.9, 1.1],
            "transform": [
                [1.0, -0.0, 0.0, -0.02, -0.0, -0.961533, -0.27469, 0.291425, 0.0, 0.274691, -0.961533, -0.0, 0.0, 0.0, 0.0, 1.0],
                [1.0, -0.0, 0.0, -0.02, -0.0, -0.944128, -0.329579, 0.291425, 0.0, 0.329579, -0.944128, -0.0, 0.0, 0.0, 0.0, 1.0],
                [1.0, -0.0, 0.0, -0.02, 0.0, -0.866025, -0.5, 0.291425, 0.0, 0.5, -0.866026, 0.0, 0.0, 0.0, 0.0, 1.0],
                [1.0, -0.0, 0.0, -0.02, 0.0, -0.923664, -0.383204, 0.291425, 0.0, 0.383204, -0.923664, 0.0, 0.0, 0.0, 0.0, 1.0],
                [1.0, -0.0, 0.0, -0.02, -0.0, -0.965926, -0.258819, 0.291425, 0.0, 0.258819, -0.965926, -0.0, 0.0, 0.0, 0.0, 1.0],
                [1.0, -0.0, 0.0, -0.02, -0.0, -0.991518, -0.129968, 0.291425, 0.0, 0.129968, -0.991518, 0.0, 0.0, 0.0, 0.0, 1.0],
                [1.0, 0.0, 0.0, -0.02, 0.0, -1.0, 0.0, 0.291425, 0.0, 0.0, -1.0, 0.0, 0.0, 0.0, 0.0, 1.0],
                [1.0, 0.0, 0.0, -0.02, 0.0, -0.999273, -0.038116, 0.291425, 0.0, 0.038116, -0.999274, 0.0, 0.0, 0.0, 0.0, 1.0],
                [1.0, -0.0, 0.0, -0.02, -0.0, -0.979589, -0.201011, 0.291425, 0.0, 0.201011, -0.979589, 0.0, 0.0, 0.0, 0.0, 1.0],
                [1.0, 0.0, 0.0, -0.02, -0.0, -0.932812, -0.360363, 0.291425, 0.0, 0.360363, -0.932812, -0.0, 0.0, 0.0, 0.0, 1.0],
                [1.0, -0.0, 0.0, -0.02, 0.0, -0.766044, -0.642788, 0.291425, 0.0, 0.642788, -0.766045, -0.0, 0.0, 0.0, 0.0, 1.0]
            ]
        },
        {
            "name": "Elbow_R",
            "time": [0.0, 0.05, 0.1, 0.2, 0.3, 0.4, 0.5, 0.6, 0.8, 0.9, 1.1],
            "transform": [
                [-1.0, 0.0, -1e-06, 0.0, 0.0, 0.333528, -0.94274, 0.329779, -0.0, -0.94274, -0.333527, -0.0, 0.0, 0.0, 0.0, 1.0],
                [-1.0, 0.0, -1e-06, -0.0, 1e-06, 0.183354, -0.983047, 0.329779, -0.0, -0.983047, -0.183354, 0.0, 0.0, 0.0, 0.0, 1.0],
                [-1.0, 0.0, -1e-06, -0.0, 1e-06, 0.043603, -0.999049, 0.329779, -0.0, -0.999049, -0.043603, 0.0, 0.0, 0.0, 0.0, 1.0],
                [-1.0, 0.0, -1e-06, 0.0, 1e-06, 0.097857, -0.9952, 0.329779, -0.0, -0.9952, -0.097857, -0.0, 0.0, 0.0, 0.0, 1.0],
                [-1.0, 0.0, -0.0, 0.0, 0.0, 0.152024, -0.988377, 0.329779, 0.0, -0.988377, -0.152024, -0.0, 0.0, 0.0, 0.0, 1.0],
                [-1.0, 0.0, -1e-06, 0.0, 1e-06, 0.272328, -0.962204, 0.329779, 0.0, -0.962204, -0.272328, 0.0, 0.0, 0.0, 0.0, 1.0],
                [-1.0, 0.0, -0.0, 0.0, 0.0, 0.388313, -0.921528, 0.329779, -0.0, -0.921527, -0.388313, -0.0, 0.0, 0.0, 0.0, 1.0],
                [-1.0, 0.0, -1e-06, 0.0, 0.0, 0.45205, -0.891992, 0.329779, -0.0, -0.891993, -0.45205, -0.0, 0.0, 0.0, 0.0, 1.0],
                [-1.0, 0.0, -0.0, -0.0, 0.0, 0.365962, -0.93063, 0.329779, -0.0, -0.93063, -0.365962, -0.0, 0.0, 0.0, 0.0, 1.0],
                [-0.999999, 0.0, -0.0, 0.0, 0.0, 0.275374, -0.961337, 0.329779, -0.0, -0.961337, -0.275374, -0.0, 0.0, 0.0, 0.0, 1.0],
                [-1.0, 0.0, -0.0, 0.0, 1e-06, 0.09052, -0.995895, 0.329779, -0.0, -0.995895, -0.09052, 0.0, 0.0, 0.0, 0.0, 1.0]
            ]
        },
        {
            "name": "Shoulder_L",
            "time": [0.0, 0.05, 0.1, 0.2, 0.3, 0.4, 0.5, 0.6, 0.8, 0.9, 1.1],
            "transform": [
                [-0.384767, -0.847872, -0.364784, -0.0, -0.177009, -0.320094, 0.930703, 0.35, -0.905882, 0.422673, -0.026919, 0.0, 0.0, 0.0, 0.0, 1.0],
                [-0.293198, -0.857779, -0.422196, -0.0, -0.13828, -0.398912, 0.906503, 0.35, -0.945999, 0.324166, -0.001654, 0.0, 0.0, 0.0, 0.0, 1.0],
                [-0.163882, -0.959186, 0.230444, -0.0, -0.002105, 0.233942, 0.972248, 0.35, -0.986478, 0.158849, -0.040358, -0.0, 0.0, 0.0, 0.0, 1.0],
                [0.026299, -0.990945, 0.131664, -0.0, 0.016301, 0.132117, 0.9911, 0.35, -0.999521, -0.023919, 0.019628, 0.0, 0.0, 0.0, 0.0, 1.0],
                [0.215395, -0.976319, 0.020154, -0.0, 0.054622, 0.032651, 0.997973, 0.35, -0.974998, -0.213858, 0.060361, -0.0, 0.0, 0.0, 0.0, 1.0],
                [0.179437, -0.983663, -0.014494, 0.0, 0.052858, -0.005071, 0.998589, 0.35, -0.982348, -0.17995, 0.051085, -0.0, 0.0, 0.0, 0.0, 1.0],
                [0.143335, -0.988439, -0.049441, 0.0, 0.049713, -0.042703, 0.99785, 0.35, -0.988425, -0.145485, 0.043017, 0.0, 0.0, 0.0, 0.0, 1.0],
                [0.051045, -0.993382, -0.102889, 0.0, 0.019014, -0.102038, 0.994599, 0.35, -0.998515, -0.052726, 0.01368, -0.0, 0.0, 0.0, 0.0, 1.0],
                [0.020976, -0.989639, -0.142039, 0.0, 0.016897, -0.1417, 0.989765, 0.350001, -0.999637, -0.023162, 0.01375, -0.0, 0.0, 0.0, 0.0, 1.0],
                [-0.009042, -0.983443, -0.180994, 0.0, 0.013576, -0.181106, 0.98337, 0.35, -0.999867, 0.006434, 0.014989, -0.0, 0.0, 0.0, 0.0, 1.0],
                [-0.068479, -0.963784, -0.257743, 0.0, 0.00337, -0.258572, 0.965986, 0.35, -0.997647, 0.065281, 0.020955, 0.0, 0.0, 0.0, 0.0, 1.0]
            ]
        },
        {
            "name": "Arm_L",
            "time": [0.0, 0.0167, 0.05, 0.1, 0.1333, 0.2, 0.3, 0.4, 0.5, 0.6, 0.8, 0.9, 1.1],
            "transform": [
                [0.174103, -0.852134, -0.493514, 0.0, 0.615029, 0.485495, -0.621316, 0.388212, 0.769043, -0.195353, 0.608614, -0.0, 0.0, 0.0, 0.0, 1.0],
                [-0.324454, -0.662149, -0.675491, -0.0, 0.655916, 0.35705, -0.665049, 0.388212, 0.681545, -0.658843, 0.318468, -0.0, 0.0, 0.0, 0.0, 1.0],
                [-0.877981, -0.262074, -0.400583, 0.0, 0.101205, 0.716282, -0.690432, 0.388212, 0.467875, -0.646728, -0.602359, -0.0, 0.0, 0.0, 0.0, 1.0],
                [-0.67371, 0.017708, -0.738784, -0.0, -0.276192, 0.921234, 0.273946, 0.388212, 0.685444, 0.388607, -0.615753, -0.0, 0.0, 0.0, 0.0, 1.0],
                [-0.316144, 0.205471, -0.926194, -0.0, -0.423751, 0.842885, 0.331631, 0.388212, 0.848815, 0.49732, -0.179405, 0.0, 0.0, 0.0, 0.0, 1.0],
                [-0.160993, 0.275222, -0.947804, 0.0, -0.540521, 0.77892, 0.317994, 0.388212, 0.825783, 0.563503, 0.023363, -0.0, 0.0, 0.0, 0.0, 1.0],
                [0.046545, 0.390498, -0.919426, -0.0, -0.68635, 0.681252, 0.254595, 0.388212, 0.72578, 0.619198, 0.299727, -0.0, 0.0, 0.0, 0.0, 1.0],
                [0.790564, 0.281937, -0.543617, -0.0, -0.024107, 0.901354, 0.432412, 0.388212, 0.611904, -0.328745, 0.719375, 0.0, 0.0, 0.0, 0.0, 1.0],
                [0.878105, -0.320396, 0.355356, 0.0, 0.292441, 0.947215, 0.131389, 0.388212, -0.378695, -0.011452, 0.925451, -0.0, 0.0, 0.0, 0.0, 1.0],
                [0.874869, -0.26557, 0.405065, -0.0, 0.210503, 0.96165, 0.175832, 0.388212, -0.436227, -0.068563, 0.897221, 0.0, 0.0, 0.0, 0.0, 1.0],
                [0.79216, -0.113424, 0.59968, 0.0, -0.074056, 0.957454, 0.27892, 0.388212, -0.605803, -0.26536, 0.750058, 0.0, 0.0, 0.0, 0.0, 1.0],
                [0.617772, -0.000962, 0.786357, -0.0, -0.385651, 0.871111, 0.304037, 0.388212, -0.685297, -0.491085, 0.537777, 0.0, 0.0, 0.0, 0.0, 1.0],
                [0.128836, 0.017927, 0.991504, -0.0, -0.848937, 0.518767, 0.100931, 0.388212, -0.51255, -0.854728, 0.082055, 0.0, 0.0, 0.0, 0.0, 1.0]
            ]
        },
        {
            "name": "Hand_L",
            "time": [0.0, 0.05, 0.1, 0.2, 0.3, 0.4, 0.5, 0.6, 0.8, 0.9, 1.1],
            "transform": [
                [1.0, 0.0, 0.0, 0.0, -0.0, 0.988415, -0.151776, 0.329779, -1e-06, 0.151776, 0.988415, -0.0, 0.0, 0.0, 0.0, 1.0],
                [1.0, 0.0, 1e-06, 0.0, -0.0, 1.0, 1e-06, 0.329779, -1e-06, -1e-06, 1.0, -0.0, 0.0, 0.0, 0.0, 1.0],
                [1.0, 0.0, 0.0, 0.0, -0.0, 0.999999, 1e-06, 0.329779, -0.0, -0.0, 1.0, 0.0, 0.0, 0.0, 0.0, 1.0],
                [1.0, 0.0, 0.0, 0.0, -0.0, 0.998661, -0.05174, 0.329779, -0.0, 0.05174, 0.998661, 0.0, 0.0, 0.0, 0.0, 1.0],
                [1.0, 0.0, 0.0, 0.0, -0.0, 0.994639, -0.103412, 0.329779, -1e-06, 0.103412, 0.994639, 0.0, 0.0, 0.0, 0.0, 1.0],
                [0.999983, 0.004914, 0.003179, -0.0, -0.00454, 0.994077, -0.10858, 0.329779, -0.003694, 0.108564, 0.994083, -0.0, 0.0, 0.0, 0.0, 1.0],
                [0.999931, 0.009843, 0.006332, 0.0, -0.009059, 0.993467, -0.113758, 0.329779, -0.007411, 0.113693, 0.993489, 0.0, 0.0, 0.0, 0.0, 1.0],
                [0.999907, 0.01149, 0.007377, -0.0, -0.010561, 0.993253, -0.115487, 0.329779, -0.008654, 0.115398, 0.993281, 0.0, 0.0, 0.0, 0.0, 1.0],
                [0.999759, 0.018504, 0.011785, 0.0, -0.016917, 0.992282, -0.122843, 0.329779, -0.013967, 0.122614, 0.992356, 0.0, 0.0, 0.0, 0.0, 1.0],
                [0.999543, 0.025546, 0.016138, 0.0, -0.02323, 0.991213, -0.130218, 0.329779, -0.019323, 0.129784, 0.991354, 0.0, 0.0, 0.0, 0.0, 1.0],
                [0.998906, 0.039707, 0.024679, -0.0, -0.035722, 0.988784, -0.145015, 0.329779, -0.03016, 0.143974, 0.989121, -0.0, 0.0, 0.0, 0.0, 1.0]
            ]
        },
        {
            "name": "Tool_L",
            "time": [0.0, 0.05, 0.1, 0.2, 0.3, 0.4, 0.5, 0.6, 0.8, 0.9, 1.1],
            "transform": [
                [1.0, 0.0, 0.0, 0.02, 0.0, -1.0, 0.0, 0.291426, 0.0, 0.0, -1.0, -0.0, 0.0, 0.0, 0.0, 1.0],
                [1.0, 0.0, 0.0, 0.02, -0.0, -1.0, 0.0, 0.291426, 0.0, 0.0, -1.0, -0.0, 0.0, 0.0, 0.0, 1.0],
                [1.0, -0.0, 0.0, 0.02, 0.0, -0.906308, -0.422618, 0.291426, 0.0, 0.422618, -0.906308, 0.0, 0.0, 0.0, 0.0, 1.0],
                [0.996197, -0.001906, -0.087114, 0.02, -0.041907, -0.887019, -0.459828, 0.291426, -0.076395, 0.461729, -0.883725, -0.0, 0.0, 0.0, 0.0, 1.0],
                [0.984808, -0.0, -0.173648, 0.02, -0.086824, -0.866025, -0.492404, 0.291426, -0.150383, 0.5, -0.852868, -0.0, 0.0, 0.0, 0.0, 1.0],
                [0.996133, -0.011496, -0.087108, 0.02, -0.033598, -0.965894, -0.256747, 0.291426, -0.081185, 0.258681, -0.962545, -0.0, 0.0, 0.0, 0.0, 1.0],
                [1.0, 0.0, 0.0, 0.02, -0.0, -1.0, 0.0, 0.291426, 0.0, -0.0, -1.0, 0.0, 0.0, 0.0, 0.0, 1.0],
                [1.0, -0.0, 0.0, 0.02, 0.0, -0.999953, -0.009686, 0.291426, 0.0, 0.009686, -0.999953, -0.0, 0.0, 0.0, 0.0, 1.0],
                [1.0, 0.0, 0.0, 0.02, 0.0, -0.998705, -0.050864, 0.291426, 0.0, 0.050864, -0.998706, 0.0, 0.0, 0.0, 0.0, 1.0],
                [1.0, -0.0, 0.0, 0.02, -0.0, -0.99576, -0.091987, 0.291426, 0.0, 0.091987, -0.99576, 0.0, 0.0, 0.0, 0.0, 1.0],
                [1.0, -0.0, 0.0, 0.02, 0.0, -0.984808, -0.173648, 0.291426, 0.0, 0.173648, -0.984808, -0.0, 0.0, 0.0, 0.0, 1.0]
            ]
        },
        {
            "name": "Elbow_L",
            "time": [0.0, 0.05, 0.1, 0.2, 0.3, 0.4, 0.5, 0.6, 0.8, 0.9, 1.1],
            "transform": [
                [-1.0, -0.0, -1e-06, 0.0, 0.0, 0.133112, -0.991101, 0.329779, 0.0, -0.991101, -0.133112, -0.0, 0.0, 0.0, 0.0, 1.0],
                [-1.0, -0.0, -0.0, 0.0, 0.0, 0.07516, -0.997171, 0.329779, 0.0, -0.997171, -0.07516, -0.0, 0.0, 0.0, 0.0, 1.0],
                [-1.0, -0.0, -0.0, 0.0, 1e-06, 0.07516, -0.997171, 0.329779, 0.0, -0.997171, -0.07516, 0.0, 0.0, 0.0, 0.0, 1.0],
                [-1.0, -0.0, -1e-06, 0.0, 0.0, 0.100941, -0.994893, 0.329779, 0.0, -0.994892, -0.100941, 0.0, 0.0, 0.0, 0.0, 1.0],
                [-1.0, -0.0, -0.0, 0.0, 0.0, 0.126688, -0.991942, 0.329779, 0.0, -0.991942, -0.126688, -0.0, 0.0, 0.0, 0.0, 1.0],
                [-0.999998, -5e-06, 1e-05, -0.0, 3e-06, 0.119898, -0.992757, 0.329779, 1.2e-05, -0.992756, -0.119899, -0.0, 0.0, 0.0, 0.0, 1.0],
                [-1.0, -0.0, -0.0, 0.0, 0.0, 0.113159, -0.993577, 0.329779, 0.0, -0.993577, -0.113159, -0.0, 0.0, 0.0, 0.0, 1.0],
                [-0.999997, 3e-06, -4e-06, -0.0, -4e-06, 0.110893, -0.993827, 0.329779, -2e-06, -0.993824, -0.110892, 0.0, 0.0, 0.0, 0.0, 1.0],
                [-1.0, -0.0, -0.0, 0.0, 0.0, 0.101262, -0.99486, 0.329779, 0.0, -0.99486, -0.101262, 0.0, 0.0, 0.0, 0.0, 1.0],
                [-1.0, -0.0, -1e-06, -0.0, 0.0, 0.091599, -0.995796, 0.329779, 0.0, -0.995795, -0.091599, -0.0, 0.0, 0.0, 0.0, 1.0],
                [-1.0, -0.0, -0.0, 0.0, 0.0, 0.072208, -0.997389, 0.329779, 0.0, -0.997389, -0.072208, -0.0, 0.0, 0.0, 0.0, 1.0]
            ]
        }
    ]
}