{
    "animation": [
        {
            "name": "Root",
            "time": [0.0, 0.3, 0.4, 0.6667, 1.0667, 1.15, 1.2833, 1.35, 1.4, 1.4833, 1.6, 2.15],
            "transform": [
                [0.548187, 0.0, -0.836356, -5e-06, -0.836356, 0.0, -0.548187, 0.000946, 0.0, 1.0, 0.0, 0.48948, 0.0, 0.0, 0.0, 1.0],
                [0.548187, 0.0, -0.836356, -5e-06, -0.836356, 0.0, -0.548187, 0.076236, 0.0, 1.0, 0.0, 0.315432, 0.0, 0.0, 0.0, 1.0],
                [0.548187, 0.0, -0.836356, -5e-06, -0.836356, 0.0, -0.548187, 0.076236, 0.0, 1.0, 0.0, 0.315432, 0.0, 0.0, 0.0, 1.0],
                [0.548187, 0.0, -0.836356, -5e-06, -0.836356, 0.0, -0.548187, 6.05885, 0.0, 1.0, 0.0, 14.920561, 0.0, 0.0, 0.0, 1.0],
                [0.548187, 0.0, -0.836356, -5e-06, -0.836356, 0.0, -0.548187, 6.639614, 0.0, 1.0, 0.0, 15.723858, 0.0, 0.0, 0.0, 1.0],
                [0.548187, 0.0, -0.836356, -5e-06, -0.836356, 0.0, -0.548187, 6.639614, 0.0, 1.0, 0.0, 15.723858, 0.0, 0.0, 0.0, 1.0],
                [0.931295, 0.0, 0.364267, -5e-06, 0.364267, 0.0, -0.931295, 8.801896, 0.0, 1.0, 0.0, 7.267225, 0.0, 0.0, 0.0, 1.0],
                [0.863104, 0.0, 0.505027, -5e-06, 0.505027, 0.0, -0.863104, 10.116991, 0.0, 1.0, 0.0, 1.976431, 0.0, 0.0, 0.0, 1.0],
                [0.859626, 0.0, 0.510924, -5e-06, 0.510924, 0.0, -0.859626, 10.571566, 0.0, 1.0, 0.0, 0.346092, 0.0, 0.0, 0.0, 1.0],
                [0.859626, 0.0, 0.510924, -5e-06, 0.510924, 0.0, -0.859626, 10.636292, 0.0, 1.0, 0.0, 0.302067, 0.0, 0.0, 0.0, 1.0],
                [0.822287, 0.013769, 0.568907, -5e-06, 0.566768, 0.070083, -0.820891, 10.636292, -0.051173, 0.997446, 0.049824, 0.302067, 0.0, 0.0, 0.0, 1.0],
                [1.0, 0.0, 0.0, -5e-06, 0.0, 0.0, -1.0, 11.075066, 0.0, 1.0, 0.0, 0.729973, 0.0, 0.0, 0.0, 1.0]
            ]
        },
        {
            "name": "Thigh_R",
            "time": [0.0, 0.3, 0.4, 0.4333, 0.4667, 0.6667, 1.0667, 1.15, 1.2833, 1.35, 1.3833, 1.4, 1.4833, 1.6, 2.15],
            "transform": [
                [0.890294, 0.227219, -0.394648, 0.124994, 0.455335, -0.457023, 0.764067, -0.002831, -0.006753, -0.859942, -0.510347, -1.2e-05, 0.0, 0.0, 0.0, 1.0],
                [0.776208, 0.185319, -0.602626, 0.124994, 0.627491, -0.319983, 0.709834, -0.002831, -0.061284, -0.929122, -0.36466, -1.2e-05, 0.0, 0.0, 0.0, 1.0],
                [0.776208, 0.185319, -0.602626, 0.124994, 0.627491, -0.319983, 0.709834, -0.002831, -0.061284, -0.929122, -0.36466, -1.2e-05, 0.0, 0.0, 0.0, 1.0],
                [0.983452, 0.179672, -0.023227, 0.124994, 0.173693, -0.971543, -0.161039, -0.002831, -0.0515, 0.15434, -0.986675, -1.2e-05, 0.0, 0.0, 0.0, 1.0],
                [0.904185, 0.368339, -0.216278, 0.124994, 0.403942, -0.901962, 0.152628, -0.002831, -0.138856, -0.225367, -0.964328, -1.2e-05, 0.0, 0.0, 0.0, 1.0],
                [0.975846, 0.19287, -0.102596, 0.124994, 0.212197, -0.948485, 0.235262, -0.002829, -0.051936, -0.25135, -0.966502, -1.2e-05, 0.0, 0.0, 0.0, 1.0],
                [0.877173, 0.330045, -0.348767, 0.124994, 0.47154, -0.729201, 0.495898, -0.002831, -0.090653, -0.599445, -0.795266, -1.2e-05, 0.0, 0.0, 0.0, 1.0],
                [0.877173, 0.330045, -0.348767, 0.124994, 0.47154, -0.729201, 0.495898, -0.002831, -0.090653, -0.599445, -0.795266, -1.2e-05, 0.0, 0.0, 0.0, 1.0],
                [0.97767, 0.210019, -0.007306, 0.124994, 0.167623, -0.800338, -0.575638, -0.00283, -0.126743, 0.56156, -0.817672, -1.2e-05, 0.0, 0.0, 0.0, 1.0],
                [0.988554, -0.06884, 0.134246, 0.124994, -0.037999, -0.974753, -0.220026, -0.002831, 0.146003, 0.212406, -0.966213, -1.3e-05, 0.0, 0.0, 0.0, 1.0],
                [0.974237, 0.211735, 0.077653, 0.124994, 0.127917, -0.802367, 0.582961, -0.002831, 0.185739, -0.558009, -0.808781, -1.2e-05, 0.0, 0.0, 0.0, 1.0],
                [0.724057, 0.297088, -0.622479, 0.124993, 0.684302, -0.422515, 0.594316, -0.002831, -0.086443, -0.856282, -0.509223, -1.2e-05, 0.0, 0.0, 0.0, 1.0],
                [0.67184, 0.28239, -0.684754, 0.124995, 0.734756, -0.370934, 0.567927, -0.002831, -0.093622, -0.884683, -0.456696, -1.4e-05, 0.0, 0.0, 0.0, 1.0],
                [0.618139, 0.313541, -0.72083, 0.124995, 0.776913, -0.383233, 0.499537, -0.002831, -0.119621, -0.868806, -0.480486, -1e-05, 0.0, 0.0, 0.0, 1.0],
                [0.980531, 0.189204, -0.052538, 0.124994, 0.189299, -0.981914, -0.003195, -0.002831, -0.052192, -0.006812, -0.998614, -1.1e-05, 0.0, 0.0, 0.0, 1.0]
            ]
        },
        {
            "name": "Leg_R",
            "time": [0.0, 0.3, 0.4, 0.4333, 0.4667, 0.6667, 1.0667, 1.15, 1.2833, 1.35, 1.3833, 1.4, 1.4833, 1.6, 2.15],
            "transform": [
                [1.0, 0.000218, 0.000146, 0.0, -0.000169, 0.11268, 0.993631, 0.37472, 0.0002, -0.993631, 0.11268, 0.0, 0.0, 0.0, 0.0, 1.0],
                [1.0, 0.000255, 0.000291, 0.0, -0.000142, -0.459091, 0.888389, 0.37472, 0.00036, -0.888389, -0.459092, 0.0, 0.0, 0.0, 0.0, 1.0],
                [1.0, 0.000255, 0.000291, 0.0, -0.000142, -0.459091, 0.888389, 0.37472, 0.00036, -0.888389, -0.459092, 0.0, 0.0, 0.0, 0.0, 1.0],
                [1.0, 5.3e-05, -4.9e-05, -0.0, -5.3e-05, 0.999987, 0.005078, 0.37472, 5e-05, -0.005078, 0.999987, -0.0, 0.0, 0.0, 0.0, 1.0],
                [1.0, 0.000228, 6.9e-05, -0.0, -0.000158, 0.421574, 0.906794, 0.37472, 0.000178, -0.906794, 0.421574, -0.0, 0.0, 0.0, 0.0, 1.0],
                [1.0, 0.000118, 1e-05, -0.0, -8.8e-05, 0.684273, 0.729226, 0.374721, 7.9e-05, -0.729226, 0.684273, -0.0, 0.0, 0.0, 0.0, 1.0],
                [1.0, 0.000236, 0.000136, 1e-06, -0.00018, 0.198528, 0.980095, 0.374718, 0.000204, -0.980095, 0.198528, 1e-06, 0.0, 0.0, 0.0, 1.0],
                [1.0, 0.000236, 0.000136, 1e-06, -0.00018, 0.198528, 0.980095, 0.374718, 0.000204, -0.980095, 0.198528, 1e-06, 0.0, 0.0, 0.0, 1.0],
                [1.0, 0.000118, -2e-05, 0.0, -7.4e-05, 0.741209, 0.671274, 0.374722, 9.4e-05, -0.671274, 0.741209, 1e-06, 0.0, 0.0, 0.0, 1.0],
                [1.0, 3.8e-05, 1.1e-05, -0.0, -2.4e-05, 0.379088, 0.925361, 0.37472, 3.1e-05, -0.925361, 0.379088, 2e-06, 0.0, 0.0, 0.0, 1.0],
                [1.0, 0.000114, 8.9e-05, -1e-06, -0.0001, 0.09919, 0.995068, 0.374721, 0.000105, -0.995068, 0.09919, -2e-06, 0.0, 0.0, 0.0, 1.0],
                [1.0, 0.00031, 0.000293, 1e-06, -0.000201, -0.261833, 0.965113, 0.37472, 0.000376, -0.965113, -0.261833, -0.0, 0.0, 0.0, 0.0, 1.0],
                [1.0, 0.000341, 0.000328, -0.0, -0.000184, -0.35857, 0.933503, 0.37472, 0.000436, -0.933502, -0.358571, 0.0, 0.0, 0.0, 0.0, 1.0],
                [1.0, 0.000381, 0.000348, -1e-06, -0.00018, -0.373092, 0.927794, 0.374719, 0.000483, -0.927794, -0.373092, 1e-06, 0.0, 0.0, 0.0, 1.0],
                [1.0, 0.0001, -3.2e-05, -0.0, -8.4e-05, 0.94557, 0.325419, 0.37472, 6.3e-05, -0.325419, 0.94557, 1e-06, 0.0, 0.0, 0.0, 1.0]
            ]
        },
        {
            "name": "Knee_R",
            "time": [0.0, 0.3, 0.4, 0.6667, 1.0667, 1.15, 1.2833, 1.35, 1.4, 1.4833, 1.6, 2.15],
            "transform": [
                [1.0, 0.0, -0.0, 0.0, -0.0, 0.0, -1.0, 0.37472, -0.0, 1.0, 0.0, 0.0, 0.0, 0.0, 0.0, 1.0],
                [1.0, 0.0, -0.0, -0.0, -0.0, 0.0, -1.0, 0.37472, -0.0, 1.0, 0.0, -0.0, 0.0, 0.0, 0.0, 1.0],
                [1.0, 0.0, -0.0, -0.0, -0.0, 0.0, -1.0, 0.37472, -0.0, 1.0, 0.0, -0.0, 0.0, 0.0, 0.0, 1.0],
                [1.0, 0.0, -0.0, -0.0, -0.0, 0.0, -1.0, 0.374721, -0.0, 1.0, 0.0, -0.0, 0.0, 0.0, 0.0, 1.0],
                [1.0, 0.0, -1e-06, -0.0, -0.0, 0.0, -1.0, 0.374718, -0.0, 1.0, 0.0, 1e-06, 0.0, 0.0, 0.0, 1.0],
                [1.0, 0.0, -1e-06, -0.0, -0.0, 0.0, -1.0, 0.374718, -0.0, 1.0, 0.0, 1e-06, 0.0, 0.0, 0.0, 1.0],
                [1.0, 0.0, -0.0, -0.0, -0.0, 0.0, -1.0, 0.374721, -0.0, 1.0, 0.0, -0.0, 0.0, 0.0, 0.0, 1.0],
                [1.0, 0.0, -0.0, -0.0, -0.0, 0.0, -1.0, 0.37472, -0.0, 1.0, 0.0, 2e-06, 0.0, 0.0, 0.0, 1.0],
                [1.0, 0.0, -1e-06, 1e-06, -0.0, 0.0, -1.0, 0.37472, -0.0, 1.0, 0.0, -0.0, 0.0, 0.0, 0.0, 1.0],
                [1.0, 0.0, -0.0, -0.0, -0.0, 0.0, -1.0, 0.37472, -0.0, 1.0, 0.0, 0.0, 0.0, 0.0, 0.0, 1.0],
                [1.0, 0.0, -1e-06, -0.0, -1e-06, 0.0, -1.0, 0.37472, -0.0, 1.0, 0.0, -0.0, 0.0, 0.0, 0.0, 1.0],
                [1.0, 0.0, -0.0, -0.0, -0.0, 0.0, -1.0, 0.37472, -0.0, 1.0, 0.0, 1e-06, 0.0, 0.0, 0.0, 1.0]
            ]
        },
        {
            "name": "Thigh_L",
            "time": [0.0, 0.3, 0.4, 0.4333, 0.4667, 0.6667, 1.0667, 1.15, 1.2833, 1.35, 1.3833, 1.4, 1.4833, 1.6, 2.15],
            "transform": [
                [0.697348, -0.716727, 0.002771, -0.125006, -0.501397, -0.485071, 0.716454, -0.002831, -0.512158, -0.501007, -0.697629, -1.2e-05, 0.0, 0.0, 0.0, 1.0],
                [0.66536, -0.71113, 0.227134, -0.125006, -0.550151, -0.261431, 0.793087, -0.002831, -0.504608, -0.652646, -0.565175, -1.2e-05, 0.0, 0.0, 0.0, 1.0],
                [0.66536, -0.71113, 0.227134, -0.125006, -0.550151, -0.261431, 0.793087, -0.002831, -0.504608, -0.652646, -0.565175, -1.2e-05, 0.0, 0.0, 0.0, 1.0],
                [0.748003, -0.035275, -0.662757, -0.125006, -0.029046, -0.999369, 0.020409, -0.002831, -0.663059, 0.003985, -0.748557, -1.2e-05, 0.0, 0.0, 0.0, 1.0],
                [0.727738, -0.006237, -0.685827, -0.125006, 0.003905, -0.999904, 0.013236, -0.002831, -0.685845, -0.01231, -0.727644, -1.2e-05, 0.0, 0.0, 0.0, 1.0],
                [0.727735, -0.046258, -0.684297, -0.125006, 0.026735, -0.995051, 0.095696, -0.002829, -0.685338, -0.087936, -0.722897, -1.1e-05, 0.0, 0.0, 0.0, 1.0],
                [0.774878, -0.052464, -0.629929, -0.125006, -0.237543, -0.947674, -0.213276, -0.002831, -0.585778, 0.314898, -0.746795, -1.2e-05, 0.0, 0.0, 0.0, 1.0],
                [0.774878, -0.052464, -0.629929, -0.125006, -0.237543, -0.947674, -0.213276, -0.002831, -0.585778, 0.314898, -0.746795, -1.2e-05, 0.0, 0.0, 0.0, 1.0],
                [0.948009, -0.236473, -0.212974, -0.125006, -0.291772, -0.913049, -0.284971, -0.00283, -0.127068, 0.332296, -0.934577, -1.1e-05, 0.0, 0.0, 0.0, 1.0],
                [0.989692, -0.133291, -0.052374, -0.125006, -0.088479, -0.856664, 0.508229, -0.002831, -0.11261, -0.498356, -0.859628, -1.1e-05, 0.0, 0.0, 0.0, 1.0],
                [0.944982, -0.262406, 0.195323, -0.125006, -0.325549, -0.695928, 0.640078, -0.002831, -0.03203, -0.66845, -0.743067, -1.3e-05, 0.0, 0.0, 0.0, 1.0],
                [0.523096, -0.815012, 0.249253, -0.125006, -0.736664, -0.285298, 0.613132, -0.002831, -0.428599, -0.504342, -0.749628, -1.2e-05, 0.0, 0.0, 0.0, 1.0],
                [0.479014, -0.811586, 0.334474, -0.125006, -0.780469, -0.219374, 0.585442, -0.002831, -0.401762, -0.541482, -0.738502, -1.4e-05, 0.0, 0.0, 0.0, 1.0],
                [0.532645, -0.780285, 0.327788, -0.125005, -0.704423, -0.19405, 0.682738, -0.002831, -0.469123, -0.594558, -0.653011, -1e-05, 0.0, 0.0, 0.0, 1.0],
                [0.985809, -0.155692, 0.06277, -0.125006, -0.164031, -0.972894, 0.163003, -0.002831, 0.035691, -0.170986, -0.984627, -1.1e-05, 0.0, 0.0, 0.0, 1.0]
            ]
        },
        {
            "name": "Leg_L",
            "time": [0.0, 0.3, 0.4, 0.4333, 0.4667, 0.6667, 1.0667, 1.15, 1.2833, 1.35, 1.3833, 1.4, 1.4833, 1.6, 2.15],
            "transform": [
                [1.0, -0.000223, -0.00013, -0.0, 0.000163, 0.154223, 0.988036, 0.37472, -0.0002, -0.988036, 0.154223, -0.0, 0.0, 0.0, 0.0, 1.0],
                [1.0, -0.000141, -0.000186, 0.0, 8.6e-05, -0.519259, 0.854617, 0.37472, -0.000217, -0.854617, -0.519259, -0.0, 0.0, 0.0, 0.0, 1.0],
                [1.0, -0.000141, -0.000186, 0.0, 8.6e-05, -0.519259, 0.854617, 0.37472, -0.000217, -0.854617, -0.519259, -0.0, 0.0, 0.0, 0.0, 1.0],
                [1.0, 7.9e-05, 1e-05, 0.0, -5.6e-05, 0.61099, 0.791638, 0.37472, 5.6e-05, -0.791639, 0.61099, 0.0, 0.0, 0.0, 0.0, 1.0],
                [1.0, 9.6e-05, 3.9e-05, 0.0, -6.4e-05, 0.266416, 0.963859, 0.37472, 8.2e-05, -0.963859, 0.266415, -0.0, 0.0, 0.0, 0.0, 1.0],
                [1.0, 0.000105, 4.4e-05, 0.0, -7.4e-05, 0.297624, 0.954683, 0.37472, 8.7e-05, -0.954684, 0.297624, 0.0, 0.0, 0.0, 0.0, 1.0],
                [1.0, -3.8e-05, 1.3e-05, -0.0, 3.2e-05, 0.946222, 0.323518, 0.374723, -2.4e-05, -0.323519, 0.946222, 0.0, 0.0, 0.0, 0.0, 1.0],
                [1.0, -3.8e-05, 1.3e-05, -0.0, 3.2e-05, 0.946222, 0.323518, 0.374723, -2.4e-05, -0.323519, 0.946222, 0.0, 0.0, 0.0, 0.0, 1.0],
                [1.0, -0.000243, 1e-05, -1e-06, 0.000164, 0.703487, 0.710708, 0.37472, -0.00018, -0.710709, 0.703487, -0.0, 0.0, 0.0, 0.0, 1.0],
                [1.0, 0.000121, 6.7e-05, 1e-06, -9.8e-05, 0.272833, 0.962062, 0.37472, 9.8e-05, -0.962062, 0.272833, -0.0, 0.0, 0.0, 0.0, 1.0],
                [1.0, 7.6e-05, 5.2e-05, 1e-06, -6.6e-05, 0.199399, 0.979918, 0.37472, 6.4e-05, -0.979918, 0.199399, 0.0, 0.0, 0.0, 0.0, 1.0],
                [1.0, -0.000294, -0.000223, 2e-06, 0.000209, -0.043762, 0.999042, 0.37472, -0.000303, -0.999042, -0.043763, 0.0, 0.0, 0.0, 0.0, 1.0],
                [1.0, -0.000317, -0.00026, 1e-06, 0.000213, -0.141268, 0.989971, 0.37472, -0.00035, -0.989971, -0.141268, -1e-06, 0.0, 0.0, 0.0, 1.0],
                [1.0, -0.000262, -0.000226, 1e-06, 0.000189, -0.132962, 0.991121, 0.37472, -0.00029, -0.991121, -0.132962, 1e-06, 0.0, 0.0, 0.0, 1.0],
                [1.0, -8.8e-05, 1.9e-05, -0.0, 6.9e-05, 0.884296, 0.466927, 0.37472, -5.7e-05, -0.466928, 0.884296, -1e-06, 0.0, 0.0, 0.0, 1.0]
            ]
        },
        {
            "name": "Knee_L",
            "time": [0.0, 0.3, 0.4, 0.6667, 1.0667, 1.15, 1.2833, 1.35, 1.4, 1.4833, 1.6, 2.15],
            "transform": [
                [1.0, 0.0, -0.0, -0.0, -0.0, 0.0, -1.0, 0.37472, -0.0, 1.0, 0.0, -0.0, 0.0, 0.0, 0.0, 1.0],
                [1.0, 0.0, -1e-06, 0.0, -0.0, 0.0, -1.0, 0.37472, -0.0, 1.0, 0.0, -0.0, 0.0, 0.0, 0.0, 1.0],
                [1.0, 0.0, -1e-06, 0.0, -0.0, 0.0, -1.0, 0.37472, -0.0, 1.0, 0.0, -0.0, 0.0, 0.0, 0.0, 1.0],
                [1.0, 0.0, -0.0, 0.0, -0.0, 0.0, -1.0, 0.37472, -0.0, 1.0, 0.0, 1e-06, 0.0, 0.0, 0.0, 1.0],
                [1.0, 0.0, -1e-06, -0.0, -1e-06, 0.0, -1.0, 0.374722, -0.0, 1.0, 0.0, -1e-06, 0.0, 0.0, 0.0, 1.0],
                [1.0, 0.0, -1e-06, -0.0, -1e-06, 0.0, -1.0, 0.374722, -0.0, 1.0, 0.0, -1e-06, 0.0, 0.0, 0.0, 1.0],
                [1.0, 0.0, -0.0, -0.0, -0.0, 0.0, -1.0, 0.37472, -0.0, 1.0, 0.0, -1e-06, 0.0, 0.0, 0.0, 1.0],
                [1.0, 0.0, -0.0, 0.0, -0.0, 0.0, -1.0, 0.37472, -0.0, 1.0, 0.0, -1e-06, 0.0, 0.0, 0.0, 1.0],
                [1.0, 0.0, -0.0, -0.0, -0.0, 0.0, -1.0, 0.37472, -0.0, 1.0, 0.0, -1e-06, 0.0, 0.0, 0.0, 1.0],
                [1.0, 0.0, -0.0, 0.0, -0.0, 0.0, -1.0, 0.37472, -0.0, 1.0, 0.0, -0.0, 0.0, 0.0, 0.0, 1.0],
                [1.0, 0.0, -0.0, -0.0, -0.0, 0.0, -1.0, 0.37472, -0.0, 1.0, 0.0, 0.0, 0.0, 0.0, 0.0, 1.0],
                [1.0, 0.0, -0.0, -0.0, -0.0, 0.0, -1.0, 0.37472, -0.0, 1.0, 0.0, -1e-06, 0.0, 0.0, 0.0, 1.0]
            ]
        },
        {
            "name": "Torso",
            "time": [0.0, 0.3, 0.4, 0.6667, 1.0667, 1.15, 1.2833, 1.35, 1.4, 1.4833, 1.6, 2.15],
            "transform": [
                [0.997015, -0.077171, -0.00245, -0.0, 0.077171, 0.995004, 0.063335, 0.05, -0.00245, -0.063335, 0.997989, -0.0, 0.0, 0.0, 0.0, 1.0],
                [0.997015, -0.077171, -0.00245, 0.0, 0.077171, 0.995004, 0.063335, 0.05, -0.00245, -0.063335, 0.997989, -0.0, 0.0, 0.0, 0.0, 1.0],
                [0.997015, -0.077171, -0.00245, 0.0, 0.077171, 0.995004, 0.063335, 0.05, -0.00245, -0.063335, 0.997989, -0.0, 0.0, 0.0, 0.0, 1.0],
                [0.997015, -0.077171, -0.00245, -0.0, 0.077171, 0.995004, 0.063335, 0.050001, -0.00245, -0.063335, 0.997989, 0.0, 0.0, 0.0, 0.0, 1.0],
                [0.997015, -0.077171, -0.00245, -0.0, 0.077171, 0.995004, 0.063335, 0.05, -0.00245, -0.063335, 0.997989, 0.0, 0.0, 0.0, 0.0, 1.0],
                [0.997015, -0.077171, -0.00245, -0.0, 0.077171, 0.995004, 0.063335, 0.05, -0.00245, -0.063335, 0.997989, 0.0, 0.0, 0.0, 0.0, 1.0],
                [0.997015, -0.074147, -0.021534, 0.0, 0.077172, 0.94812, 0.308404, 0.050001, -0.00245, -0.309145, 0.951012, 0.0, 0.0, 0.0, 0.0, 1.0],
                [0.999014, 0.029765, -0.032935, -0.0, -0.011588, 0.891041, 0.453776, 0.05, 0.042853, -0.452947, 0.890507, -0.0, 0.0, 0.0, 0.0, 1.0],
                [0.997015, -0.068204, -0.036189, -0.0, 0.077172, 0.865398, 0.495107, 0.05, -0.00245, -0.496422, 0.868078, -0.0, 0.0, 0.0, 0.0, 1.0],
                [0.997015, -0.068204, -0.036189, -0.0, 0.077172, 0.865398, 0.495107, 0.05, -0.00245, -0.496422, 0.868078, -0.0, 0.0, 0.0, 0.0, 1.0],
                [0.997015, -0.068204, -0.036189, 0.0, 0.077172, 0.865397, 0.495107, 0.05, -0.00245, -0.496422, 0.868078, 1e-06, 0.0, 0.0, 0.0, 1.0],
                [1.0, 0.0, 0.0, 0.0, 0.0, 1.0, 0.0, 0.05, 0.0, 0.0, 1.0, 0.0, 0.0, 0.0, 0.0, 1.0]
            ]
        },
        {
            "name": "Chest",
            "time": [0.0, 0.3, 0.4, 0.6667, 1.0667, 1.15, 1.2833, 1.35, 1.4, 1.4833, 1.6, 2.15],
            "transform": [
                [0.964565, -0.15283, 0.215076, -0.0, 0.116205, 0.977911, 0.173739, 0.3, -0.236878, -0.142589, 0.961019, -0.0, 0.0, 0.0, 0.0, 1.0],
                [0.964565, -0.15283, 0.215076, -0.0, 0.116205, 0.977911, 0.173739, 0.3, -0.236878, -0.142589, 0.961019, -0.0, 0.0, 0.0, 0.0, 1.0],
                [0.964565, -0.15283, 0.215076, -0.0, 0.116205, 0.977911, 0.173739, 0.3, -0.236878, -0.142589, 0.961019, -0.0, 0.0, 0.0, 0.0, 1.0],
                [0.978131, -0.124063, 0.166938, -0.0, 0.082933, 0.968697, 0.233985, 0.299999, -0.190741, -0.215023, 0.957801, -0.0, 0.0, 0.0, 0.0, 1.0],
                [0.978131, -0.077304, 0.193091, -0.0, 0.082933, 0.996329, -0.021228, 0.299999, -0.190741, 0.036778, 0.980951, 0.0, 0.0, 0.0, 0.0, 1.0],
                [0.928631, -0.077304, 0.362862, -0.0, 0.085379, 0.996329, -0.006243, 0.299999, -0.361048, 0.036778, 0.931822, 0.0, 0.0, 0.0, 0.0, 1.0],
                [0.902976, 0.117296, 0.413371, 0.0, -0.202831, 0.96445, 0.1694, 0.3, -0.378806, -0.236808, 0.894666, 0.0, 0.0, 0.0, 0.0, 1.0],
                [0.944519, 0.300517, -0.132569, 0.0, -0.254091, 0.924273, 0.28488, 0.3, 0.208141, -0.23539, 0.949352, -0.0, 0.0, 0.0, 0.0, 1.0],
                [0.875292, -0.014254, 0.483384, 0.0, -0.249631, 0.842779, 0.476874, 0.299999, -0.414183, -0.538071, 0.734119, 0.0, 0.0, 0.0, 0.0, 1.0],
                [0.862903, -0.005547, 0.505339, 0.0, -0.286446, 0.818434, 0.498111, 0.299999, -0.41635, -0.574574, 0.70464, -0.0, 0.0, 0.0, 0.0, 1.0],
                [0.862903, -0.005547, 0.505339, 0.0, -0.286446, 0.818434, 0.498111, 0.3, -0.41635, -0.574574, 0.70464, -1e-06, 0.0, 0.0, 0.0, 1.0],
                [1.0, 0.0, 0.0, 0.0, 0.0, 1.0, 0.0, 0.3, 0.0, 0.0, 1.0, 0.0, 0.0, 0.0, 0.0, 1.0]
            ]
        },
        {
            "name": "Head",
            "time": [0.0, 0.3, 0.4, 0.6667, 1.0667, 1.15, 1.2833, 1.35, 1.4, 1.4833, 1.6, 2.15],
            "transform": [
                [0.81192, 0.151605, 0.56374, -0.0, 0.005505, 0.963658, -0.267082, 0.4, -0.583743, 0.219953, 0.781578, 0.0, 0.0, 0.0, 0.0, 1.0],
                [0.81192, 0.151605, 0.56374, 0.0, 0.005505, 0.963658, -0.267082, 0.4, -0.583743, 0.219953, 0.781578, 0.0, 0.0, 0.0, 0.0, 1.0],
                [0.81192, 0.151605, 0.56374, 0.0, 0.005505, 0.963658, -0.267082, 0.4, -0.583743, 0.219953, 0.781578, 0.0, 0.0, 0.0, 0.0, 1.0],
                [0.892998, 0.0, 0.450061, -0.0, -0.0, 1.0, -0.0, 0.400001, -0.450061, 0.0, 0.892998, -1e-06, 0.0, 0.0, 0.0, 1.0],
                [0.776589, 0.0, 0.630007, -0.0, -0.0, 1.0, -0.0, 0.400002, -0.630007, 0.0, 0.77659, 0.0, 0.0, 0.0, 0.0, 1.0],
                [0.842376, 0.0, 0.53889, -0.0, -0.0, 1.0, -0.0, 0.399998, -0.53889, 0.0, 0.842376, 1e-06, 0.0, 0.0, 0.0, 1.0],
                [0.71703, -1e-06, -0.697042, -0.0, 0.0, 1.0, -1e-06, 0.4, 0.697042, 0.0, 0.71703, 1e-06, 0.0, 0.0, 0.0, 1.0],
                [0.965621, -0.038097, -0.257149, -0.0, -0.025211, 0.970816, -0.238499, 0.4, 0.25873, 0.236782, 0.936479, 0.0, 0.0, 0.0, 0.0, 1.0],
                [0.722144, -0.033475, -0.690932, -0.0, -0.301845, 0.883472, -0.358284, 0.399999, 0.622412, 0.467286, 0.62789, 0.0, 0.0, 0.0, 0.0, 1.0],
                [0.722144, -0.033475, -0.690932, 0.0, -0.301845, 0.883472, -0.358284, 0.399999, 0.622413, 0.467286, 0.62789, 0.0, 0.0, 0.0, 0.0, 1.0],
                [0.722144, -0.033475, -0.690932, 1e-06, -0.301845, 0.883472, -0.358284, 0.400001, 0.622412, 0.467286, 0.62789, 0.0, 0.0, 0.0, 0.0, 1.0],
                [1.0, 0.0, 0.0, 0.0, 0.0, 1.0, 0.0, 0.4, 0.0, 0.0, 1.0, 0.0, 0.0, 0.0, 0.0, 1.0]
            ]
        },
        {
            "name": "Shoulder_R",
            "time": [0.0, 0.3, 0.4, 0.4667, 0.6667, 1.0667, 1.15, 1.2833, 1.35, 1.4, 1.4833, 1.6, 2.15],
            "transform": [
                [-0.090746, 0.966225, 0.241193, -0.0, 0.02914, -0.239512, 0.970456, 0.4, 0.995448, 0.095094, -0.006421, 0.0, 0.0, 0.0, 0.0, 1.0],
                [-0.090746, 0.966225, 0.241193, 0.0, 0.02914, -0.239512, 0.970456, 0.4, 0.995448, 0.095094, -0.006421, 0.0, 0.0, 0.0, 0.0, 1.0],
                [-0.090746, 0.966225, 0.241193, 0.0, 0.02914, -0.239512, 0.970456, 0.4, 0.995448, 0.095094, -0.006421, 0.0, 0.0, 0.0, 0.0, 1.0],
                [0.0, 0.952114, 0.305743, 0.0, -0.0, -0.305743, 0.952114, 0.4, 1.0, 0.0, -0.0, 0.0, 0.0, 0.0, 0.0, 1.0],
                [-0.090746, 0.966225, 0.241193, -0.0, 0.029141, -0.239512, 0.970456, 0.400001, 0.995447, 0.095094, -0.006421, -1e-06, 0.0, 0.0, 0.0, 1.0],
                [-0.090746, 0.966225, 0.241193, -0.0, 0.02914, -0.239512, 0.970456, 0.400002, 0.995448, 0.095094, -0.006421, 0.0, 0.0, 0.0, 0.0, 1.0],
                [-0.090746, 0.966225, 0.241193, -0.0, 0.02914, -0.239512, 0.970456, 0.399998, 0.995448, 0.095094, -0.006421, 1e-06, 0.0, 0.0, 0.0, 1.0],
                [-0.003722, 0.97047, 0.241193, -0.0, 0.007542, -0.24116, 0.970456, 0.4, 0.999965, 0.005431, -0.006422, 1e-06, 0.0, 0.0, 0.0, 1.0],
                [0.35548, 0.903028, 0.241192, -0.0, -0.082188, -0.226848, 0.970456, 0.4, 0.931063, -0.364801, -0.006421, 0.0, 0.0, 0.0, 0.0, 1.0],
                [0.067547, 0.968123, 0.241192, -0.0, -0.010186, -0.241063, 0.970456, 0.399999, 0.997664, -0.068009, -0.006422, 0.0, 0.0, 0.0, 0.0, 1.0],
                [0.067548, 0.968123, 0.241193, 0.0, -0.010186, -0.241063, 0.970456, 0.399999, 0.997664, -0.068009, -0.006422, 0.0, 0.0, 0.0, 0.0, 1.0],
                [0.067547, 0.968123, 0.241192, 1e-06, -0.010186, -0.241063, 0.970456, 0.400001, 0.997664, -0.068009, -0.006422, 0.0, 0.0, 0.0, 0.0, 1.0],
                [0.0, 0.952114, 0.305743, 0.0, 0.0, -0.305743, 0.952114, 0.4, 1.0, 0.0, -0.0, 0.0, 0.0, 0.0, 0.0, 1.0]
            ]
        },
        {
            "name": "Arm_R",
            "time": [0.0, 0.3, 0.4, 0.4667, 0.6667, 1.0667, 1.15, 1.2833, 1.35, 1.4, 1.4833, 1.6, 2.15],
            "transform": [
                [-0.041704, -0.26807, -0.962496, 0.0, -0.117005, 0.958017, -0.261752, 0.393861, 0.992255, 0.101701, -0.071319, 0.0, 0.0, 0.0, 0.0, 1.0],
                [-0.041704, -0.26807, -0.962496, 0.0, -0.117005, 0.958017, -0.261752, 0.39386, 0.992255, 0.101701, -0.071319, 0.0, 0.0, 0.0, 0.0, 1.0],
                [-0.041704, -0.26807, -0.962496, 0.0, -0.117005, 0.958017, -0.261752, 0.39386, 0.992255, 0.101701, -0.071319, 0.0, 0.0, 0.0, 0.0, 1.0],
                [-0.277387, 0.071767, -0.958074, -0.0, 0.649592, 0.748739, -0.131987, 0.39386, 0.707874, -0.658969, -0.25431, 0.0, 0.0, 0.0, 0.0, 1.0],
                [0.018308, 0.268715, -0.963045, -0.0, -0.63287, 0.748802, 0.196904, 0.39386, 0.774042, 0.605878, 0.183771, -1e-06, 0.0, 0.0, 0.0, 1.0],
                [0.018308, 0.268715, -0.963045, -1e-06, -0.63287, 0.748802, 0.196904, 0.393861, 0.774042, 0.605878, 0.183771, -1e-06, 0.0, 0.0, 0.0, 1.0],
                [0.018308, 0.268715, -0.963045, -0.0, -0.63287, 0.748802, 0.196904, 0.393861, 0.774042, 0.605878, 0.183771, 1e-06, 0.0, 0.0, 0.0, 1.0],
                [-0.722793, -0.6869, 0.075746, -0.0, -0.680454, 0.688273, -0.251522, 0.39386, 0.120637, -0.23334, -0.964883, 0.0, 0.0, 0.0, 0.0, 1.0],
                [-0.565419, -0.801815, -0.193374, 0.0, -0.756978, 0.597564, -0.264389, 0.393861, 0.327545, -0.00311, -0.94483, 1e-06, 0.0, 0.0, 0.0, 1.0],
                [-0.563882, -0.761093, -0.320585, 0.0, -0.572214, 0.639965, -0.51285, 0.393861, 0.595491, -0.105743, -0.796373, 1e-06, 0.0, 0.0, 0.0, 1.0],
                [-0.563882, -0.761093, -0.320585, 0.0, -0.572214, 0.639965, -0.51285, 0.393861, 0.59549, -0.105743, -0.796373, -0.0, 0.0, 0.0, 0.0, 1.0],
                [-0.563882, -0.761093, -0.320585, -0.0, -0.572214, 0.639965, -0.51285, 0.393861, 0.59549, -0.105743, -0.796373, -0.0, 0.0, 0.0, 0.0, 1.0],
                [0.015087, 0.182348, -0.983118, 0.0, 0.645494, 0.74912, 0.148852, 0.39386, 0.763617, -0.636842, -0.106402, 0.0, 0.0, 0.0, 0.0, 1.0]
            ]
        },
        {
            "name": "Hand_R",
            "time": [0.0, 0.3, 0.4, 0.4667, 0.6667, 1.0667, 1.15, 1.2833, 1.35, 1.4, 1.4833, 1.6, 2.15],
            "transform": [
                [1.0, 0.0, 0.0, 0.0, 0.0, -0.033437, -0.999441, 0.3, -0.0, 0.999441, -0.033438, 0.0, 0.0, 0.0, 0.0, 1.0],
                [1.0, 0.0, 0.0, -0.0, 0.0, -0.033437, -0.999441, 0.3, -0.0, 0.999441, -0.033438, 0.0, 0.0, 0.0, 0.0, 1.0],
                [1.0, 0.0, 0.0, -0.0, 0.0, -0.033437, -0.999441, 0.3, -0.0, 0.999441, -0.033438, 0.0, 0.0, 0.0, 0.0, 1.0],
                [1.0, -0.0, 0.0, 0.0, -0.0, 0.793437, -0.608652, 0.3, -0.0, 0.608652, 0.793437, -0.0, 0.0, 0.0, 0.0, 1.0],
                [1.0, -0.0, 0.0, -1e-06, -0.0, 0.99996, -0.008957, 0.3, -0.0, 0.008957, 0.99996, 0.0, 0.0, 0.0, 0.0, 1.0],
                [1.0, -0.0, 0.0, -0.0, -0.0, 0.99996, -0.008957, 0.3, -0.0, 0.008957, 0.99996, 0.0, 0.0, 0.0, 0.0, 1.0],
                [1.0, 0.0, 0.0, -0.0, 0.0, 0.99996, -0.008957, 0.3, -0.0, 0.008957, 0.99996, 1e-06, 0.0, 0.0, 0.0, 1.0],
                [1.0, 0.0, 0.0, 0.0, -0.0, 0.99996, -0.008957, 0.3, -0.0, 0.008957, 0.99996, -1e-06, 0.0, 0.0, 0.0, 1.0],
                [1.0, 0.0, 0.0, 0.0, -0.0, 0.99996, -0.008957, 0.3, -0.0, 0.008957, 0.99996, 1e-06, 0.0, 0.0, 0.0, 1.0],
                [1.0, 0.0, 0.0, -0.0, -0.0, 0.99996, -0.008957, 0.3, -0.0, 0.008957, 0.99996, 0.0, 0.0, 0.0, 0.0, 1.0],
                [1.0, 0.0, 0.0, -0.0, -0.0, 0.99996, -0.008957, 0.3, -0.0, 0.008957, 0.99996, 0.0, 0.0, 0.0, 0.0, 1.0],
                [1.0, 0.0, 0.0, -0.0, -0.0, 0.99996, -0.008957, 0.3, -0.0, 0.008957, 0.99996, -1e-06, 0.0, 0.0, 0.0, 1.0],
                [1.0, 0.0, 0.0, 0.0, 0.0, 0.99996, -0.008957, 0.3, -0.0, 0.008957, 0.99996, 1e-06, 0.0, 0.0, 0.0, 1.0]
            ]
        },
        {
            "name": "Tool_R",
            "time": [0.0, 0.3, 0.4, 0.4667, 0.6667, 1.0667, 1.15, 1.2833, 1.35, 1.4, 1.4833, 1.6, 2.15],
            "transform": [
                [0.248259, 0.923461, -0.292551, 0.0, 0.485026, -0.379922, -0.787661, 0.272858, -0.838521, 0.053649, -0.542222, -0.0, 0.0, 0.0, 0.0, 1.0],
                [0.248259, 0.923461, -0.292551, -0.0, 0.485026, -0.379922, -0.787661, 0.272858, -0.838521, 0.053649, -0.542222, -0.0, 0.0, 0.0, 0.0, 1.0],
                [0.248259, 0.923461, -0.292551, -0.0, 0.485026, -0.379922, -0.787661, 0.272858, -0.838521, 0.053649, -0.542222, -0.0, 0.0, 0.0, 0.0, 1.0],
                [0.330544, 0.916674, -0.224611, 0.0, 0.673907, -0.395857, -0.623816, 0.272858, -0.660749, 0.054832, -0.748601, 0.0, 0.0, 0.0, 0.0, 1.0],
                [-0.908357, 0.12373, -0.399472, 0.0, 0.10642, -0.855392, -0.506931, 0.272859, -0.404428, -0.502986, 0.763834, 0.0, 0.0, 0.0, 0.0, 1.0],
                [-0.996175, 0.051977, -0.070235, -0.0, 0.001584, -0.792947, -0.609288, 0.272857, -0.087361, -0.60707, 0.789832, -0.0, 0.0, 0.0, 0.0, 1.0],
                [-0.996175, 0.051977, -0.070235, -0.0, 0.001584, -0.792947, -0.609288, 0.272859, -0.087361, -0.60707, 0.789832, -0.0, 0.0, 0.0, 0.0, 1.0],
                [-0.977692, -0.037934, -0.206591, 0.0, 0.05049, -0.997162, -0.055843, 0.272859, -0.203886, -0.065028, 0.976833, -1e-06, 0.0, 0.0, 0.0, 1.0],
                [-0.864761, 0.046395, -0.500037, 1e-06, 0.090815, -0.964858, -0.246578, 0.272858, -0.493905, -0.258642, 0.830158, 0.0, 0.0, 0.0, 0.0, 1.0],
                [-0.950719, 0.031482, -0.308451, 0.0, 0.088277, -0.926173, -0.366621, 0.272858, -0.297221, -0.375783, 0.877751, -2e-06, 0.0, 0.0, 0.0, 1.0],
                [-0.950719, 0.031482, -0.308451, -0.0, 0.088277, -0.926173, -0.366621, 0.272858, -0.297221, -0.375783, 0.877751, -0.0, 0.0, 0.0, 0.0, 1.0],
                [-0.950719, 0.031482, -0.308451, 0.0, 0.088277, -0.926173, -0.366621, 0.272858, -0.297221, -0.375783, 0.877751, -1e-06, 0.0, 0.0, 0.0, 1.0],
                [0.943704, 0.263888, -0.199465, 0.0, 0.270446, -0.962717, 0.005872, 0.272858, -0.190479, -0.059486, -0.979887, 1e-06, 0.0, 0.0, 0.0, 1.0]
            ]
        },
        {
            "name": "Elbow_R",
            "time": [0.0, 0.3, 0.4, 0.6667, 1.0667, 1.15, 1.2833, 1.35, 1.4, 1.4833, 1.6, 2.15],
            "transform": [
                [-1.0, 0.0, -0.0, 0.0, 0.0, 0.0, -1.0, 0.3, -0.0, -1.0, -0.0, 0.0, 0.0, 0.0, 0.0, 1.0],
                [-1.0, 0.0, -0.0, -0.0, 0.0, 0.0, -1.0, 0.3, -0.0, -1.0, -0.0, 0.0, 0.0, 0.0, 0.0, 1.0],
                [-1.0, 0.0, -0.0, -0.0, 0.0, 0.0, -1.0, 0.3, -0.0, -1.0, -0.0, 0.0, 0.0, 0.0, 0.0, 1.0],
                [-1.0, 0.0, 0.0, -1e-06, -0.0, 0.0, -1.0, 0.3, -0.0, -1.0, -0.0, 0.0, 0.0, 0.0, 0.0, 1.0],
                [-1.0, 0.0, -0.0, -0.0, 0.0, 0.0, -1.0, 0.3, -0.0, -1.0, -0.0, 0.0, 0.0, 0.0, 0.0, 1.0],
                [-1.0, 0.0, -0.0, -0.0, 0.0, 0.0, -1.0, 0.3, -0.0, -1.0, -0.0, 1e-06, 0.0, 0.0, 0.0, 1.0],
                [-1.0, 0.0, -0.0, 0.0, 0.0, 0.0, -1.0, 0.3, -0.0, -1.0, -0.0, -1e-06, 0.0, 0.0, 0.0, 1.0],
                [-1.0, 0.0, -0.0, 0.0, 0.0, -0.0, -1.0, 0.3, -0.0, -1.0, -0.0, 1e-06, 0.0, 0.0, 0.0, 1.0],
                [-1.0, 0.0, -0.0, -0.0, 0.0, 0.0, -1.0, 0.3, -0.0, -1.0, -0.0, 0.0, 0.0, 0.0, 0.0, 1.0],
                [-1.0, 0.0, -0.0, -0.0, 0.0, -0.0, -1.0, 0.3, -0.0, -1.0, -0.0, 0.0, 0.0, 0.0, 0.0, 1.0],
                [-1.0, 0.0, -0.0, -0.0, 0.0, 0.0, -1.0, 0.3, -0.0, -1.0, -0.0, -1e-06, 0.0, 0.0, 0.0, 1.0],
                [-1.0, 0.0, -0.0, 0.0, 0.0, 0.0, -1.0, 0.3, -0.0, -1.0, -0.0, 1e-06, 0.0, 0.0, 0.0, 1.0]
            ]
        },
        {
            "name": "Shoulder_L",
            "time": [0.0, 0.3, 0.4, 0.4667, 0.6667, 1.0667, 1.15, 1.2833, 1.35, 1.4, 1.4833, 1.6, 2.15],
            "transform": [
                [-0.0, -0.952114, -0.305743, -0.0, 0.0, -0.305743, 0.952114, 0.4, -1.0, 0.0, 0.0, 0.0, 0.0, 0.0, 0.0, 1.0],
                [0.560804, -0.719253, -0.410091, 0.0, 0.180085, -0.377486, 0.908336, 0.4, -0.808126, -0.58325, -0.082169, 0.0, 0.0, 0.0, 0.0, 1.0],
                [0.560804, -0.719253, -0.410091, 0.0, 0.180085, -0.377486, 0.908336, 0.4, -0.808126, -0.58325, -0.082169, 0.0, 0.0, 0.0, 0.0, 1.0],
                [0.210345, -0.928588, -0.305743, 0.0, 0.067546, -0.298189, 0.952114, 0.4, -0.975291, -0.220924, -0.0, 0.0, 0.0, 0.0, 0.0, 1.0],
                [-0.028067, -0.911613, -0.410091, -0.0, -0.102618, -0.405458, 0.908336, 0.400001, -0.994325, 0.067577, -0.082168, -1e-06, 0.0, 0.0, 0.0, 1.0],
                [-0.028067, -0.911613, -0.410091, -0.0, -0.102618, -0.405458, 0.908336, 0.400002, -0.994325, 0.067577, -0.082168, 0.0, 0.0, 0.0, 0.0, 1.0],
                [-0.028067, -0.911613, -0.410091, -0.0, -0.102618, -0.405458, 0.908336, 0.399998, -0.994325, 0.067577, -0.082168, 1e-06, 0.0, 0.0, 0.0, 1.0],
                [-0.028067, -0.911613, -0.410091, -0.0, -0.102618, -0.405458, 0.908336, 0.4, -0.994325, 0.067577, -0.082168, 1e-06, 0.0, 0.0, 0.0, 1.0],
                [-0.167159, -0.888179, -0.428014, -0.0, -0.088255, -0.4189, 0.903733, 0.4, -0.981972, 0.188842, -0.008364, 0.0, 0.0, 0.0, 0.0, 1.0],
                [-0.028067, -0.911613, -0.410091, -0.0, -0.102618, -0.405458, 0.908336, 0.399999, -0.994325, 0.067577, -0.082168, 0.0, 0.0, 0.0, 0.0, 1.0],
                [-0.028067, -0.911613, -0.410091, 0.0, -0.102618, -0.405458, 0.908336, 0.399999, -0.994325, 0.067577, -0.082168, 0.0, 0.0, 0.0, 0.0, 1.0],
                [-0.028067, -0.911613, -0.410091, 1e-06, -0.102618, -0.405458, 0.908336, 0.400001, -0.994325, 0.067577, -0.082168, 0.0, 0.0, 0.0, 0.0, 1.0],
                [-0.0, -0.952114, -0.305743, 0.0, 0.0, -0.305743, 0.952114, 0.4, -1.0, 0.0, 0.0, 0.0, 0.0, 0.0, 0.0, 1.0]
            ]
        },
        {
            "name": "Arm_L",
            "time": [0.0, 0.3, 0.4, 0.4667, 0.6667, 1.0667, 1.15, 1.2833, 1.35, 1.4, 1.4833, 1.6, 2.15],
            "transform": [
                [-0.131731, 0.763777, 0.631895, 0.0, -0.005006, 0.63693, -0.770906, 0.39386, -0.991273, -0.104715, -0.08008, -0.0, 0.0, 0.0, 0.0, 1.0],
                [-0.13173, 0.903865, 0.407032, 0.0, -0.005006, 0.409998, -0.912072, 0.39386, -0.991273, -0.122185, -0.049485, -0.0, 0.0, 0.0, 0.0, 1.0],
                [-0.13173, 0.903865, 0.407032, 0.0, -0.005006, 0.409998, -0.912072, 0.39386, -0.991273, -0.122185, -0.049485, -0.0, 0.0, 0.0, 0.0, 1.0],
                [-0.131731, 0.48675, 0.863552, 0.0, -0.005006, 0.870806, -0.491602, 0.39386, -0.991273, -0.069082, -0.112276, 0.0, 0.0, 0.0, 0.0, 1.0],
                [-0.131731, -0.048364, 0.990105, -0.0, -0.005005, 0.998829, 0.048124, 0.39386, -0.991273, 0.001384, -0.131819, 1e-06, 0.0, 0.0, 0.0, 1.0],
                [-0.131731, -0.048364, 0.990105, -0.0, -0.005005, 0.998829, 0.048124, 0.393861, -0.991273, 0.001384, -0.131819, -1e-06, 0.0, 0.0, 0.0, 1.0],
                [-0.131731, -0.048364, 0.990105, -0.0, -0.005005, 0.998829, 0.048125, 0.393861, -0.991273, 0.001384, -0.131819, 0.0, 0.0, 0.0, 0.0, 1.0],
                [0.311616, -0.071003, 0.947551, -0.0, 0.213291, 0.976984, 0.003065, 0.393861, -0.92596, 0.201149, 0.319588, -0.0, 0.0, 0.0, 0.0, 1.0],
                [0.642797, -0.296409, 0.706367, 1e-06, 0.201923, 0.955056, 0.217014, 0.39386, -0.738945, 0.003136, 0.673759, 0.0, 0.0, 0.0, 0.0, 1.0],
                [0.63897, 0.083078, 0.764732, 0.0, -0.113761, 0.993425, -0.01287, 0.393861, -0.760773, -0.078773, 0.64422, -0.0, 0.0, 0.0, 0.0, 1.0],
                [0.63897, 0.083078, 0.764732, 0.0, -0.113761, 0.993425, -0.01287, 0.393861, -0.760773, -0.078773, 0.64422, -0.0, 0.0, 0.0, 0.0, 1.0],
                [0.63897, 0.083078, 0.764732, 0.0, -0.113761, 0.993425, -0.01287, 0.39386, -0.760773, -0.078773, 0.64422, -0.0, 0.0, 0.0, 0.0, 1.0],
                [0.07741, -0.352331, 0.932668, -2e-06, -0.738539, 0.608158, 0.291039, 0.39386, -0.669752, -0.711341, -0.213133, -0.0, 0.0, 0.0, 0.0, 1.0]
            ]
        },
        {
            "name": "Hand_L",
            "time": [0.0, 0.3, 0.4, 0.4667, 0.6667, 1.0667, 1.15, 1.2833, 1.35, 1.4, 1.4833, 1.6, 2.15],
            "transform": [
                [1.0, -0.0, -0.0, -0.0, 0.0, 0.997157, -0.075355, 0.3, 0.0, 0.075355, 0.997157, 0.0, 0.0, 0.0, 0.0, 1.0],
                [1.0, -0.0, -0.0, 0.0, 0.0, 0.997157, -0.075355, 0.3, 0.0, 0.075355, 0.997157, -0.0, 0.0, 0.0, 0.0, 1.0],
                [1.0, -0.0, -0.0, 0.0, 0.0, 0.997157, -0.075355, 0.3, 0.0, 0.075355, 0.997157, -0.0, 0.0, 0.0, 0.0, 1.0],
                [1.0, -0.0, -0.0, 0.0, 0.0, 0.995491, -0.094857, 0.3, 0.0, 0.094857, 0.995491, 0.0, 0.0, 0.0, 0.0, 1.0],
                [1.0, 0.0, -1e-06, -2e-06, -1e-06, 0.794028, -0.607882, 0.299999, 1e-06, 0.607882, 0.794027, -1e-06, 0.0, 0.0, 0.0, 1.0],
                [1.0, 0.0, -1e-06, -1e-06, -0.0, 0.794027, -0.607882, 0.3, 1e-06, 0.607882, 0.794027, -1e-06, 0.0, 0.0, 0.0, 1.0],
                [1.0, 0.0, -1e-06, 0.0, -1e-06, 0.794028, -0.607882, 0.300001, 0.0, 0.607882, 0.794028, 0.0, 0.0, 0.0, 0.0, 1.0],
                [1.0, 0.0, -1e-06, 1e-06, -1e-06, 0.59604, -0.802955, 0.3, 0.0, 0.802955, 0.59604, 0.0, 0.0, 0.0, 0.0, 1.0],
                [1.0, 0.0, -1e-06, -0.0, -1e-06, 0.722701, -0.691161, 0.3, 0.0, 0.691161, 0.722701, -0.0, 0.0, 0.0, 0.0, 1.0],
                [1.0, 0.0, -1e-06, -0.0, -1e-06, 0.794028, -0.607882, 0.3, 0.0, 0.607882, 0.794028, 0.0, 0.0, 0.0, 0.0, 1.0],
                [1.0, 0.0, -1e-06, -0.0, -0.0, 0.794027, -0.607882, 0.300001, 0.0, 0.607882, 0.794027, 0.0, 0.0, 0.0, 0.0, 1.0],
                [1.0, 0.0, -1e-06, 0.0, -0.0, 0.794028, -0.607882, 0.299999, 0.0, 0.607882, 0.794027, 0.0, 0.0, 0.0, 0.0, 1.0],
                [1.0, 0.0, -1e-06, 0.0, -1e-06, 0.942735, -0.333542, 0.300001, 0.0, 0.333542, 0.942735, 0.0, 0.0, 0.0, 0.0, 1.0]
            ]
        },
        {
            "name": "Tool_L",
            "time": [0.0, 0.3, 0.4, 0.4667, 0.6667, 1.0667, 1.15, 1.2833, 1.35, 1.4, 1.4833, 1.6, 2.15],
            "transform": [
                [0.484838, 0.0, 0.874604, -0.0, -0.015849, -0.999836, 0.008786, 0.272858, 0.87446, -0.018122, -0.484759, 0.0, 0.0, 0.0, 0.0, 1.0],
                [0.005105, 0.954378, 0.298558, -0.0, 0.901604, -0.133532, 0.411435, 0.272858, 0.432532, 0.26708, -0.861153, -0.0, 0.0, 0.0, 0.0, 1.0],
                [0.005105, 0.954378, 0.298558, -0.0, 0.901604, -0.133532, 0.411435, 0.272858, 0.432532, 0.26708, -0.861153, -0.0, 0.0, 0.0, 0.0, 1.0],
                [0.053842, 0.952106, 0.300989, 0.0, 0.901601, -0.175915, 0.395182, 0.272858, 0.429204, 0.250095, -0.867892, -0.0, 0.0, 0.0, 0.0, 1.0],
                [1.0, 0.0, -0.0, 1e-06, 0.0, -0.916139, -0.400862, 0.272858, -0.0, 0.400862, -0.916139, 0.0, 0.0, 0.0, 0.0, 1.0],
                [1.0, 0.0, -0.0, -2e-06, 0.0, -0.916138, -0.400862, 0.272857, -0.0, 0.400862, -0.916139, -0.0, 0.0, 0.0, 0.0, 1.0],
                [1.0, 0.0, -0.0, 2e-06, 0.0, -0.916138, -0.400862, 0.272859, -0.0, 0.400862, -0.916138, -0.0, 0.0, 0.0, 0.0, 1.0],
                [1.0, 0.0, -0.0, 0.0, 0.0, -0.916139, -0.400862, 0.272858, -0.0, 0.400862, -0.916139, 0.0, 0.0, 0.0, 0.0, 1.0],
                [1.0, 0.0, -0.0, 1e-06, 0.0, -0.916139, -0.400862, 0.272858, -0.0, 0.400862, -0.916139, 0.0, 0.0, 0.0, 0.0, 1.0],
                [1.0, 0.0, -0.0, 0.0, 0.0, -0.916138, -0.400862, 0.272858, -0.0, 0.400862, -0.916139, -0.0, 0.0, 0.0, 0.0, 1.0],
                [1.0, 0.0, -0.0, -0.0, 0.0, -0.916139, -0.400862, 0.272857, -0.0, 0.400862, -0.916139, 0.0, 0.0, 0.0, 0.0, 1.0],
                [1.0, 0.0, -0.0, 0.0, 0.0, -0.916139, -0.400862, 0.272858, -0.0, 0.400862, -0.916139, 1e-06, 0.0, 0.0, 0.0, 1.0],
                [0.996222, -0.086846, 0.0, 0.0, -0.086832, -0.996058, 0.018122, 0.272858, -0.001574, -0.018054, -0.999836, -1e-06, 0.0, 0.0, 0.0, 1.0]
            ]
        },
        {
            "name": "Elbow_L",
            "time": [0.0, 0.3, 0.4, 0.6667, 1.0667, 1.15, 1.2833, 1.35, 1.4, 1.4833, 1.6, 2.15],
            "transform": [
                [-1.0, 0.0, -0.0, -0.0, 0.0, -0.0, -1.0, 0.3, -0.0, -1.0, 0.0, 0.0, 0.0, 0.0, 0.0, 1.0],
                [-1.0, 0.0, -0.0, 0.0, 0.0, -0.0, -1.0, 0.3, -0.0, -1.0, -0.0, -0.0, 0.0, 0.0, 0.0, 1.0],
                [-1.0, 0.0, -0.0, 0.0, 0.0, -0.0, -1.0, 0.3, -0.0, -1.0, -0.0, -0.0, 0.0, 0.0, 0.0, 1.0],
                [-1.0, 0.0, -0.0, -2e-06, 0.0, -0.0, -1.0, 0.299999, -0.0, -1.0, 0.0, -1e-06, 0.0, 0.0, 0.0, 1.0],
                [-1.0, 0.0, -0.0, -1e-06, 0.0, 0.0, -1.0, 0.3, -0.0, -1.0, -0.0, -1e-06, 0.0, 0.0, 0.0, 1.0],
                [-1.0, 0.0, -0.0, 0.0, 0.0, -0.0, -1.0, 0.300001, -0.0, -1.0, 0.0, 0.0, 0.0, 0.0, 0.0, 1.0],
                [-1.0, 0.0, -0.0, 1e-06, 0.0, -0.0, -1.0, 0.3, -0.0, -1.0, 0.0, 0.0, 0.0, 0.0, 0.0, 1.0],
                [-1.0, 0.0, -0.0, -0.0, 0.0, -0.0, -1.0, 0.3, -0.0, -1.0, -0.0, -0.0, 0.0, 0.0, 0.0, 1.0],
                [-1.0, 0.0, -0.0, -0.0, 0.0, -0.0, -1.0, 0.3, -0.0, -1.0, 0.0, 0.0, 0.0, 0.0, 0.0, 1.0],
                [-1.0, 0.0, -0.0, -0.0, 0.0, -0.0, -1.0, 0.300001, -0.0, -1.0, 0.0, 0.0, 0.0, 0.0, 0.0, 1.0],
                [-1.0, 0.0, -0.0, 0.0, -0.0, -0.0, -1.0, 0.299999, -0.0, -1.0, -0.0, 0.0, 0.0, 0.0, 0.0, 1.0],
                [-1.0, 0.0, -0.0, 0.0, 0.0, -0.0, -1.0, 0.300001, -0.0, -1.0, 0.0, 0.0, 0.0, 0.0, 0.0, 1.0]
            ]
        }
    ]
}