{
    "animation": [
        {
            "name": "Root",
            "time": [0.0, 0.1, 0.2, 0.3, 0.5, 0.7, 0.8, 1.0],
            "transform": [
                [0.992041, -0.0, 0.125917, -5e-06, 0.125917, 0.0, -0.992041, 0.000946, 0.0, 1.0, 0.0, 0.620633, 0.0, 0.0, 0.0, 1.0],
                [0.482437, 0.009214, 0.875882, -5e-06, 0.873633, -0.077448, -0.480383, 0.134394, 0.063409, 0.996954, -0.045413, 0.526652, 0.0, 0.0, 0.0, 1.0],
                [0.853277, 0.066157, -0.517244, -5e-06, -0.518167, 0.218828, -0.826811, 0.397387, 0.058488, 0.973518, 0.221001, 0.635077, 0.0, 0.0, 0.0, 1.0],
                [0.77436, 0.065817, -0.629313, -5e-06, -0.626309, 0.221226, -0.747526, 0.397387, 0.090021, 0.972999, 0.212531, 0.619453, 0.0, 0.0, 0.0, 1.0],
                [0.573869, 0.066157, -0.816271, -5e-06, -0.805415, 0.226039, -0.547917, 0.397387, 0.148261, 0.971869, 0.183, 0.588206, 0.0, 0.0, 0.0, 1.0],
                [0.629279, 0.006991, -0.777148, -5e-06, -0.777175, 0.008981, -0.629221, 0.397387, 0.002581, 0.999935, 0.011085, 0.678733, 0.0, 0.0, 0.0, 1.0],
                [0.778104, 0.004026, -0.628123, -5e-06, -0.628135, 0.006481, -0.778077, 0.397387, 0.000938, 0.999971, 0.007572, 0.69885, 0.0, 0.0, 0.0, 1.0],
                [0.965926, -0.0, -0.258819, -5e-06, -0.258819, 0.0, -0.965926, 0.397387, 0.0, 1.0, -0.0, 0.739084, 0.0, 0.0, 0.0, 1.0]
            ]
        },
        {
            "name": "Thigh_R",
            "time": [0.0, 0.1, 0.2, 0.3, 0.5, 0.7, 0.8, 1.0],
            "transform": [
                [0.934782, 0.18608, 0.302582, 0.124994, 0.22376, -0.97003, -0.094731, -0.00283, 0.275886, 0.156258, -0.948404, -1.2e-05, 0.0, 0.0, 0.0, 1.0],
                [0.745617, -0.563104, 0.356328, 0.124994, -0.100857, -0.623928, -0.774947, -0.00283, 0.658698, 0.541875, -0.522004, -1.2e-05, 0.0, 0.0, 0.0, 1.0],
                [0.862934, 0.389946, 0.321384, 0.124994, 0.45265, -0.879217, -0.148608, -0.00283, 0.224617, 0.273714, -0.935215, -1.2e-05, 0.0, 0.0, 0.0, 1.0],
                [0.850766, 0.431058, 0.300642, 0.124994, 0.471131, -0.87905, -0.072847, -0.00283, 0.232879, 0.203617, -0.950951, -1.2e-05, 0.0, 0.0, 0.0, 1.0],
                [0.838536, 0.483997, 0.250211, 0.124994, 0.477116, -0.87404, 0.091738, -0.00283, 0.263095, 0.042454, -0.963835, -1.2e-05, 0.0, 0.0, 0.0, 1.0],
                [0.963913, 0.226789, 0.139421, 0.124994, 0.118679, -0.834861, 0.537515, -0.00283, 0.2383, -0.501571, -0.831648, -1.2e-05, 0.0, 0.0, 0.0, 1.0],
                [0.964281, 0.228204, 0.134482, 0.124994, 0.154624, -0.897177, 0.41372, -0.002831, 0.215067, -0.378148, -0.900417, -1.2e-05, 0.0, 0.0, 0.0, 1.0],
                [0.97254, 0.165092, 0.164046, 0.124994, 0.167055, -0.985946, 0.001854, -0.002831, 0.162047, 0.025601, -0.986451, -1.2e-05, 0.0, 0.0, 0.0, 1.0]
            ]
        },
        {
            "name": "Leg_R",
            "time": [0.0, 0.1, 0.2, 0.3, 0.5, 0.7, 0.8, 1.0],
            "transform": [
                [1.0, 1e-06, 4e-06, -0.0, -4e-06, 0.762324, 0.647195, 0.37472, -2e-06, -0.647196, 0.762324, 0.0, 0.0, 0.0, 0.0, 1.0],
                [1.0, 4e-06, 2e-06, -0.0, -4e-06, 0.999985, 0.005456, 0.37472, -3e-06, -0.005456, 0.999985, -0.0, 0.0, 0.0, 0.0, 1.0],
                [1.0, 4e-06, 3e-06, -0.0, -4e-06, 0.999987, 0.005021, 0.37472, -2e-06, -0.005021, 0.999987, -0.0, 0.0, 0.0, 0.0, 1.0],
                [1.0, 4e-06, 3e-06, -0.0, -4e-06, 0.999989, 0.004748, 0.37472, -2e-06, -0.004748, 0.999989, 0.0, 0.0, 0.0, 0.0, 1.0],
                [1.0, 4e-06, 3e-06, -0.0, -4e-06, 0.999989, 0.004813, 0.37472, -2e-06, -0.004813, 0.999988, 0.0, 0.0, 0.0, 0.0, 1.0],
                [1.0, 1e-06, 5e-06, 0.0, -4e-06, 0.696386, 0.717668, 0.37472, -2e-06, -0.717668, 0.696385, -0.0, 0.0, 0.0, 0.0, 1.0],
                [1.0, 2e-06, 4e-06, 0.0, -4e-06, 0.781859, 0.623455, 0.37472, -2e-06, -0.623455, 0.781859, 0.0, 0.0, 0.0, 0.0, 1.0],
                [1.0, 4e-06, 3e-06, 0.0, -4e-06, 0.991835, 0.127525, 0.37472, -2e-06, -0.127525, 0.991835, 0.0, 0.0, 0.0, 0.0, 1.0]
            ]
        },
        {
            "name": "Knee_R",
            "time": [0.0, 0.1, 0.2, 0.3, 0.5, 0.7, 0.8, 1.0],
            "transform": [
                [1.0, 3e-06, -3e-06, -0.0, -4e-06, 0.34473, -0.938702, 0.37472, -2e-06, 0.938702, 0.34473, -0.0, 0.0, 0.0, 0.0, 1.0],
                [0.999481, -0.031694, 0.005754, -0.0, 0.008357, 0.082631, -0.996545, 0.37472, 0.031109, 0.996076, 0.082853, 0.0, 0.0, 0.0, 0.0, 1.0],
                [0.998834, -0.047663, 0.007678, -0.0, 0.013453, 0.122053, -0.992432, 0.37472, 0.046365, 0.991378, 0.122552, -0.0, 0.0, 0.0, 0.0, 1.0],
                [0.998834, -0.047662, 0.007681, 0.0, 0.01345, 0.121918, -0.992449, 0.37472, 0.046366, 0.991395, 0.122417, 0.0, 0.0, 0.0, 0.0, 1.0],
                [0.998834, -0.047662, 0.007681, 0.0, 0.013451, 0.12195, -0.992445, 0.37472, 0.046366, 0.991391, 0.122449, 0.0, 0.0, 0.0, 0.0, 1.0],
                [0.9997, -0.024498, -0.000225, 0.0, 0.010683, 0.444139, -0.895894, 0.37472, 0.022047, 0.895622, 0.444268, -0.0, 0.0, 0.0, 0.0, 1.0],
                [0.999868, -0.016262, 0.000531, 0.0, 0.006474, 0.367731, -0.92991, 0.37472, 0.014927, 0.92979, 0.367788, 0.0, 0.0, 0.0, 0.0, 1.0],
                [1.0, 2e-06, -4e-06, 0.0, -4e-06, 0.063895, -0.997957, 0.37472, -2e-06, 0.997957, 0.063895, 0.0, 0.0, 0.0, 0.0, 1.0]
            ]
        },
        {
            "name": "Thigh_L",
            "time": [0.0, 0.1, 0.2, 0.3, 0.5, 0.7, 0.8, 1.0],
            "transform": [
                [0.990593, -0.075308, 0.114253, -0.125006, -0.135385, -0.660809, 0.738243, -0.00283, 0.019904, -0.746767, -0.664788, -1.2e-05, 0.0, 0.0, 0.0, 1.0],
                [0.880147, 0.471764, -0.052728, -0.125006, 0.385365, -0.645226, 0.659679, -0.002831, 0.277192, -0.600934, -0.749696, -1.2e-05, 0.0, 0.0, 0.0, 1.0],
                [0.963553, -0.128573, 0.234596, -0.125006, -0.257734, -0.681164, 0.685265, -0.00283, 0.071692, -0.720753, -0.689475, -1.2e-05, 0.0, 0.0, 0.0, 1.0],
                [0.952612, -0.143299, 0.268319, -0.125006, -0.290589, -0.68949, 0.663447, -0.00283, 0.089932, -0.709978, -0.698458, -1.2e-05, 0.0, 0.0, 0.0, 1.0],
                [0.939008, -0.16214, 0.303274, -0.125006, -0.320566, -0.731972, 0.601211, -0.00283, 0.124508, -0.661761, -0.739304, -1.2e-05, 0.0, 0.0, 0.0, 1.0],
                [0.987741, -0.130646, 0.08543, -0.125006, -0.15131, -0.935837, 0.318298, -0.002831, 0.038364, -0.327323, -0.944134, -1.2e-05, 0.0, 0.0, 0.0, 1.0],
                [0.987298, -0.141089, 0.073057, -0.125006, -0.156764, -0.939871, 0.303425, -0.002831, 0.025854, -0.311024, -0.95005, -1.2e-05, 0.0, 0.0, 0.0, 1.0],
                [0.988246, -0.150569, 0.026439, -0.125006, -0.15281, -0.977892, 0.142746, -0.002831, 0.004361, -0.145108, -0.989406, -1.2e-05, 0.0, 0.0, 0.0, 1.0]
            ]
        },
        {
            "name": "Leg_L",
            "time": [0.0, 0.1, 0.2, 0.3, 0.5, 0.7, 0.8, 1.0],
            "transform": [
                [1.0, -1e-06, 1e-06, 0.0, -1e-06, -0.088273, 0.996096, 0.37472, -1e-06, -0.996096, -0.088273, -0.0, 0.0, 0.0, 0.0, 1.0],
                [1.0, 1e-06, 1e-06, 0.0, -1e-06, 0.936711, 0.350103, 0.37472, -1e-06, -0.350103, 0.936711, 0.0, 0.0, 0.0, 0.0, 1.0],
                [1.0, -0.0, 1e-06, -0.0, -1e-06, 0.435883, 0.900003, 0.37472, -1e-06, -0.900004, 0.435883, 0.0, 0.0, 0.0, 0.0, 1.0],
                [1.0, -1e-06, 1e-06, -0.0, -1e-06, 0.350104, 0.936711, 0.37472, -1e-06, -0.936711, 0.350104, -0.0, 0.0, 0.0, 0.0, 1.0],
                [1.0, -1e-06, 1e-06, 0.0, -1e-06, 0.200804, 0.979631, 0.37472, -1e-06, -0.979631, 0.200804, 0.0, 0.0, 0.0, 0.0, 1.0],
                [1.0, 0.0, 2e-06, 0.0, -1e-06, 0.676378, 0.736555, 0.37472, -1e-06, -0.736555, 0.676378, -0.0, 0.0, 0.0, 0.0, 1.0],
                [1.0, 0.0, 2e-06, -0.0, -1e-06, 0.769091, 0.639139, 0.37472, -1e-06, -0.639139, 0.769091, -0.0, 0.0, 0.0, 0.0, 1.0],
                [1.0, 1e-06, 1e-06, -0.0, -1e-06, 0.978078, 0.208241, 0.37472, -1e-06, -0.208241, 0.978078, -0.0, 0.0, 0.0, 0.0, 1.0]
            ]
        },
        {
            "name": "Knee_L",
            "time": [0.0, 0.1, 0.2, 0.3, 0.5, 0.7, 0.8, 1.0],
            "transform": [
                [1.0, 1e-06, -1e-06, 0.0, -1e-06, 0.737656, -0.675176, 0.37472, -0.0, 0.675176, 0.737657, -0.0, 0.0, 0.0, 0.0, 1.0],
                [1.0, 1e-06, -1e-06, 0.0, -1e-06, 0.417366, -0.908738, 0.37472, -0.0, 0.908739, 0.417366, 0.0, 0.0, 0.0, 0.0, 1.0],
                [1.0, 1e-06, -0.0, -0.0, -1e-06, 0.805456, -0.592656, 0.37472, -0.0, 0.592656, 0.805456, -0.0, 0.0, 0.0, 0.0, 1.0],
                [1.0, 1e-06, -0.0, 0.0, -1e-06, 0.832227, -0.554435, 0.37472, -0.0, 0.554435, 0.832227, -0.0, 0.0, 0.0, 0.0, 1.0],
                [1.0, 1e-06, -0.0, -0.0, -1e-06, 0.872777, -0.488118, 0.37472, -0.0, 0.488119, 0.872777, 0.0, 0.0, 0.0, 0.0, 1.0],
                [1.0, 1e-06, -1e-06, 0.0, -1e-06, 0.566506, -0.824058, 0.37472, -1e-06, 0.824058, 0.566506, -0.0, 0.0, 0.0, 0.0, 1.0],
                [1.0, 1e-06, -1e-06, -0.0, -1e-06, 0.45426, -0.890869, 0.37472, -1e-06, 0.890869, 0.45426, -0.0, 0.0, 0.0, 0.0, 1.0],
                [1.0, 0.0, -1e-06, -0.0, -1e-06, 0.104697, -0.994504, 0.37472, -0.0, 0.994504, 0.104697, -0.0, 0.0, 0.0, 0.0, 1.0]
            ]
        },
        {
            "name": "Torso",
            "time": [0.0, 0.1, 0.2, 0.3, 0.5, 0.7, 0.8, 1.0],
            "transform": [
                [0.991842, 0.124171, 0.028832, 0.0, -0.12417, 0.889944, 0.438842, 0.05, 0.028833, -0.438842, 0.898102, 0.0, 0.0, 0.0, 0.0, 1.0],
                [0.997628, -0.068794, 0.002334, -0.0, 0.068779, 0.994906, -0.073702, 0.05, 0.002748, 0.073688, 0.997278, -0.0, 0.0, 0.0, 0.0, 1.0],
                [1.0, 0.0, -0.0, 0.0, -0.0, 1.0, -0.0, 0.05, 0.0, 0.0, 1.0, -0.0, 0.0, 0.0, 0.0, 1.0],
                [1.0, 0.0, -0.0, 0.0, -0.0, 1.0, -0.0, 0.05, 0.0, 0.0, 1.0, -0.0, 0.0, 0.0, 0.0, 1.0],
                [1.0, 0.0, -0.0, 0.0, -0.0, 1.0, -0.0, 0.05, 0.0, 0.0, 1.0, 0.0, 0.0, 0.0, 0.0, 1.0],
                [1.0, 0.0, -0.0, -0.0, -0.0, 0.999916, -0.01294, 0.05, 0.0, 0.01294, 0.999916, 0.0, 0.0, 0.0, 0.0, 1.0],
                [1.0, 0.0, -0.0, 0.0, -0.0, 0.999851, -0.017253, 0.05, 0.0, 0.017253, 0.999851, -0.0, 0.0, 0.0, 0.0, 1.0],
                [1.0, 0.0, -0.0, -0.0, -0.0, 0.999665, -0.025877, 0.05, 0.0, 0.025877, 0.999665, 0.0, 0.0, 0.0, 0.0, 1.0]
            ]
        },
        {
            "name": "Chest",
            "time": [0.0, 0.1, 0.2, 0.3, 0.5, 0.7, 0.8, 1.0],
            "transform": [
                [0.965926, -1e-06, -0.258818, 0.0, 0.060852, 0.971969, 0.227097, 0.35, 0.251563, -0.235109, 0.93885, -0.0, 0.0, 0.0, 0.0, 1.0],
                [0.978996, 0.138682, 0.149444, -0.0, -0.094657, 0.958397, -0.269289, 0.35, -0.180572, 0.249487, 0.951394, 0.0, 0.0, 0.0, 0.0, 1.0],
                [0.974913, -0.038653, -0.219204, 0.0, 0.039615, 0.999215, -7e-06, 0.35, 0.219032, -0.008676, 0.975679, -0.0, 0.0, 0.0, 0.0, 1.0],
                [0.974913, -0.038653, -0.219204, 0.0, 0.039615, 0.999215, -7e-06, 0.35, 0.219032, -0.008676, 0.975679, 0.0, 0.0, 0.0, 0.0, 1.0],
                [0.974913, -0.038653, -0.219204, 0.0, 0.039615, 0.999215, -7e-06, 0.35, 0.219032, -0.008676, 0.975679, -0.0, 0.0, 0.0, 0.0, 1.0],
                [0.993709, -0.019571, -0.110274, 0.0, 0.019812, 0.999803, 0.001092, 0.35, 0.110231, -0.00327, 0.993901, 0.0, 0.0, 0.0, 0.0, 1.0],
                [0.997205, -0.013083, -0.073562, 0.0, 0.013191, 0.999913, 0.000972, 0.35, 0.073543, -0.001939, 0.99729, 0.0, 0.0, 0.0, 0.0, 1.0],
                [1.0, -1e-06, 1e-06, 0.0, 1e-06, 1.0, 1e-06, 0.35, -1e-06, -1e-06, 1.0, -0.0, 0.0, 0.0, 0.0, 1.0]
            ]
        },
        {
            "name": "Head",
            "time": [0.0, 0.1, 0.2, 0.3, 0.5, 0.7, 0.8, 1.0],
            "transform": [
                [0.993704, 0.044612, 0.102769, 0.0, 0.032707, 0.761822, -0.64696, 0.35, -0.107154, 0.646248, 0.755567, 0.0, 0.0, 0.0, 0.0, 1.0],
                [0.312515, 0.057199, -0.948189, -0.0, 0.324039, 0.931893, 0.163017, 0.35, 0.892935, -0.358196, 0.272696, -0.0, 0.0, 0.0, 0.0, 1.0],
                [0.721198, 0.143993, 0.677598, -0.0, 0.037611, 0.968576, -0.245858, 0.35, -0.691707, 0.202797, 0.693119, -0.0, 0.0, 0.0, 0.0, 1.0],
                [0.6197, 0.172858, 0.765566, 0.0, 0.041294, 0.966912, -0.251747, 0.35, -0.783751, 0.187621, 0.592058, -0.0, 0.0, 0.0, 0.0, 1.0],
                [0.383303, 0.223124, 0.896267, 0.0, 0.051005, 0.963788, -0.261747, 0.35, -0.922213, 0.146042, 0.358042, -0.0, 0.0, 0.0, 0.0, 1.0],
                [0.539591, -0.050318, 0.840422, -0.0, -0.012839, 0.997605, 0.067972, 0.35, -0.84183, -0.047468, 0.537652, 0.0, 0.0, 0.0, 0.0, 1.0],
                [0.729646, -0.065036, 0.680725, 0.0, -0.015773, 0.993602, 0.111835, 0.35, -0.683643, -0.092337, 0.723952, 0.0, 0.0, 0.0, 0.0, 1.0],
                [0.965926, -0.044367, 0.254988, -0.0, -0.006698, 0.980582, 0.195993, 0.35, -0.258732, -0.191023, 0.946873, 0.0, 0.0, 0.0, 0.0, 1.0]
            ]
        },
        {
            "name": "Shoulder_R",
            "time": [0.0, 0.1, 0.2, 0.3, 0.5, 0.7, 0.8, 1.0],
            "transform": [
                [-0.053292, 0.964655, 0.25807, 0.0, 0.01425, -0.257676, 0.966126, 0.35, 0.998478, 0.055164, -1.5e-05, 0.0, 0.0, 0.0, 0.0, 1.0],
                [-0.266162, 0.926408, 0.26632, -0.0, 0.072426, -0.256285, 0.963884, 0.35, 0.961204, 0.275837, 0.001117, -0.0, 0.0, 0.0, 0.0, 1.0],
                [-0.307663, 0.914622, 0.262319, -0.0, 0.083025, -0.248834, 0.964981, 0.35, 0.947867, 0.318668, 0.00062, -0.0, 0.0, 0.0, 0.0, 1.0],
                [-0.307659, 0.914624, 0.262317, 0.0, 0.083024, -0.248832, 0.964982, 0.35, 0.947868, 0.318664, 0.00062, -0.0, 0.0, 0.0, 0.0, 1.0],
                [-0.307649, 0.914628, 0.262312, 0.0, 0.08302, -0.248829, 0.964983, 0.35, 0.947871, 0.318654, 0.000619, -0.0, 0.0, 0.0, 0.0, 1.0],
                [-0.186199, 0.947613, 0.259537, -0.0, 0.040324, -0.256563, 0.965686, 0.35, 0.981685, 0.190275, 0.00956, 0.0, 0.0, 0.0, 0.0, 1.0],
                [-0.144815, 0.954997, 0.258863, 0.0, 0.02589, -0.257875, 0.965832, 0.35, 0.98912, 0.146568, 0.012619, 0.0, 0.0, 0.0, 0.0, 1.0],
                [-0.061428, 0.964215, 0.257906, -0.0, -0.003025, -0.258573, 0.965987, 0.35, 0.998107, 0.058559, 0.018801, 0.0, 0.0, 0.0, 0.0, 1.0]
            ]
        },
        {
            "name": "Arm_R",
            "time": [0.0, 0.1, 0.2, 0.3, 0.5, 0.7, 0.8, 1.0],
            "transform": [
                [0.408011, 0.044349, -0.911899, -0.0, 0.423819, 0.875476, 0.232207, 0.388213, 0.808644, -0.481223, 0.338408, 0.0, 0.0, 0.0, 0.0, 1.0],
                [0.388561, 0.36803, -0.844733, 0.0, -0.104993, 0.928483, 0.356224, 0.388213, 0.915421, -0.049724, 0.399413, 0.0, 0.0, 0.0, 0.0, 1.0],
                [0.351889, 0.432056, -0.830362, -0.0, -0.223526, 0.900222, 0.37368, 0.388213, 0.908961, 0.054114, 0.413354, 0.0, 0.0, 0.0, 0.0, 1.0],
                [0.351888, 0.43206, -0.83036, -0.0, -0.22353, 0.900219, 0.373683, 0.388213, 0.90896, 0.054116, 0.413355, 0.0, 0.0, 0.0, 0.0, 1.0],
                [0.351885, 0.432069, -0.830357, 0.0, -0.223537, 0.900215, 0.373689, 0.388213, 0.908959, 0.05412, 0.413356, 0.0, 0.0, 0.0, 0.0, 1.0],
                [0.351885, 0.432069, -0.830357, -0.0, -0.223537, 0.900215, 0.373689, 0.388213, 0.908959, 0.05412, 0.413356, 0.0, 0.0, 0.0, 0.0, 1.0],
                [0.096759, 0.515615, -0.851339, 0.0, -0.395763, 0.804757, 0.442422, 0.388213, 0.913241, 0.29412, 0.281929, -0.0, 0.0, 0.0, 0.0, 1.0],
                [0.342525, 0.238234, -0.908802, 0.0, 0.760879, 0.497097, 0.417083, 0.388213, 0.551126, -0.834349, -0.010999, 0.0, 0.0, 0.0, 0.0, 1.0]
            ]
        },
        {
            "name": "Hand_R",
            "time": [0.0, 0.1, 0.2, 0.3, 0.5, 0.7, 0.8, 1.0],
            "transform": [
                [1.0, 0.0, 0.0, 0.0, -0.0, 0.985056, -0.172237, 0.329779, -0.0, 0.172236, 0.985055, -0.0, 0.0, 0.0, 0.0, 1.0],
                [1.0, 0.0, -0.0, 0.0, -0.0, 0.134012, -0.99098, 0.329779, -0.0, 0.99098, 0.134012, 0.0, 0.0, 0.0, 0.0, 1.0],
                [1.0, 0.0, -0.0, 0.0, -0.0, -0.102273, -0.994756, 0.329779, -0.0, 0.994756, -0.102273, 0.0, 0.0, 0.0, 0.0, 1.0],
                [1.0, 0.0, -0.0, 0.0, -0.0, -0.102273, -0.994756, 0.329779, -0.0, 0.994756, -0.102273, -0.0, 0.0, 0.0, 0.0, 1.0],
                [1.0, 0.0, -0.0, -0.0, -0.0, -0.102273, -0.994756, 0.329779, -0.0, 0.994756, -0.102273, 0.0, 0.0, 0.0, 0.0, 1.0],
                [1.0, 0.0, -0.0, 0.0, -0.0, -0.102273, -0.994757, 0.329779, -0.0, 0.994756, -0.102273, 0.0, 0.0, 0.0, 0.0, 1.0],
                [0.999914, -0.012655, 0.003578, -0.0, 0.008058, 0.374567, -0.927165, 0.329779, 0.010393, 0.927114, 0.374636, 0.0, 0.0, 0.0, 0.0, 1.0],
                [0.999313, -0.036095, -0.008341, -0.0, 0.033996, 0.982953, -0.180685, 0.329779, 0.01472, 0.180277, 0.983505, 0.0, 0.0, 0.0, 0.0, 1.0]
            ]
        },
        {
            "name": "Tool_R",
            "time": [0.0, 0.1, 0.2, 0.3, 0.5, 0.7, 0.8, 1.0],
            "transform": [
                [1.0, -0.0, -0.0, -0.02, -0.0, -0.108666, -0.994078, 0.291425, 0.0, 0.994079, -0.108666, 0.0, 0.0, 0.0, 0.0, 1.0],
                [1.0, 0.0, 0.0, -0.02, -0.0, -0.988767, 0.149468, 0.291425, 0.0, -0.149468, -0.988767, 0.0, 0.0, 0.0, 0.0, 1.0],
                [1.0, -0.0, 0.0, -0.02, 0.0, -0.995643, -0.093244, 0.291425, 0.0, 0.093244, -0.995643, -0.0, 0.0, 0.0, 0.0, 1.0],
                [1.0, -0.0, 0.0, -0.02, 0.0, -0.995643, -0.093244, 0.291425, 0.0, 0.093244, -0.995643, 0.0, 0.0, 0.0, 0.0, 1.0],
                [1.0, -0.0, 0.0, -0.02, -0.0, -0.995643, -0.093244, 0.291425, 0.0, 0.093244, -0.995643, -0.0, 0.0, 0.0, 0.0, 1.0],
                [1.0, -0.0, 0.0, -0.02, -0.0, -1.0, 0.0, 0.291425, 0.0, -0.0, -1.0, 0.0, 0.0, 0.0, 0.0, 1.0],
                [1.0, -0.0, 0.0, -0.02, 0.0, -1.0, 0.0, 0.291425, 0.0, 0.0, -1.0, -0.0, 0.0, 0.0, 0.0, 1.0],
                [1.0, -0.0, 0.0, -0.02, -0.0, -0.766044, -0.642788, 0.291425, 0.0, 0.642788, -0.766044, 0.0, 0.0, 0.0, 0.0, 1.0]
            ]
        },
        {
            "name": "Elbow_R",
            "time": [0.0, 0.1, 0.2, 0.3, 0.5, 0.7, 0.8, 1.0],
            "transform": [
                [-1.0, 0.0, -0.0, 0.0, 0.0, 0.086442, -0.996257, 0.329779, -0.0, -0.996257, -0.086442, -0.0, 0.0, 0.0, 0.0, 1.0],
                [-1.0, 0.0, -0.0, 0.0, 0.0, 0.658023, -0.752998, 0.329779, 0.0, -0.752998, -0.658023, 0.0, 0.0, 0.0, 0.0, 1.0],
                [-1.0, 0.0, -0.0, 0.0, 0.0, 0.742385, -0.669972, 0.329779, 0.0, -0.669972, -0.742385, 0.0, 0.0, 0.0, 0.0, 1.0],
                [-1.0, 0.0, -0.0, 0.0, 1e-06, 0.742386, -0.669972, 0.329779, -0.0, -0.669973, -0.742385, -0.0, 0.0, 0.0, 0.0, 1.0],
                [-1.0, 0.0, -0.0, -0.0, 0.0, 0.742386, -0.669972, 0.329779, -0.0, -0.669972, -0.742386, -0.0, 0.0, 0.0, 0.0, 1.0],
                [-1.0, 0.0, -0.0, 0.0, 1e-06, 0.742386, -0.669972, 0.329779, -0.0, -0.669972, -0.742386, 0.0, 0.0, 0.0, 0.0, 1.0],
                [-1.0, 0.0, -0.0, -0.0, 0.0, 0.559171, -0.829053, 0.329779, -0.0, -0.829053, -0.559171, 0.0, 0.0, 0.0, 0.0, 1.0],
                [-1.0, 0.0, -0.0, -0.0, 1e-06, 0.09052, -0.995894, 0.329779, -0.0, -0.995895, -0.09052, -0.0, 0.0, 0.0, 0.0, 1.0]
            ]
        },
        {
            "name": "Shoulder_L",
            "time": [0.0, 0.1, 0.1833, 0.2, 0.3, 0.5, 0.7, 0.8, 1.0],
            "transform": [
                [-0.056259, -0.962534, -0.265263, 0.0, -0.015272, -0.264823, 0.964176, 0.35, -0.998299, 0.058295, 0.000199, 0.0, 0.0, 0.0, 0.0, 1.0],
                [-0.45058, -0.891483, -0.047286, -0.0, -0.06733, -0.018882, 0.997552, 0.35, -0.890193, 0.452661, -0.051515, -0.0, 0.0, 0.0, 0.0, 1.0],
                [-0.520759, -0.845831, -0.11567, 0.0, 0.041488, -0.160406, 0.986179, 0.35, -0.852695, 0.508763, 0.118625, -0.0, 0.0, 0.0, 0.0, 1.0],
                [0.46873, -0.877313, -0.103029, -0.0, 0.084041, -0.071816, 0.993871, 0.35, -0.879335, -0.474516, 0.040067, -0.0, 0.0, 0.0, 0.0, 1.0],
                [0.469326, -0.867951, -0.162464, 0.0, 0.099658, -0.130747, 0.986394, 0.35, -0.877384, -0.479131, 0.025136, -0.0, 0.0, 0.0, 0.0, 1.0],
                [0.467674, -0.838656, -0.279174, 0.0, 0.130948, -0.246619, 0.960225, 0.35, -0.874147, -0.48563, -0.005517, -0.0, 0.0, 0.0, 0.0, 1.0],
                [0.480944, -0.844382, -0.236035, -0.0, 0.020267, -0.258437, 0.965816, 0.35, -0.876517, -0.469287, -0.10718, 0.0, 0.0, 0.0, 0.0, 1.0],
                [0.512017, -0.826673, -0.233348, 0.0, 0.005145, -0.268702, 0.96321, 0.35, -0.85896, -0.49438, -0.133327, 0.0, 0.0, 0.0, 0.0, 1.0],
                [-0.068479, -0.963784, -0.257743, -0.0, 0.00337, -0.258572, 0.965986, 0.35, -0.997647, 0.065281, 0.020955, 0.0, 0.0, 0.0, 0.0, 1.0]
            ]
        },
        {
            "name": "Arm_L",
            "time": [0.0, 0.1, 0.1833, 0.2, 0.3, 0.5, 0.7, 0.8, 1.0],
            "transform": [
                [0.225958, -0.468254, 0.854214, 0.0, -0.630286, 0.598332, 0.494711, 0.388212, -0.742754, -0.650183, -0.159936, 0.0, 0.0, 0.0, 0.0, 1.0],
                [-0.216299, 0.031685, 0.975813, 0.0, 0.239059, 0.970768, 0.021469, 0.388212, -0.946608, 0.23792, -0.21755, 0.0, 0.0, 0.0, 0.0, 1.0],
                [0.102335, -0.755739, 0.646828, -0.0, 0.176844, 0.653705, 0.735796, 0.388212, -0.978904, 0.03909, 0.200545, -0.0, 0.0, 0.0, 0.0, 1.0],
                [0.250486, 0.379726, 0.890543, 0.0, 0.110752, 0.902589, -0.416014, 0.388212, -0.961764, 0.202835, 0.18403, 0.0, 0.0, 0.0, 0.0, 1.0],
                [0.302162, 0.238821, 0.922856, 0.0, 0.222339, 0.92375, -0.311852, 0.388212, -0.926964, 0.299417, 0.226023, -0.0, 0.0, 0.0, 0.0, 1.0],
                [0.350014, -0.064243, 0.934539, 0.0, 0.450188, 0.886418, -0.107674, 0.388212, -0.821475, 0.458406, 0.33918, -0.0, 0.0, 0.0, 0.0, 1.0],
                [0.272786, -0.022296, 0.961816, 0.0, 0.099111, 0.995064, -0.005043, 0.388212, -0.956956, 0.096702, 0.273649, 0.0, 0.0, 0.0, 0.0, 1.0],
                [0.311577, 0.103608, 0.944555, 0.0, -0.180697, 0.982359, -0.048149, 0.388212, -0.932881, -0.155677, 0.324802, -0.0, 0.0, 0.0, 0.0, 1.0],
                [0.128836, 0.017927, 0.991504, -0.0, -0.848937, 0.518767, 0.100931, 0.388212, -0.51255, -0.854728, 0.082055, -0.0, 0.0, 0.0, 0.0, 1.0]
            ]
        },
        {
            "name": "Hand_L",
            "time": [0.0, 0.1, 0.2, 0.3, 0.5, 0.7, 0.8, 1.0],
            "transform": [
                [1.0, 1e-06, 0.0, -0.0, -0.0, 0.683617, -0.72984, 0.329779, -1e-06, 0.729841, 0.683618, -0.0, 0.0, 0.0, 0.0, 1.0],
                [1.0, 0.0, 1e-06, 0.0, -0.0, 0.999804, -0.019812, 0.329779, -1e-06, 0.019812, 0.999804, -0.0, 0.0, 0.0, 0.0, 1.0],
                [1.0, 0.0, 1e-06, 0.0, -0.0, 1.0, -0.000101, 0.329779, -1e-06, 0.000101, 1.0, -0.0, 0.0, 0.0, 0.0, 1.0],
                [1.0, 0.0, 1e-06, -0.0, -0.0, 1.0, -0.000112, 0.329779, -1e-06, 0.000112, 0.999999, 0.0, 0.0, 0.0, 0.0, 1.0],
                [1.0, 0.0, 0.0, 0.0, -0.0, 1.0, -0.000135, 0.329779, -1e-06, 0.000135, 1.0, -0.0, 0.0, 0.0, 0.0, 1.0],
                [1.0, 0.0, 1e-06, 0.0, -0.0, 1.0, 1e-06, 0.329779, -1e-06, -1e-06, 1.0, 0.0, 0.0, 0.0, 0.0, 1.0],
                [1.0, 0.0, 1e-06, -0.0, -0.0, 1.0, 1e-06, 0.329779, -0.0, -1e-06, 1.0, -0.0, 0.0, 0.0, 0.0, 1.0],
                [0.998906, 0.039707, 0.024679, 0.0, -0.035722, 0.988784, -0.145015, 0.329779, -0.03016, 0.143974, 0.989121, 0.0, 0.0, 0.0, 0.0, 1.0]
            ]
        },
        {
            "name": "Tool_L",
            "time": [0.0, 0.1, 0.1833, 0.2, 0.3, 0.5, 0.7, 0.8, 1.0],
            "transform": [
                [0.9832, -0.032075, 0.179695, 0.02, 0.104469, -0.708387, -0.69805, 0.291426, 0.149683, 0.705095, -0.693135, -0.0, 0.0, 0.0, 0.0, 1.0],
                [1.0, -0.0, -0.0, 0.02, -0.0, -0.499984, 0.866035, 0.291426, -0.0, -0.866035, -0.499984, -0.0, 0.0, 0.0, 0.0, 1.0],
                [0.964865, 0.019289, 0.262038, 0.02, -0.186164, -0.653591, 0.733596, 0.291426, 0.185416, -0.756602, -0.627036, -0.0, 0.0, 0.0, 0.0, 1.0],
                [0.981943, -0.155558, 0.107654, 0.02, 0.109216, 0.001503, -0.994017, 0.291426, 0.154465, 0.987826, 0.018466, -0.0, 0.0, 0.0, 0.0, 1.0],
                [0.981954, -0.155526, 0.107605, 0.02, 0.109119, 0.001205, -0.994028, 0.291426, 0.154468, 0.987831, 0.018154, -0.0, 0.0, 0.0, 0.0, 1.0],
                [0.981975, -0.155462, 0.107507, 0.02, 0.108925, 0.00061, -0.99405, 0.291426, 0.154472, 0.987842, 0.017532, -0.0, 0.0, 0.0, 0.0, 1.0],
                [1.0, -0.0, 0.0, 0.02, -0.0, -0.258819, -0.965926, 0.291426, 0.0, 0.965926, -0.258819, -0.0, 0.0, 0.0, 0.0, 1.0],
                [1.0, -0.0, 0.0, 0.02, -0.0, -0.608761, -0.793353, 0.291426, 0.0, 0.793353, -0.608762, 0.0, 0.0, 0.0, 0.0, 1.0],
                [1.0, -0.0, 0.0, 0.02, -0.0, -0.984808, -0.173648, 0.291426, 0.0, 0.173648, -0.984808, 0.0, 0.0, 0.0, 0.0, 1.0]
            ]
        },
        {
            "name": "Elbow_L",
            "time": [0.0, 0.1, 0.2, 0.3, 0.5, 0.7, 0.8, 1.0],
            "transform": [
                [-1.0, -0.0, -1e-06, -0.0, 0.0, 0.397732, -0.917501, 0.329779, 0.0, -0.917501, -0.397732, -0.0, 0.0, 0.0, 0.0, 1.0],
                [-0.999976, -0.0, -2.5e-05, 0.0, 4e-06, 0.009882, -0.999927, 0.329779, -2.4e-05, -0.99993, -0.009906, -0.0, 0.0, 0.0, 0.0, 1.0],
                [-1.0, -0.0, -0.0, 0.0, 0.0, 5e-05, -1.0, 0.329779, 0.0, -1.0, -5e-05, -0.0, 0.0, 0.0, 0.0, 1.0],
                [-1.0, -0.0, -0.0, -0.0, 0.0, 5.6e-05, -1.0, 0.329779, 0.0, -1.0, -5.6e-05, 0.0, 0.0, 0.0, 0.0, 1.0],
                [-1.0, -0.0, -0.0, 0.0, 0.0, 6.7e-05, -1.0, 0.329779, 0.0, -1.0, -6.7e-05, -0.0, 0.0, 0.0, 0.0, 1.0],
                [-1.0, -0.0, -0.0, -0.0, 0.0, -0.0, -1.0, 0.329779, 0.0, -1.0, 0.0, 0.0, 0.0, 0.0, 0.0, 1.0],
                [-1.0, -0.0, -0.0, -0.0, 0.0, -0.0, -1.0, 0.329779, 0.0, -1.0, 0.0, 0.0, 0.0, 0.0, 0.0, 1.0],
                [-1.0, -0.0, -0.0, 0.0, 0.0, 0.072208, -0.997389, 0.329779, 0.0, -0.997389, -0.072208, 0.0, 0.0, 0.0, 0.0, 1.0]
            ]
        }
    ]
}