{
    "animation": [
        {
            "name": "Root",
            "time": [0.0, 0.05, 0.0833, 0.2, 0.3, 0.5, 1.0],
            "transform": [
                [0.998539, -0.025036, -0.047877, -5e-06, -0.054027, -0.459044, -0.886769, 0.000946, 0.000224, 0.888061, -0.459726, 0.796668, 0.0, 0.0, 0.0, 1.0],
                [0.997991, -0.038117, -0.050604, -5e-06, -0.060944, -0.359379, -0.9312, 0.496681, 0.017308, 0.932413, -0.36098, 0.770908, 0.0, 0.0, 0.0, 1.0],
                [0.993171, -0.004457, 0.116583, 0.078902, 0.111616, 0.327178, -0.938348, 1.313052, -0.033961, 0.944952, 0.325441, 1.236887, 0.0, 0.0, 0.0, 1.0],
                [0.993171, -0.004457, 0.116583, 0.078902, 0.115817, 0.158118, -0.980604, 1.713052, -0.014063, 0.98741, 0.157554, 0.936887, 0.0, 0.0, 0.0, 1.0],
                [0.993171, -0.004457, 0.116583, 0.078902, 0.104023, 0.486296, -0.86758, 1.713052, -0.052827, 0.873783, 0.483439, 0.636887, 0.0, 0.0, 0.0, 1.0],
                [0.993171, -0.004457, 0.116583, 0.078902, 0.108759, 0.397022, -0.911342, 1.813052, -0.042224, 0.917798, 0.394795, 0.422601, 0.0, 0.0, 0.0, 1.0],
                [0.993171, -0.004457, 0.116583, 0.078902, 0.108759, 0.397022, -0.911342, 1.813052, -0.042224, 0.917798, 0.394795, 0.422601, 0.0, 0.0, 0.0, 1.0]
            ]
        },
        {
            "name": "Thigh_R",
            "time": [0.0, 0.05, 0.0833, 0.2, 0.3, 0.5, 1.0],
            "transform": [
                [0.913667, 0.27635, -0.298065, 0.124994, 0.38042, -0.323123, 0.866529, -0.00283, 0.143154, -0.905109, -0.400356, -1.2e-05, 0.0, 0.0, 0.0, 1.0],
                [0.95219, 0.29461, -0.080867, 0.124994, 0.254193, -0.617166, 0.744641, -0.00283, 0.16947, -0.729596, -0.662547, -1.2e-05, 0.0, 0.0, 0.0, 1.0],
                [0.939353, 0.08796, -0.33148, 0.124994, 0.323743, 0.091504, 0.94171, -0.002831, 0.113164, -0.991912, 0.057478, -1.2e-05, 0.0, 0.0, 0.0, 1.0],
                [0.974523, 0.201541, -0.098416, 0.124994, 0.197614, -0.564015, 0.801771, -0.002831, 0.106081, -0.800792, -0.589473, -1.2e-05, 0.0, 0.0, 0.0, 1.0],
                [0.991862, 0.125533, 0.021271, 0.124994, 0.010616, -0.248024, 0.968696, -0.00283, 0.126879, -0.960587, -0.247338, -1.1e-05, 0.0, 0.0, 0.0, 1.0],
                [0.9862, 0.106337, -0.126895, 0.124994, 0.100628, 0.223637, 0.969464, -0.002831, 0.131468, -0.968855, 0.20985, -1.2e-05, 0.0, 0.0, 0.0, 1.0],
                [0.9862, 0.106337, -0.126895, 0.124994, 0.100628, 0.223637, 0.969464, -0.002831, 0.131468, -0.968855, 0.20985, -1.2e-05, 0.0, 0.0, 0.0, 1.0]
            ]
        },
        {
            "name": "Leg_R",
            "time": [0.0, 0.05, 0.0833, 0.2, 0.3, 0.5, 1.0],
            "transform": [
                [1.0, -4e-06, 2e-06, -0.0, -4e-06, -0.477658, 0.878546, 0.37472, -2e-06, -0.878546, -0.477658, 0.0, 0.0, 0.0, 0.0, 1.0],
                [1.0, -2e-06, 4e-06, 0.0, -4e-06, 0.116258, 0.993219, 0.37472, -2e-06, -0.993219, 0.116258, 0.0, 0.0, 0.0, 0.0, 1.0],
                [1.0, -3e-06, 4e-06, 0.0, -4e-06, -0.144714, 0.989474, 0.37472, -2e-06, -0.989473, -0.144715, -0.0, 0.0, 0.0, 0.0, 1.0],
                [1.0, 2e-06, 4e-06, 0.0, -4e-06, 0.800122, 0.599837, 0.37472, -2e-06, -0.599837, 0.800122, -0.0, 0.0, 0.0, 0.0, 1.0],
                [1.0, 2e-06, 4e-06, -0.0, -4e-06, 0.79487, 0.606781, 0.37472, -2e-06, -0.606781, 0.794869, 0.0, 0.0, 0.0, 0.0, 1.0],
                [1.0, -3e-06, 3e-06, -0.0, -4e-06, -0.193343, 0.981131, 0.37472, -3e-06, -0.981131, -0.193343, 0.0, 0.0, 0.0, 0.0, 1.0],
                [1.0, -3e-06, 3e-06, -0.0, -4e-06, -0.193343, 0.981131, 0.37472, -3e-06, -0.981131, -0.193343, 0.0, 0.0, 0.0, 0.0, 1.0]
            ]
        },
        {
            "name": "Knee_R",
            "time": [0.0, 0.05, 0.0833, 0.2, 0.3, 0.5, 1.0],
            "transform": [
                [1.0, 4e-06, 1e-06, 0.0, -4e-06, 0.963472, -0.267808, 0.37472, -2e-06, 0.267809, 0.963472, 0.0, 0.0, 0.0, 0.0, 1.0],
                [1.0, 5e-06, -1e-06, 0.0, -4e-06, 0.853225, -0.521542, 0.37472, -2e-06, 0.521542, 0.853225, 0.0, 0.0, 0.0, 0.0, 1.0],
                [1.0, 4e-06, -1e-06, 0.0, -4e-06, 0.831284, -0.555848, 0.37472, -2e-06, 0.555848, 0.831284, -0.0, 0.0, 0.0, 0.0, 1.0],
                [1.0, 3e-06, -3e-06, 0.0, -4e-06, 0.430505, -0.902588, 0.37472, -2e-06, 0.902588, 0.430505, -0.0, 0.0, 0.0, 0.0, 1.0],
                [1.0, 3e-06, -3e-06, -0.0, -4e-06, 0.43443, -0.900706, 0.37472, -2e-06, 0.900706, 0.43443, 0.0, 0.0, 0.0, 0.0, 1.0],
                [1.0, 4e-06, -1e-06, -0.0, -4e-06, 0.844743, -0.535171, 0.37472, -2e-06, 0.535171, 0.844744, -0.0, 0.0, 0.0, 0.0, 1.0],
                [1.0, 4e-06, -1e-06, -0.0, -4e-06, 0.844743, -0.535171, 0.37472, -2e-06, 0.535171, 0.844744, -0.0, 0.0, 0.0, 0.0, 1.0]
            ]
        },
        {
            "name": "Thigh_L",
            "time": [0.0, 0.05, 0.0833, 0.2, 0.3, 0.5, 1.0],
            "transform": [
                [0.719065, -0.61457, -0.324422, -0.125006, -0.694317, -0.615523, -0.372902, -0.00283, 0.029485, 0.493392, -0.869307, -1.2e-05, 0.0, 0.0, 0.0, 1.0],
                [0.716785, -0.658029, -0.230688, -0.125006, -0.693383, -0.70762, -0.13599, -0.00283, -0.073755, 0.25743, -0.963478, -1.2e-05, 0.0, 0.0, 0.0, 1.0],
                [0.95501, -0.287935, -0.071065, -0.125006, -0.292669, -0.876206, -0.382896, -0.002831, 0.047982, 0.386467, -0.921054, -1.2e-05, 0.0, 0.0, 0.0, 1.0],
                [0.865625, -0.47532, 0.15737, -0.125006, -0.486808, -0.872474, 0.042508, -0.002831, 0.117096, -0.113406, -0.986624, -1.2e-05, 0.0, 0.0, 0.0, 1.0],
                [0.998975, 0.021312, 0.039948, -0.125006, -0.020461, -0.574578, 0.818194, -0.00283, 0.040391, -0.818172, -0.573553, -1.2e-05, 0.0, 0.0, 0.0, 1.0],
                [0.990801, -0.07949, 0.109526, -0.125006, -0.132263, -0.740145, 0.659313, -0.002831, 0.028657, -0.667733, -0.743849, -1.2e-05, 0.0, 0.0, 0.0, 1.0],
                [0.990801, -0.07949, 0.109526, -0.125006, -0.132263, -0.740145, 0.659313, -0.002831, 0.028657, -0.667733, -0.743849, -1.2e-05, 0.0, 0.0, 0.0, 1.0]
            ]
        },
        {
            "name": "Leg_L",
            "time": [0.0, 0.05, 0.0833, 0.2, 0.3, 0.5, 1.0],
            "transform": [
                [1.0, -1e-06, 1e-06, -0.0, -1e-06, -0.021077, 0.999778, 0.37472, -1e-06, -0.999778, -0.021077, -0.0, 0.0, 0.0, 0.0, 1.0],
                [1.0, -1e-06, 1e-06, -0.0, -1e-06, -0.192096, 0.981376, 0.37472, -1e-06, -0.981376, -0.192096, -0.0, 0.0, 0.0, 0.0, 1.0],
                [1.0, 1e-06, 1e-06, 0.0, -1e-06, 0.999987, 0.005143, 0.37472, -1e-06, -0.005143, 0.999987, 0.0, 0.0, 0.0, 0.0, 1.0],
                [1.0, -1e-06, 1e-06, 0.0, -1e-06, 0.073859, 0.997268, 0.37472, -1e-06, -0.997268, 0.07386, -0.0, 0.0, 0.0, 0.0, 1.0],
                [1.0, -1e-06, 1e-06, 0.0, -1e-06, -0.243594, 0.969877, 0.37472, -1e-06, -0.969877, -0.243594, -0.0, 0.0, 0.0, 0.0, 1.0],
                [1.0, -1e-06, 1e-06, 0.0, -1e-06, -0.116567, 0.993183, 0.37472, -1e-06, -0.993182, -0.116567, 0.0, 0.0, 0.0, 0.0, 1.0],
                [1.0, -1e-06, 1e-06, 0.0, -1e-06, -0.116567, 0.993183, 0.37472, -1e-06, -0.993182, -0.116567, 0.0, 0.0, 0.0, 0.0, 1.0]
            ]
        },
        {
            "name": "Knee_L",
            "time": [0.0, 0.05, 0.0833, 0.2, 0.3, 0.5, 1.0],
            "transform": [
                [1.0, 1e-06, -0.0, 0.0, -1e-06, 0.975508, -0.219961, 0.37472, -0.0, 0.219961, 0.975509, 0.0, 0.0, 0.0, 0.0, 1.0],
                [1.0, 1e-06, 0.0, -0.0, -1e-06, 0.99226, -0.124176, 0.37472, -0.0, 0.124176, 0.99226, -0.0, 0.0, 0.0, 0.0, 1.0],
                [1.0, 1e-06, -1e-06, 0.0, -1e-06, 0.536955, -0.843611, 0.37472, -0.0, 0.843611, 0.536955, -0.0, 0.0, 0.0, 0.0, 1.0],
                [1.0, 1e-06, -0.0, -0.0, -1e-06, 0.966874, -0.255254, 0.37472, -0.0, 0.255254, 0.966874, -0.0, 0.0, 0.0, 0.0, 1.0],
                [1.0, 1e-06, 0.0, 0.0, -1e-06, 0.995191, -0.097954, 0.37472, -0.0, 0.097954, 0.995191, 0.0, 0.0, 0.0, 0.0, 1.0],
                [1.0, 1e-06, 0.0, 0.0, -1e-06, 0.986789, -0.162013, 0.37472, -0.0, 0.162013, 0.986789, 0.0, 0.0, 0.0, 0.0, 1.0],
                [1.0, 1e-06, 0.0, 0.0, -1e-06, 0.986789, -0.162013, 0.37472, -0.0, 0.162013, 0.986789, 0.0, 0.0, 0.0, 0.0, 1.0]
            ]
        },
        {
            "name": "Torso",
            "time": [0.0, 0.05, 0.0833, 0.2, 0.3, 0.5, 1.0],
            "transform": [
                [0.99975, 0.014498, -0.017031, 0.0, -0.015949, 0.995955, -0.088428, 0.05, 0.015681, 0.088677, 0.995937, 0.0, 0.0, 0.0, 0.0, 1.0],
                [0.99964, 0.017412, -0.020423, 0.0, -0.019123, 0.99604, -0.086827, 0.05, 0.018831, 0.087186, 0.996014, -0.0, 0.0, 0.0, 0.0, 1.0],
                [0.996186, 0.055574, 0.067276, -0.0, -0.079825, 0.891806, 0.44532, 0.05, -0.035249, -0.448991, 0.892841, -0.0, 0.0, 0.0, 0.0, 1.0],
                [0.996945, 0.046472, 0.062786, -0.0, -0.066365, 0.927842, 0.367021, 0.05, -0.0412, -0.370066, 0.928091, -0.0, 0.0, 0.0, 0.0, 1.0],
                [0.996945, 0.046472, 0.062786, -0.0, -0.066365, 0.927842, 0.367021, 0.05, -0.0412, -0.370066, 0.928091, 0.0, 0.0, 0.0, 0.0, 1.0],
                [0.999536, 0.030023, 0.005099, -0.0, -0.030325, 0.965927, 0.257034, 0.05, 0.002792, -0.257069, 0.966389, 0.0, 0.0, 0.0, 0.0, 1.0],
                [0.999536, 0.030023, 0.005099, -0.0, -0.030325, 0.965927, 0.257034, 0.05, 0.002792, -0.257069, 0.966389, 0.0, 0.0, 0.0, 0.0, 1.0]
            ]
        },
        {
            "name": "Chest",
            "time": [0.0, 0.05, 0.0833, 0.2, 0.3, 0.5, 1.0],
            "transform": [
                [1.0, -1e-06, 1e-06, -0.0, 1e-06, 0.999972, 0.007437, 0.35, -1e-06, -0.007437, 0.999972, -0.0, 0.0, 0.0, 0.0, 1.0],
                [1.0, -1e-06, 1e-06, 0.0, 1e-06, 1.0, 1e-06, 0.35, -1e-06, -1e-06, 1.0, -0.0, 0.0, 0.0, 0.0, 1.0],
                [1.0, -1e-06, 1e-06, -0.0, 1e-06, 0.998276, 0.0587, 0.35, -1e-06, -0.0587, 0.998276, 0.0, 0.0, 0.0, 0.0, 1.0],
                [1.0, -1e-06, 1e-06, 0.0, 1e-06, 0.998276, 0.0587, 0.35, -1e-06, -0.0587, 0.998275, -0.0, 0.0, 0.0, 0.0, 1.0],
                [1.0, -1e-06, 1e-06, 0.0, 1e-06, 0.998276, 0.0587, 0.35, -1e-06, -0.0587, 0.998275, 0.0, 0.0, 0.0, 0.0, 1.0],
                [1.0, -1e-06, 1e-06, 0.0, 1e-06, 0.998276, 0.0587, 0.35, -1e-06, -0.0587, 0.998276, 0.0, 0.0, 0.0, 0.0, 1.0],
                [1.0, -1e-06, 1e-06, 0.0, 1e-06, 0.998276, 0.0587, 0.35, -1e-06, -0.0587, 0.998276, 0.0, 0.0, 0.0, 0.0, 1.0]
            ]
        },
        {
            "name": "Head",
            "time": [0.0, 0.05, 0.0833, 0.2, 0.3, 0.5, 1.0],
            "transform": [
                [0.997938, -0.036513, 0.052782, 0.0, -0.01424, 0.675935, 0.736824, 0.35, -0.062581, -0.736056, 0.674021, 0.0, 0.0, 0.0, 0.0, 1.0],
                [0.997408, -0.024874, 0.067522, 0.0, -0.025002, 0.760097, 0.649328, 0.35, -0.067474, -0.649333, 0.757505, 0.0, 0.0, 0.0, 0.0, 1.0],
                [0.985629, -0.098245, -0.137419, -0.0, -0.01104, 0.774282, -0.632744, 0.35, 0.168565, 0.625168, 0.76207, -0.0, 0.0, 0.0, 0.0, 1.0],
                [0.985629, -0.059331, -0.158164, 0.0, -0.01104, 0.911665, -0.410785, 0.350001, 0.168565, 0.406627, 0.897909, -0.0, 0.0, 0.0, 0.0, 1.0],
                [0.985629, -0.109848, -0.128333, 0.0, -0.01104, 0.716189, -0.697819, 0.35, 0.168565, 0.689207, 0.704683, -0.0, 0.0, 0.0, 0.0, 1.0],
                [0.993171, -0.051436, -0.104718, -0.0, -0.011294, 0.850964, -0.525103, 0.350001, 0.11612, 0.5227, 0.844572, -0.0, 0.0, 0.0, 0.0, 1.0],
                [0.993171, -0.051436, -0.104718, -0.0, -0.011294, 0.850964, -0.525103, 0.350001, 0.11612, 0.5227, 0.844572, -0.0, 0.0, 0.0, 0.0, 1.0]
            ]
        },
        {
            "name": "Shoulder_R",
            "time": [0.0, 0.05, 0.0833, 0.2, 0.3, 0.5, 1.0],
            "transform": [
                [-1e-06, 0.965965, 0.258674, 0.0, -3e-06, -0.258674, 0.965965, 0.35, 1.0, -0.0, 3e-06, 0.0, 0.0, 0.0, 0.0, 1.0],
                [0.109339, 0.993939, 0.011418, 0.0, -0.00062, -0.011419, 0.999935, 0.35, 0.994005, -0.109339, -0.000632, 0.0, 0.0, 0.0, 0.0, 1.0],
                [-0.28171, 0.878156, 0.386629, -0.0, 0.096781, -0.374888, 0.922005, 0.35, 0.954606, 0.297156, 0.020621, -0.0, 0.0, 0.0, 0.0, 1.0],
                [-0.41776, 0.808121, 0.415233, 0.0, 0.13627, -0.396123, 0.908029, 0.350001, 0.89828, 0.435922, 0.055362, -0.0, 0.0, 0.0, 0.0, 1.0],
                [-0.41776, 0.808121, 0.415233, 0.0, 0.13627, -0.396123, 0.908029, 0.35, 0.89828, 0.435922, 0.055362, -0.0, 0.0, 0.0, 0.0, 1.0],
                [-1e-06, 0.965965, 0.258674, -0.0, -3e-06, -0.258674, 0.965965, 0.350001, 1.0, -0.0, 3e-06, -0.0, 0.0, 0.0, 0.0, 1.0],
                [-1e-06, 0.965965, 0.258674, -0.0, -3e-06, -0.258674, 0.965965, 0.350001, 1.0, -0.0, 3e-06, -0.0, 0.0, 0.0, 0.0, 1.0]
            ]
        },
        {
            "name": "Arm_R",
            "time": [0.0, 0.05, 0.0667, 0.0833, 0.2, 0.3, 0.5, 1.0],
            "transform": [
                [-0.38118, -0.90122, 0.206166, -0.007298, -0.183807, -0.144674, -0.972257, 0.384711, 0.906045, -0.4085, -0.110503, 0.011999, 0.0, 0.0, 0.0, 1.0],
                [-0.419039, -0.897506, 0.137441, 0.0, 0.393109, -0.315783, -0.863566, 0.388213, 0.818457, -0.307838, 0.485143, -0.0, 0.0, 0.0, 0.0, 1.0],
                [0.967519, 0.052829, -0.247218, 0.0, -0.128355, 0.94515, -0.300361, 0.388213, 0.21779, 0.322336, 0.921231, 0.0, 0.0, 0.0, 0.0, 1.0],
                [0.582399, 0.161829, -0.796632, 0.0, -0.115154, 0.986525, 0.116219, 0.388213, 0.804706, 0.024049, 0.593187, -0.0, 0.0, 0.0, 0.0, 1.0],
                [0.598386, 0.303121, -0.741655, -0.0, -0.032175, 0.934015, 0.355781, 0.388213, 0.800561, -0.189032, 0.568655, -0.0, 0.0, 0.0, 0.0, 1.0],
                [0.760445, 0.366556, -0.536061, -0.0, -0.16767, 0.908303, 0.38324, 0.388213, 0.627384, -0.201551, 0.752174, 0.0, 0.0, 0.0, 0.0, 1.0],
                [0.505439, 0.096877, -0.857406, 0.0, 0.260543, 0.93016, 0.258687, 0.388213, 0.822586, -0.354142, 0.444899, 0.0, 0.0, 0.0, 0.0, 1.0],
                [0.505439, 0.096877, -0.857406, 0.0, 0.260543, 0.93016, 0.258687, 0.388213, 0.822586, -0.354142, 0.444899, 0.0, 0.0, 0.0, 0.0, 1.0]
            ]
        },
        {
            "name": "Hand_R",
            "time": [0.0, 0.05, 0.0667, 0.0833, 0.2, 0.3, 0.5, 1.0],
            "transform": [
                [1.0, 0.0, -0.0, 0.0, -0.0, 0.819986, -0.572384, 0.329779, -0.0, 0.572384, 0.819985, 0.0, 0.0, 0.0, 0.0, 1.0],
                [0.999999, 0.0, -0.0, -0.0, -0.0, 0.791141, -0.611633, 0.329779, -0.0, 0.611633, 0.791141, 0.0, 0.0, 0.0, 0.0, 1.0],
                [1.0, 0.0, 0.0, 0.0, -0.0, 1.0, -0.0, 0.329779, -0.0, 0.0, 1.0, -0.0, 0.0, 0.0, 0.0, 1.0],
                [0.999999, 0.0, 0.0, -0.0, -0.0, 0.998596, -0.052966, 0.329779, -0.0, 0.052966, 0.998596, 0.0, 0.0, 0.0, 0.0, 1.0],
                [1.0, 0.0, 0.0, -0.0, -0.0, 0.998597, -0.052966, 0.329779, -0.0, 0.052966, 0.998596, 0.0, 0.0, 0.0, 0.0, 1.0],
                [1.0, 0.0, 0.0, 0.0, -0.0, 0.998597, -0.052966, 0.329779, -0.0, 0.052966, 0.998596, 0.0, 0.0, 0.0, 0.0, 1.0],
                [1.0, 0.0, 0.0, 0.0, -0.0, 0.998596, -0.052966, 0.329779, -0.0, 0.052966, 0.998596, -0.0, 0.0, 0.0, 0.0, 1.0],
                [1.0, 0.0, 0.0, 0.0, -0.0, 0.998596, -0.052966, 0.329779, -0.0, 0.052966, 0.998596, -0.0, 0.0, 0.0, 0.0, 1.0]
            ]
        },
        {
            "name": "Tool_R",
            "time": [0.0, 0.05, 0.0833, 0.2, 0.3, 0.5, 1.0],
            "transform": [
                [1.0, -0.0, 0.0, -0.02, -0.0, -0.987659, -0.156617, 0.291425, 0.0, 0.156617, -0.98766, -0.0, 0.0, 0.0, 0.0, 1.0],
                [1.0, -0.0, 0.0, -0.02, 0.0, -0.982251, -0.187569, 0.291425, 0.0, 0.187569, -0.982252, -0.0, 0.0, 0.0, 0.0, 1.0],
                [1.0, -0.0, 0.0, -0.02, 0.0, -0.707107, -0.707107, 0.291425, 0.0, 0.707107, -0.707107, -0.0, 0.0, 0.0, 0.0, 1.0],
                [1.0, -0.0, 0.0, -0.02, 0.0, -0.707107, -0.707107, 0.291425, 0.0, 0.707107, -0.707107, 0.0, 0.0, 0.0, 0.0, 1.0],
                [1.0, -0.0, 0.0, -0.02, 0.0, -0.707107, -0.707107, 0.291425, 0.0, 0.707107, -0.707107, 0.0, 0.0, 0.0, 0.0, 1.0],
                [1.0, 0.0, 0.0, -0.02, 0.0, -0.707107, -0.707107, 0.291425, 0.0, 0.707107, -0.707107, 0.0, 0.0, 0.0, 0.0, 1.0],
                [1.0, 0.0, 0.0, -0.02, 0.0, -0.707107, -0.707107, 0.291425, 0.0, 0.707107, -0.707107, 0.0, 0.0, 0.0, 0.0, 1.0]
            ]
        },
        {
            "name": "Elbow_R",
            "time": [0.0, 0.05, 0.0833, 0.2, 0.3, 0.5, 1.0],
            "transform": [
                [-0.999999, 0.0, -0.0, 0.0, 0.0, 0.300012, -0.953935, 0.329779, -0.0, -0.953935, -0.300012, 0.0, 0.0, 0.0, 0.0, 1.0],
                [-1.0, 0.0, -0.0, -0.0, 1e-06, 0.323155, -0.946346, 0.329779, -0.0, -0.946346, -0.323155, 0.0, 0.0, 0.0, 0.0, 1.0],
                [-0.999999, -0.0, -0.0, 0.0, 0.0, 0.026492, -0.999649, 0.329779, -0.0, -0.999648, -0.026492, 0.0, 0.0, 0.0, 0.0, 1.0],
                [-1.0, 0.0, -0.0, 0.0, 0.0, 0.026492, -0.999649, 0.329779, -0.0, -0.999649, -0.026492, 0.0, 0.0, 0.0, 0.0, 1.0],
                [-0.999999, -0.0, -0.0, 0.0, 1e-06, 0.026492, -0.999649, 0.329779, 0.0, -0.999648, -0.026492, 0.0, 0.0, 0.0, 0.0, 1.0],
                [-1.0, -0.0, -0.0, 0.0, 0.0, 0.026492, -0.999649, 0.329779, -0.0, -0.999649, -0.026492, -0.0, 0.0, 0.0, 0.0, 1.0],
                [-1.0, -0.0, -0.0, 0.0, 0.0, 0.026492, -0.999649, 0.329779, -0.0, -0.999649, -0.026492, -0.0, 0.0, 0.0, 0.0, 1.0]
            ]
        },
        {
            "name": "Shoulder_L",
            "time": [0.0, 0.05, 0.0833, 0.2, 0.3, 0.5, 1.0],
            "transform": [
                [0.0, -0.965965, -0.258673, 0.0, -0.0, -0.258673, 0.965965, 0.35, -1.0, -0.0, -0.0, 0.0, 0.0, 0.0, 0.0, 1.0],
                [0.295731, -0.942053, 0.158366, 0.0, 0.01375, 0.169962, 0.985355, 0.35, -0.955173, -0.289222, 0.063216, 0.0, 0.0, 0.0, 0.0, 1.0],
                [-0.213522, -0.966976, 0.139158, -0.0, 0.02166, 0.137723, 0.990234, 0.35, -0.976698, 0.214451, -0.008462, -0.0, 0.0, 0.0, 0.0, 1.0],
                [-0.372388, -0.926041, -0.061442, 0.0, -0.066326, -0.03948, 0.997017, 0.350001, -0.925704, 0.375353, -0.046719, -0.0, 0.0, 0.0, 0.0, 1.0],
                [-0.301952, -0.947254, -0.107398, 0.0, -0.091984, -0.083181, 0.99228, 0.35, -0.948875, 0.309499, -0.062015, -0.0, 0.0, 0.0, 0.0, 1.0],
                [0.0, -0.965965, -0.258673, -0.0, -0.0, -0.258673, 0.965965, 0.350001, -1.0, -0.0, -0.0, -0.0, 0.0, 0.0, 0.0, 1.0],
                [0.0, -0.965965, -0.258673, -0.0, -0.0, -0.258673, 0.965965, 0.350001, -1.0, -0.0, -0.0, -0.0, 0.0, 0.0, 0.0, 1.0]
            ]
        },
        {
            "name": "Arm_L",
            "time": [0.0, 0.05, 0.0667, 0.0833, 0.2, 0.3, 0.5, 1.0],
            "transform": [
                [-0.43076, 0.877691, -0.210012, -0.007298, -0.075116, -0.266771, -0.960828, 0.391175, -0.899335, -0.398111, 0.180843, -0.012144, 0.0, 0.0, 0.0, 1.0],
                [-0.057232, 0.881583, -0.468548, 0.0, -0.056027, -0.471413, -0.880131, 0.388212, -0.996787, -0.024121, 0.076372, -0.0, 0.0, 0.0, 0.0, 1.0],
                [0.267135, -0.109509, 0.957417, 0.0, -0.189641, 0.96812, 0.163646, 0.388212, -0.944815, -0.225281, 0.237851, -0.0, 0.0, 0.0, 0.0, 1.0],
                [0.520616, -0.112867, 0.846298, -0.0, 0.04069, 0.993377, 0.107451, 0.388212, -0.85282, -0.021505, 0.521761, -0.0, 0.0, 0.0, 0.0, 1.0],
                [0.463147, -0.224392, 0.857405, 0.0, -0.010921, 0.9659, 0.258685, 0.388212, -0.886214, -0.129173, 0.444903, -0.0, 0.0, 0.0, 0.0, 1.0],
                [0.463147, -0.224392, 0.857405, 0.0, -0.010921, 0.9659, 0.258685, 0.388212, -0.886214, -0.129173, 0.444903, -0.0, 0.0, 0.0, 0.0, 1.0],
                [0.505442, -0.096875, 0.857405, 0.0, -0.260542, 0.930161, 0.258685, 0.388212, -0.822585, -0.354141, 0.444903, -0.0, 0.0, 0.0, 0.0, 1.0],
                [0.505442, -0.096875, 0.857405, 0.0, -0.260542, 0.930161, 0.258685, 0.388212, -0.822585, -0.354141, 0.444903, -0.0, 0.0, 0.0, 0.0, 1.0]
            ]
        },
        {
            "name": "Hand_L",
            "time": [0.0, 0.05, 0.0667, 0.0833, 0.2, 0.3, 0.5, 1.0],
            "transform": [
                [1.0, 1e-06, -0.0, 0.0, -0.0, 0.437456, -0.89924, 0.329779, -1e-06, 0.89924, 0.437456, -0.0, 0.0, 0.0, 0.0, 1.0],
                [1.0, 1e-06, -0.0, 0.0, -0.0, 0.237924, -0.971284, 0.329779, -1e-06, 0.971284, 0.237924, -0.0, 0.0, 0.0, 0.0, 1.0],
                [1.0, 0.0, 0.0, -0.0, -0.0, 1.0, 0.0, 0.329779, -1e-06, -1e-06, 1.0, -0.0, 0.0, 0.0, 0.0, 1.0],
                [1.0, 0.0, 0.0, 0.0, -0.0, 0.999941, -0.010832, 0.329779, -0.0, 0.010832, 0.999941, 0.0, 0.0, 0.0, 0.0, 1.0],
                [1.0, 0.0, 0.0, -0.0, -0.0, 0.999942, -0.010832, 0.329779, -0.0, 0.010832, 0.999941, -0.0, 0.0, 0.0, 0.0, 1.0],
                [1.0, 0.0, 0.0, 0.0, -0.0, 0.999942, -0.010832, 0.329779, -0.0, 0.010832, 0.999941, 0.0, 0.0, 0.0, 0.0, 1.0],
                [1.0, 0.0, 0.0, 0.0, -0.0, 0.999941, -0.010832, 0.329779, -0.0, 0.010832, 0.999941, 0.0, 0.0, 0.0, 0.0, 1.0],
                [1.0, 0.0, 0.0, 0.0, -0.0, 0.999941, -0.010832, 0.329779, -0.0, 0.010832, 0.999941, 0.0, 0.0, 0.0, 0.0, 1.0]
            ]
        },
        {
            "name": "Tool_L",
            "time": [0.0, 0.05, 0.0667, 0.0833, 0.2, 0.3, 0.5, 1.0],
            "transform": [
                [0.931467, 0.362403, 0.032131, 0.02, 0.216607, -0.481435, -0.849295, 0.291426, -0.292318, 0.79805, -0.526941, -0.0, 0.0, 0.0, 0.0, 1.0],
                [0.906803, 0.41407, 0.079087, 0.02, 0.215803, -0.294807, -0.930869, 0.291426, -0.36213, 0.861182, -0.356689, -0.0, 0.0, 0.0, 0.0, 1.0],
                [1.0, -0.0, 0.0, 0.02, 0.0, -0.939693, -0.34202, 0.291426, 0.0, 0.34202, -0.939693, 0.0, 0.0, 0.0, 0.0, 1.0],
                [1.0, -0.0, 0.0, 0.02, -0.0, -0.707107, -0.707107, 0.291426, 0.0, 0.707107, -0.707107, 0.0, 0.0, 0.0, 0.0, 1.0],
                [1.0, -0.0, 0.0, 0.02, -0.0, -0.707107, -0.707107, 0.291426, 0.0, 0.707107, -0.707107, -0.0, 0.0, 0.0, 0.0, 1.0],
                [1.0, -0.0, 0.0, 0.02, -0.0, -0.707107, -0.707107, 0.291426, 0.0, 0.707107, -0.707107, -0.0, 0.0, 0.0, 0.0, 1.0],
                [1.0, -0.0, 0.0, 0.02, -0.0, -0.707107, -0.707107, 0.291426, 0.0, 0.707107, -0.707107, -0.0, 0.0, 0.0, 0.0, 1.0],
                [1.0, -0.0, 0.0, 0.02, -0.0, -0.707107, -0.707107, 0.291426, 0.0, 0.707107, -0.707107, -0.0, 0.0, 0.0, 0.0, 1.0]
            ]
        },
        {
            "name": "Elbow_L",
            "time": [0.0, 0.05, 0.0833, 0.2, 0.3, 0.5, 1.0],
            "transform": [
                [-1.0, -0.0, -0.0, -0.0, 1e-06, 0.530351, -0.847778, 0.329779, 0.0, -0.847778, -0.53035, -0.0, 0.0, 0.0, 0.0, 1.0],
                [-1.0, -0.0, -0.0, 0.0, 0.0, 0.617283, -0.786742, 0.329779, 0.0, -0.786741, -0.617283, 0.0, 0.0, 0.0, 0.0, 1.0],
                [-0.999995, -3e-06, -7e-06, 0.0, -6e-06, 0.005414, -0.999975, 0.329779, -2e-06, -0.999971, -0.005417, 0.0, 0.0, 0.0, 0.0, 1.0],
                [-0.999994, -2e-06, -7e-06, -0.0, -5e-06, 0.005411, -0.999976, 0.329779, -5e-06, -0.999973, -0.005416, -0.0, 0.0, 0.0, 0.0, 1.0],
                [-0.999994, -4e-06, -7e-06, 0.0, -5e-06, 0.005412, -0.999975, 0.329779, -5e-06, -0.999973, -0.005418, 0.0, 0.0, 0.0, 0.0, 1.0],
                [-0.99999, -1e-06, -7e-06, 0.0, -5e-06, 0.005412, -0.99998, 0.329779, -3e-06, -0.999972, -0.005418, 0.0, 0.0, 0.0, 0.0, 1.0],
                [-0.99999, -1e-06, -7e-06, 0.0, -5e-06, 0.005412, -0.99998, 0.329779, -3e-06, -0.999972, -0.005418, 0.0, 0.0, 0.0, 0.0, 1.0]
            ]
        }
    ]
}