{
    "animation": [
        {
            "name": "Root",
            "time": [0.0, 0.1333, 0.2167, 0.35, 0.45, 0.5167, 0.6333, 0.7, 0.7667, 0.8667, 0.9667, 1.0833, 1.1667],
            "transform": [
                [0.98368, 0.0, -0.179927, -5e-06, -0.179927, 0.0, -0.98368, 0.515949, 0.0, 1.0, 0.0, 0.554017, 0.0, 0.0, 0.0, 1.0],
                [0.99982, 0.0, 0.018969, -5e-06, 0.018969, 0.0, -0.99982, 1.599872, 0.0, 1.0, 0.0, 0.554017, 0.0, 0.0, 0.0, 1.0],
                [0.418583, 0.572441, 0.705053, -5e-06, 0.526375, 0.479721, -0.701995, 2.421141, -0.74008, 0.664965, -0.100515, 0.56558, 0.0, 0.0, 0.0, 1.0],
                [-0.928259, 0.261836, 0.264154, -5e-06, 0.203795, 0.952174, -0.227666, 3.505081, -0.311132, -0.1575, -0.937225, 0.584758, 0.0, 0.0, 0.0, 1.0],
                [-0.551566, -0.368452, -0.748343, -0.002908, -0.101016, 0.920055, -0.378542, 4.259216, 0.827992, -0.133196, -0.544691, 0.548229, 0.0, 0.0, 0.0, 1.0],
                [0.523891, -0.431213, -0.734571, -0.023229, -0.027086, 0.85352, -0.520356, 4.786468, 0.851354, 0.292507, 0.435472, 0.511701, 0.0, 0.0, 0.0, 1.0],
                [-0.362794, 0.438737, 0.822126, -0.139704, -0.027086, 0.876895, -0.479918, 6.1372, -0.931476, -0.196379, -0.306248, 0.572453, 0.0, 0.0, 0.0, 1.0],
                [-0.757769, -0.458196, -0.464588, -0.020314, -0.620764, 0.286784, 0.729663, 7.188735, -0.201092, 0.841315, -0.501747, 0.455029, 0.0, 0.0, 0.0, 1.0],
                [-0.221677, 0.0, -0.97512, -0.020314, -0.97512, 0.0, 0.221677, 7.361443, 0.0, 1.0, 0.0, 0.455029, 0.0, 0.0, 0.0, 1.0],
                [0.676946, 0.0, -0.736033, -0.020314, -0.736033, 0.0, -0.676946, 7.821297, 0.0, 1.0, 0.0, 0.455029, 0.0, 0.0, 0.0, 1.0],
                [0.92012, 0.0, -0.391636, -5e-06, -0.391636, 0.0, -0.92012, 8.437016, 0.0, 1.0, 0.0, 0.468044, 0.0, 0.0, 0.0, 1.0],
                [0.985862, 0.0, 0.167559, 0.072016, 0.167559, 0.0, -0.985862, 9.515547, 0.0, 1.0, 0.0, 0.353747, 0.0, 0.0, 0.0, 1.0],
                [0.985862, 0.0, 0.167559, 0.072016, 0.167559, 0.0, -0.985862, 9.772072, 0.0, 1.0, 0.0, 0.320578, 0.0, 0.0, 0.0, 1.0]
            ]
        },
        {
            "name": "Thigh_R",
            "time": [0.0, 0.1333, 0.2167, 0.35, 0.45, 0.5167, 0.6333, 0.7, 0.7667, 0.8667, 0.9667, 1.0833, 1.1667],
            "transform": [
                [0.973452, 0.227877, 0.021504, 0.124994, 0.209622, -0.849829, -0.483579, -0.002831, -0.091922, 0.475251, -0.875036, -1.2e-05, 0.0, 0.0, 0.0, 1.0],
                [0.995608, 0.093606, -0.001633, 0.124994, 0.084957, -0.910653, -0.404342, -0.002831, -0.039336, 0.402429, -0.914606, -1.2e-05, 0.0, 0.0, 0.0, 1.0],
                [0.997709, -0.063791, 0.022529, 0.124994, -0.062806, -0.997142, -0.041963, -0.002831, 0.025141, 0.040454, -0.998865, -1.2e-05, 0.0, 0.0, 0.0, 1.0],
                [0.984563, 0.172501, -0.02965, 0.124994, 0.164252, -0.969103, -0.18401, -0.002831, -0.060476, 0.176301, -0.982477, -1.2e-05, 0.0, 0.0, 0.0, 1.0],
                [0.917676, 0.32834, -0.223748, 0.124994, 0.359637, -0.925798, 0.116438, -0.002831, -0.168915, -0.187319, -0.967667, -1.2e-05, 0.0, 0.0, 0.0, 1.0],
                [0.999994, 0.003363, -0.00019, 0.124994, 0.003107, -0.942327, -0.334679, -0.00283, -0.001304, 0.334679, -0.942331, -1.2e-05, 0.0, 0.0, 0.0, 1.0],
                [0.999994, 0.003335, -0.000267, 0.124994, 0.003116, -0.957066, -0.289853, -0.00283, -0.001222, 0.289853, -0.95707, -1.2e-05, 0.0, 0.0, 0.0, 1.0],
                [0.754507, 0.489237, -0.437454, 0.124994, 0.640009, -0.696054, 0.325415, -0.002832, -0.145288, -0.525501, -0.838295, -1.1e-05, 0.0, 0.0, 0.0, 1.0],
                [0.789557, 0.49585, -0.361569, 0.124993, 0.606581, -0.71993, 0.337282, -0.002831, -0.093064, -0.485623, -0.8692, -1.2e-05, 0.0, 0.0, 0.0, 1.0],
                [0.799587, 0.272781, -0.535024, 0.124993, 0.593058, -0.49895, 0.631926, -0.002831, -0.094575, -0.822579, -0.560731, -1.2e-05, 0.0, 0.0, 0.0, 1.0],
                [0.859878, -0.342721, -0.378355, 0.124994, 0.273249, -0.317051, 0.908192, -0.002831, -0.431215, -0.884319, -0.178979, -1.3e-05, 0.0, 0.0, 0.0, 1.0],
                [0.959599, 0.140139, -0.243989, 0.124994, 0.256565, -0.079791, 0.963227, -0.002831, 0.115517, -0.986912, -0.112523, -1e-05, 0.0, 0.0, 0.0, 1.0],
                [0.926696, 0.122421, -0.355314, 0.124994, 0.364803, -0.065855, 0.928752, -0.002831, 0.090299, -0.990291, -0.105688, -1e-05, 0.0, 0.0, 0.0, 1.0]
            ]
        },
        {
            "name": "Leg_R",
            "time": [0.0, 0.1333, 0.2167, 0.35, 0.45, 0.5167, 0.6333, 0.7, 0.7667, 0.8667, 0.9667, 1.0833, 1.1667],
            "transform": [
                [1.0, 0.000119, -8e-06, 0.0, -0.000106, 0.918932, 0.394415, 0.37472, 5.5e-05, -0.394415, 0.918933, -0.0, 0.0, 0.0, 0.0, 1.0],
                [1.0, 4.8e-05, 9e-06, 0.0, -4.2e-05, 0.757362, 0.652994, 0.37472, 2.4e-05, -0.652996, 0.757363, 0.0, 0.0, 0.0, 0.0, 1.0],
                [1.0, -2.7e-05, -2.3e-05, -0.0, 3e-05, 0.327134, 0.944978, 0.37472, -1.8e-05, -0.944979, 0.327135, 0.0, 0.0, 0.0, 0.0, 1.0],
                [1.0, 8.4e-05, 3.3e-05, -0.0, -8e-05, 0.658247, 0.752801, 0.374721, 4.2e-05, -0.752802, 0.658248, -0.0, 0.0, 0.0, 0.0, 1.0],
                [1.0, 9.4e-05, 0.000189, -0.0, -0.000159, -0.254625, 0.96704, 0.37472, 0.000139, -0.96704, -0.254625, 0.0, 0.0, 0.0, 0.0, 1.0],
                [1.0, 2e-06, 1e-06, -0.0, -2e-06, 0.753724, 0.65719, 0.374719, 0.0, -0.657191, 0.753725, -0.0, 0.0, 0.0, 0.0, 1.0],
                [1.0, 1e-06, 1e-06, 0.0, -2e-06, 0.75331, 0.657665, 0.37472, 0.0, -0.657666, 0.75331, -0.0, 0.0, 0.0, 0.0, 1.0],
                [1.0, 0.000169, 0.000327, -0.0, -0.000315, -0.066231, 0.997806, 0.37472, 0.00019, -0.997803, -0.066232, 0.0, 0.0, 0.0, 0.0, 1.0],
                [1.0, 0.000222, 0.000257, -0.0, -0.000307, 0.270166, 0.962815, 0.37472, 0.000144, -0.962813, 0.270165, 0.0, 0.0, 0.0, 0.0, 1.0],
                [1.0, 0.000183, 0.00026, 1e-06, -0.000299, 0.260426, 0.965495, 0.37472, 0.000109, -0.965492, 0.260426, 0.0, 0.0, 0.0, 0.0, 1.0],
                [1.0, 5.9e-05, 0.000116, 0.0, -0.000127, 0.22633, 0.97405, 0.374721, 3.1e-05, -0.97405, 0.226331, 0.0, 0.0, 0.0, 0.0, 1.0],
                [1.000001, 2.9e-05, 0.000278, -0.0, -0.000255, -0.315973, 0.948768, 0.374719, 0.000115, -0.948769, -0.315972, -0.0, 0.0, 0.0, 0.0, 1.0],
                [1.0, 2.9e-05, 0.000335, 0.0, -0.000291, -0.422114, 0.906543, 0.37472, 0.000167, -0.906544, -0.422114, 0.0, 0.0, 0.0, 0.0, 1.0]
            ]
        },
        {
            "name": "Knee_R",
            "time": [0.0, 0.1333, 0.2167, 0.35, 0.45, 0.5167, 0.6333, 0.7, 0.7667, 0.8667, 0.9667, 1.0833, 1.1667],
            "transform": [
                [1.0, 0.0, -0.0, 0.0, -0.0, 1e-06, -1.0, 0.37472, -0.0, 1.0, 1e-06, -0.0, 0.0, 0.0, 0.0, 1.0],
                [1.0, 0.0, -0.0, 0.0, -0.0, 1e-06, -1.0, 0.37472, -0.0, 1.0, 1e-06, 0.0, 0.0, 0.0, 0.0, 1.0],
                [1.0, 0.0, -0.0, 0.0, -0.0, 1e-06, -1.0, 0.37472, -0.0, 1.0, 1e-06, 0.0, 0.0, 0.0, 0.0, 1.0],
                [1.0, 0.0, -0.0, -0.0, -0.0, 1e-06, -1.0, 0.37472, -0.0, 1.0, 1e-06, -0.0, 0.0, 0.0, 0.0, 1.0],
                [1.0, 0.0, -0.0, -0.0, -0.0, 1e-06, -1.0, 0.37472, -0.0, 1.0, 1e-06, 0.0, 0.0, 0.0, 0.0, 1.0],
                [1.0, 0.0, -0.0, 0.0, -0.0, 1e-06, -1.0, 0.37472, -0.0, 1.0, 1e-06, -0.0, 0.0, 0.0, 0.0, 1.0],
                [1.0, 0.0, -0.0, -0.0, -0.0, 1e-06, -1.0, 0.37472, -0.0, 1.0, 1e-06, -0.0, 0.0, 0.0, 0.0, 1.0],
                [1.0, 0.0, -0.0, 0.0, -0.0, 1e-06, -1.0, 0.37472, -0.0, 1.0, 1e-06, 0.0, 0.0, 0.0, 0.0, 1.0],
                [1.0, 0.0, -0.0, -0.0, -0.0, 1e-06, -1.0, 0.37472, -0.0, 1.0, 1e-06, 0.0, 0.0, 0.0, 0.0, 1.0],
                [1.0, 0.0, -0.0, 0.0, -0.0, 1e-06, -1.0, 0.37472, -0.0, 1.0, 1e-06, 0.0, 0.0, 0.0, 0.0, 1.0],
                [1.0, 0.0, -0.0, -0.0, -0.0, 1e-06, -1.0, 0.37472, -0.0, 1.0, 1e-06, 0.0, 0.0, 0.0, 0.0, 1.0],
                [1.0, 0.0, -0.0, -0.0, -0.0, 1e-06, -1.0, 0.37472, -0.0, 1.0, 1e-06, 0.0, 0.0, 0.0, 0.0, 1.0],
                [1.0, 0.0, -0.0, -0.0, -0.0, 1e-06, -1.0, 0.37472, -0.0, 1.0, 1e-06, -0.0, 0.0, 0.0, 0.0, 1.0]
            ]
        },
        {
            "name": "Thigh_L",
            "time": [0.0, 0.1333, 0.2167, 0.35, 0.45, 0.5167, 0.6333, 0.7, 0.7667, 0.8667, 0.9667, 1.0833, 1.1667],
            "transform": [
                [0.985178, -0.17091, 0.014608, -0.125006, -0.115832, -0.600048, 0.791533, -0.002831, -0.126515, -0.781492, -0.610953, -1.2e-05, 0.0, 0.0, 0.0, 1.0],
                [0.982219, -0.08267, -0.168557, -0.125006, -0.184781, -0.584393, -0.790152, -0.002831, -0.033181, 0.80725, -0.589276, -1.2e-05, 0.0, 0.0, 0.0, 1.0],
                [0.955185, -0.247579, -0.162252, -0.125006, -0.2957, -0.823034, -0.484949, -0.002831, -0.013475, 0.511196, -0.859359, -1.2e-05, 0.0, 0.0, 0.0, 1.0],
                [0.984711, 0.148307, -0.091368, -0.125006, 0.063536, -0.794174, -0.604359, -0.002831, -0.162193, 0.589316, -0.791454, -1.2e-05, 0.0, 0.0, 0.0, 1.0],
                [0.982645, 0.078446, -0.168092, -0.125006, 0.071223, -0.996276, -0.048591, -0.002831, -0.171278, 0.035778, -0.984573, -1.2e-05, 0.0, 0.0, 0.0, 1.0],
                [0.991776, 0.003536, -0.127938, -0.125006, -0.07101, -0.816437, -0.573052, -0.00283, -0.106479, 0.577425, -0.80947, -1.2e-05, 0.0, 0.0, 0.0, 1.0],
                [0.991742, 0.003387, -0.128204, -0.125006, -0.066114, -0.843069, -0.533724, -0.00283, -0.109892, 0.537794, -0.835883, -1.2e-05, 0.0, 0.0, 0.0, 1.0],
                [0.957726, -0.287126, 0.017899, -0.125007, -0.286726, -0.947627, 0.140676, -0.002832, -0.023429, -0.139859, -0.989894, -1.2e-05, 0.0, 0.0, 0.0, 1.0],
                [0.858732, -0.48579, 0.163057, -0.125006, -0.370888, -0.369665, 0.851933, -0.002831, -0.353584, -0.792057, -0.497618, -1.2e-05, 0.0, 0.0, 0.0, 1.0],
                [0.759384, -0.648977, 0.046525, -0.125007, -0.560783, -0.616571, 0.552596, -0.002831, -0.329935, -0.445722, -0.832151, -1.1e-05, 0.0, 0.0, 0.0, 1.0],
                [0.756413, -0.331582, -0.56382, -0.125006, -0.458965, -0.883217, -0.096322, -0.002831, -0.466036, 0.331634, -0.820262, -1.2e-05, 0.0, 0.0, 0.0, 1.0],
                [0.584777, -0.456597, -0.670488, -0.125006, -0.774358, -0.56045, -0.293708, -0.002831, -0.241668, 0.690952, -0.681309, -1.2e-05, 0.0, 0.0, 0.0, 1.0],
                [0.5822, -0.448544, -0.678123, -0.125006, -0.788735, -0.514016, -0.337171, -0.002831, -0.197329, 0.731161, -0.653042, -1.2e-05, 0.0, 0.0, 0.0, 1.0]
            ]
        },
        {
            "name": "Leg_L",
            "time": [0.0, 0.1333, 0.2167, 0.35, 0.45, 0.5167, 0.6333, 0.7, 0.7667, 0.8667, 0.9667, 1.0833, 1.1667],
            "transform": [
                [1.0, -1.8e-05, -4.3e-05, 0.0, 4.5e-05, 0.085476, 0.996342, 0.37472, -1.5e-05, -0.996339, 0.085475, -0.0, 0.0, 0.0, 0.0, 1.0],
                [1.0, -5.4e-05, 4.2e-05, 0.0, 5.4e-05, 0.999989, 0.004584, 0.37472, -4.3e-05, -0.004583, 0.99999, 0.0, 0.0, 0.0, 0.0, 1.0],
                [1.0, -0.000149, 2.8e-05, 0.0, 0.000137, 0.968139, 0.250414, 0.37472, -6.4e-05, -0.250414, 0.968139, 0.0, 0.0, 0.0, 0.0, 1.0],
                [1.0, 3.7e-05, -2.1e-05, 0.0, -3.7e-05, 0.999987, 0.005097, 0.37472, 2.1e-05, -0.005096, 0.999987, 0.0, 0.0, 0.0, 0.0, 1.0],
                [1.0, 3.6e-05, 4.3e-05, -0.0, -4.8e-05, 0.142524, 0.989791, 0.37472, 3e-05, -0.989792, 0.142525, -0.0, 0.0, 0.0, 0.0, 1.0],
                [1.0, -2.4e-05, 5e-06, -0.0, 2.2e-05, 0.966669, 0.256029, 0.37472, -1.1e-05, -0.256029, 0.966669, -0.0, 0.0, 0.0, 0.0, 1.0],
                [1.0, -2.1e-05, 5e-06, -0.0, 1.9e-05, 0.966205, 0.257773, 0.37472, -1e-05, -0.257773, 0.966206, 0.0, 0.0, 0.0, 0.0, 1.0],
                [1.0, -7.8e-05, -0.000123, -0.0, 0.000125, 0.032602, 0.999468, 0.37472, -7.4e-05, -0.99947, 0.032603, 0.0, 0.0, 0.0, 0.0, 1.0],
                [1.0, -0.000144, -0.00034, -0.0, 0.000345, 0.034362, 0.999411, 0.37472, -0.000133, -0.999408, 0.034361, -0.0, 0.0, 0.0, 0.0, 1.0],
                [1.0, -0.00025, -0.000372, 0.0, 0.000397, 0.110778, 0.993846, 0.37472, -0.000207, -0.993845, 0.110777, -0.0, 0.0, 0.0, 0.0, 1.0],
                [1.0, -0.0005, -0.00018, -0.0, 0.000418, 0.529267, 0.848455, 0.37472, -0.000329, -0.848455, 0.529268, -1e-06, 0.0, 0.0, 0.0, 1.0],
                [1.0, -0.000729, 0.000224, -0.0, 0.000589, 0.924361, 0.381517, 0.37472, -0.000485, -0.381518, 0.924361, -0.0, 0.0, 0.0, 0.0, 1.0],
                [1.0, -0.000737, 0.000273, -0.0, 0.000595, 0.937087, 0.349096, 0.37472, -0.000513, -0.349096, 0.937087, 0.0, 0.0, 0.0, 0.0, 1.0]
            ]
        },
        {
            "name": "Knee_L",
            "time": [0.0, 0.1333, 0.2167, 0.35, 0.45, 0.5167, 0.6333, 0.7, 0.7667, 0.8667, 0.9667, 1.0833, 1.1667],
            "transform": [
                [1.0, 0.0, -0.0, 0.0, -0.0, 1e-06, -1.0, 0.37472, -0.0, 1.0, 1e-06, -0.0, 0.0, 0.0, 0.0, 1.0],
                [1.0, 0.0, -0.0, 0.0, -0.0, 1e-06, -1.0, 0.37472, -0.0, 1.0, 1e-06, 0.0, 0.0, 0.0, 0.0, 1.0],
                [1.0, 0.0, -0.0, 0.0, -0.0, 1e-06, -1.0, 0.37472, -0.0, 1.0, 1e-06, 0.0, 0.0, 0.0, 0.0, 1.0],
                [1.0, 0.0, -0.0, 0.0, -0.0, 1e-06, -1.0, 0.37472, -0.0, 1.0, 1e-06, -0.0, 0.0, 0.0, 0.0, 1.0],
                [1.0, 0.0, -0.0, 0.0, -0.0, 1e-06, -1.0, 0.37472, -0.0, 1.0, 1e-06, -0.0, 0.0, 0.0, 0.0, 1.0],
                [1.0, 0.0, -0.0, -0.0, -0.0, 1e-06, -1.0, 0.374721, -0.0, 1.0, 1e-06, -0.0, 0.0, 0.0, 0.0, 1.0],
                [1.0, 0.0, -0.0, 0.0, -0.0, 1e-06, -1.0, 0.37472, -0.0, 1.0, 1e-06, 0.0, 0.0, 0.0, 0.0, 1.0],
                [1.0, 0.0, -0.0, -0.0, -0.0, 1e-06, -1.0, 0.37472, -0.0, 1.0, 1e-06, 0.0, 0.0, 0.0, 0.0, 1.0],
                [1.0, 0.0, -0.0, -0.0, -0.0, 1e-06, -1.0, 0.37472, -0.0, 1.0, 1e-06, -0.0, 0.0, 0.0, 0.0, 1.0],
                [1.0, 0.0, -0.0, 0.0, -0.0, 1e-06, -1.0, 0.374721, -0.0, 1.0, 1e-06, -0.0, 0.0, 0.0, 0.0, 1.0],
                [1.0, 0.0, -0.0, -0.0, -0.0, 1e-06, -1.0, 0.37472, -0.0, 1.0, 1e-06, -1e-06, 0.0, 0.0, 0.0, 1.0],
                [1.0, 0.0, -0.0, 0.0, -0.0, 1e-06, -1.0, 0.37472, -0.0, 1.0, 1e-06, -0.0, 0.0, 0.0, 0.0, 1.0],
                [1.0, 0.0, -0.0, -0.0, -0.0, 1e-06, -1.0, 0.37472, -0.0, 1.0, 1e-06, -0.0, 0.0, 0.0, 0.0, 1.0]
            ]
        },
        {
            "name": "Torso",
            "time": [0.0, 0.1333, 0.2167, 0.35, 0.45, 0.5167, 0.6333, 0.7, 0.7667, 0.8667, 0.9667, 1.0833, 1.1667],
            "transform": [
                [0.999184, -0.038282, -0.012889, 0.0, 0.040147, 0.905915, 0.421553, 0.05, -0.004462, -0.421726, 0.906712, -0.0, 0.0, 0.0, 0.0, 1.0],
                [0.999177, -0.014266, 0.037979, 0.0, -0.004774, 0.888287, 0.459264, 0.05, -0.040289, -0.459067, 0.887488, 0.0, 0.0, 0.0, 0.0, 1.0],
                [0.981849, 0.172791, 0.078202, -0.0, -0.186834, 0.810208, 0.555568, 0.05, 0.032638, -0.560095, 0.827785, -0.0, 0.0, 0.0, 0.0, 1.0],
                [0.992354, 0.019936, 0.121802, -0.0, -0.080183, 0.854379, 0.513428, 0.050001, -0.093829, -0.519269, 0.849445, -0.0, 0.0, 0.0, 0.0, 1.0],
                [0.992354, 0.019936, 0.121802, 0.0, -0.080183, 0.854379, 0.513428, 0.05, -0.093829, -0.519269, 0.849445, -0.0, 0.0, 0.0, 0.0, 1.0],
                [0.992354, 0.019936, 0.121802, -0.0, -0.080183, 0.854379, 0.513428, 0.050001, -0.093829, -0.519269, 0.849445, -0.0, 0.0, 0.0, 0.0, 1.0],
                [0.992354, 0.019936, 0.121802, 0.0, -0.080183, 0.854379, 0.513428, 0.05, -0.093829, -0.519269, 0.849445, -0.0, 0.0, 0.0, 0.0, 1.0],
                [0.973568, 0.10271, 0.203999, 0.0, -0.124063, 0.987738, 0.094772, 0.05, -0.191763, -0.117576, 0.974373, 0.0, 0.0, 0.0, 0.0, 1.0],
                [0.973568, 0.10271, 0.203999, -0.0, -0.124063, 0.987738, 0.094772, 0.05, -0.191763, -0.117576, 0.974373, 0.0, 0.0, 0.0, 0.0, 1.0],
                [0.973568, 0.10271, 0.203999, -0.0, -0.124063, 0.987738, 0.094772, 0.05, -0.191763, -0.117576, 0.974373, 0.0, 0.0, 0.0, 0.0, 1.0],
                [0.983084, -0.056195, 0.174321, 0.0, 0.007248, 0.96296, 0.269547, 0.05, -0.183011, -0.263724, 0.947078, -0.0, 0.0, 0.0, 0.0, 1.0],
                [0.981426, -0.109158, 0.157756, 0.0, 0.05243, 0.943646, 0.326776, 0.05, -0.184536, -0.312436, 0.931842, 0.0, 0.0, 0.0, 0.0, 1.0],
                [0.981426, -0.109158, 0.157756, 0.0, 0.05243, 0.943646, 0.326776, 0.05, -0.184536, -0.312436, 0.931842, 0.0, 0.0, 0.0, 0.0, 1.0]
            ]
        },
        {
            "name": "Chest",
            "time": [0.0, 0.1333, 0.2167, 0.35, 0.45, 0.5167, 0.6333, 0.7, 0.7667, 0.8667, 0.9667, 1.0833, 1.1667],
            "transform": [
                [0.852463, 0.0, -0.522787, 0.0, 0.0, 1.0, 0.0, 0.3, 0.522787, 0.0, 0.852463, -0.0, 0.0, 0.0, 0.0, 1.0],
                [0.996638, 0.0, -0.081931, -0.0, -0.0, 1.0, -0.0, 0.299999, 0.081931, -0.0, 0.996638, -0.0, 0.0, 0.0, 0.0, 1.0],
                [0.797121, -0.191489, 0.572652, -0.0, 0.181273, 0.980527, 0.07555, 0.3, -0.575968, 0.043584, 0.81631, -0.0, 0.0, 0.0, 0.0, 1.0],
                [0.76934, -0.463579, 0.439558, -0.0, 0.436027, 0.883912, 0.169056, 0.3, -0.466901, 0.061598, 0.882161, 0.0, 0.0, 0.0, 0.0, 1.0],
                [0.847474, -0.336593, 0.410479, -0.0, 0.409176, 0.906828, -0.101185, 0.3, -0.338176, 0.25371, 0.906239, 0.0, 0.0, 0.0, 0.0, 1.0],
                [0.900025, -0.206431, 0.383851, 0.0, 0.349872, 0.867385, -0.353881, 0.299999, -0.259895, 0.452801, 0.852893, 0.0, 0.0, 0.0, 0.0, 1.0],
                [0.794193, -0.588573, 0.15113, -0.0, 0.219533, 0.509812, 0.831804, 0.3, -0.566625, -0.627434, 0.5341, 0.0, 0.0, 0.0, 0.0, 1.0],
                [0.916047, -0.219603, -0.335607, -0.0, 0.357703, 0.825807, 0.435994, 0.3, 0.181401, -0.519439, 0.835031, -0.0, 0.0, 0.0, 0.0, 1.0],
                [0.958115, -0.149783, 0.24409, 0.0, 0.083808, 0.961656, 0.261139, 0.3, -0.273845, -0.229744, 0.933931, -0.0, 0.0, 0.0, 0.0, 1.0],
                [0.801319, -0.149783, 0.579183, 1e-06, -0.018047, 0.961656, 0.273663, 0.3, -0.597965, -0.229744, 0.76789, -0.0, 0.0, 0.0, 0.0, 1.0],
                [0.543753, -0.34371, 0.765635, -0.0, -0.039502, 0.900796, 0.432441, 0.3, -0.838315, -0.265386, 0.476233, 0.0, 0.0, 0.0, 0.0, 1.0],
                [0.543753, -0.34371, 0.765635, -0.0, -0.039502, 0.900796, 0.432441, 0.299999, -0.838315, -0.265386, 0.476233, 1e-06, 0.0, 0.0, 0.0, 1.0],
                [0.543753, -0.34371, 0.765635, -0.0, -0.039502, 0.900796, 0.432441, 0.299999, -0.838315, -0.265386, 0.476233, 0.0, 0.0, 0.0, 0.0, 1.0]
            ]
        },
        {
            "name": "Head",
            "time": [0.0, 0.1333, 0.2167, 0.35, 0.45, 0.5167, 0.6333, 0.7, 0.7667, 0.8667, 0.9667, 1.1, 1.1667],
            "transform": [
                [0.895076, 0.014472, 0.445679, -0.0, -0.002471, 0.999619, -0.027498, 0.4, -0.445907, 0.023512, 0.894771, -0.0, 0.0, 0.0, 0.0, 1.0],
                [1.0, -0.0, 0.0, -0.0, 0.0, 1.0, -0.0, 0.4, -0.0, 0.0, 1.0, -0.0, 0.0, 0.0, 0.0, 1.0],
                [0.749831, 0.0, -0.661629, -0.0, -0.0, 1.0, -0.0, 0.4, 0.661629, 0.0, 0.749831, -0.0, 0.0, 0.0, 0.0, 1.0],
                [1.0, 0.0, 0.0, 0.0, -0.0, 1.0, -0.0, 0.4, 0.0, 0.0, 1.0, 0.0, 0.0, 0.0, 0.0, 1.0],
                [1.0, -0.0, 0.0, -0.0, -0.0, 1.0, 0.0, 0.399999, -0.0, -0.0, 1.0, 0.0, 0.0, 0.0, 0.0, 1.0],
                [1.0, 0.0, 0.0, -0.0, 0.0, 1.0, 0.0, 0.399999, -0.0, 0.0, 1.0, 0.0, 0.0, 0.0, 0.0, 1.0],
                [1.0, -0.0, -0.0, -0.0, 0.0, 1.0, -0.0, 0.4, 0.0, -0.0, 1.0, -0.0, 0.0, 0.0, 0.0, 1.0],
                [0.76995, 0.0, 0.638104, -1e-06, -0.0, 1.0, 0.0, 0.4, -0.638104, -0.0, 0.76995, -0.0, 0.0, 0.0, 0.0, 1.0],
                [0.76995, 0.0, 0.638104, 0.0, -0.0, 1.0, 0.0, 0.4, -0.638104, 0.0, 0.76995, -0.0, 0.0, 0.0, 0.0, 1.0],
                [0.995423, -0.095514, -0.003212, -0.0, 0.094855, 0.991539, -0.08862, 0.4, 0.011649, 0.08791, 0.99606, -0.0, 0.0, 0.0, 0.0, 1.0],
                [0.74683, -0.029259, -0.664371, 0.0, -0.135434, 0.971403, -0.195024, 0.4, 0.651078, 0.235628, 0.72151, -0.0, 0.0, 0.0, 0.0, 1.0],
                [0.507406, 0.060175, -0.859604, 1e-06, -0.146533, 0.989055, -0.017259, 0.4, 0.849157, 0.134718, 0.51067, 0.0, 0.0, 0.0, 0.0, 1.0],
                [0.507406, 0.060175, -0.859604, 0.0, -0.146533, 0.989055, -0.017259, 0.4, 0.849157, 0.134718, 0.51067, 0.0, 0.0, 0.0, 0.0, 1.0]
            ]
        },
        {
            "name": "Shoulder_R",
            "time": [0.0, 0.1333, 0.2167, 0.35, 0.45, 0.5167, 0.6333, 0.7, 0.7667, 0.8667, 0.9667, 1.0833, 1.1667],
            "transform": [
                [-0.022851, 0.969614, 0.243571, -0.0, 0.275211, -0.22812, 0.933927, 0.4, 0.961112, 0.088374, -0.261636, -0.0, 0.0, 0.0, 0.0, 1.0],
                [-0.022851, 0.969614, 0.243571, -0.0, 0.275211, -0.22812, 0.933927, 0.4, 0.961112, 0.088374, -0.261636, -0.0, 0.0, 0.0, 0.0, 1.0],
                [-0.044744, 0.995038, 0.088869, -0.0, 0.251343, -0.074884, 0.964997, 0.4, 0.966863, 0.065515, -0.246745, -0.0, 0.0, 0.0, 0.0, 1.0],
                [-0.071765, 0.982485, -0.171967, 0.0, 0.204868, 0.183255, 0.961481, 0.4, 0.976155, 0.033771, -0.214431, 0.0, 0.0, 0.0, 0.0, 1.0],
                [-0.055928, 0.973402, -0.222171, -0.0, 0.226365, 0.229087, 0.94672, 0.399999, 0.972435, 0.002657, -0.233156, 0.0, 0.0, 0.0, 0.0, 1.0],
                [-0.030585, 0.971432, -0.23534, -0.0, 0.291685, 0.233876, 0.927481, 0.399999, 0.956025, -0.040278, -0.290505, 0.0, 0.0, 0.0, 0.0, 1.0],
                [0.102343, 0.963284, 0.248213, -0.0, 0.414619, -0.268123, 0.869598, 0.4, 0.904221, 0.013916, -0.426836, -0.0, 0.0, 0.0, 0.0, 1.0],
                [-0.0, 0.952114, 0.305743, -1e-06, 0.0, -0.305743, 0.952114, 0.4, 1.0, -0.0, -0.0, -0.0, 0.0, 0.0, 0.0, 1.0],
                [0.0, 0.952114, 0.305743, 0.0, -0.0, -0.305743, 0.952114, 0.4, 1.0, 0.0, -0.0, -0.0, 0.0, 0.0, 0.0, 1.0],
                [-0.465852, 0.830363, 0.305743, -0.0, 0.149595, -0.266647, 0.952114, 0.4, 0.872126, 0.489282, -0.0, -0.0, 0.0, 0.0, 0.0, 1.0],
                [0.35275, 0.927168, -0.126202, 0.0, 0.181295, 0.064595, 0.981305, 0.4, 0.917986, -0.369035, -0.145304, -0.0, 0.0, 0.0, 0.0, 1.0],
                [-0.092524, 0.995603, 0.014641, 1e-06, -0.060005, -0.020252, 0.997993, 0.4, 0.993901, 0.091459, 0.061615, -0.0, 0.0, 0.0, 0.0, 1.0],
                [-0.092524, 0.995603, 0.014641, 0.0, -0.060005, -0.020252, 0.997993, 0.4, 0.993901, 0.091459, 0.061615, 0.0, 0.0, 0.0, 0.0, 1.0]
            ]
        },
        {
            "name": "Arm_R",
            "time": [0.0, 0.1333, 0.2167, 0.35, 0.45, 0.5167, 0.6333, 0.7, 0.7667, 0.8667, 0.9667, 1.0833, 1.1667],
            "transform": [
                [0.529529, 0.252235, -0.809924, 0.0, 0.048123, 0.944301, 0.325547, 0.39386, 0.846926, -0.211363, 0.487896, 0.0, 0.0, 0.0, 0.0, 1.0],
                [0.834053, -0.131399, -0.535808, 0.0, 0.054033, 0.986009, -0.157695, 0.39386, 0.549032, 0.102574, 0.829483, 0.0, 0.0, 0.0, 0.0, 1.0],
                [0.92324, 0.227462, 0.309661, -0.0, 0.093251, 0.649192, -0.754887, 0.393861, -0.372737, 0.725817, 0.578149, -0.0, 0.0, 0.0, 0.0, 1.0],
                [0.7749, 0.621175, 0.11693, -0.0, -0.307227, 0.531811, -0.78917, 0.39386, -0.552397, 0.575603, 0.602942, 1e-06, 0.0, 0.0, 0.0, 1.0],
                [0.888648, 0.40213, 0.220448, -0.0, -0.044938, 0.554753, -0.830801, 0.39386, -0.456384, 0.728383, 0.511051, -0.0, 0.0, 0.0, 0.0, 1.0],
                [0.968074, -0.113024, 0.223741, 0.0, 0.25061, 0.455565, -0.854199, 0.39386, -0.005384, 0.882999, 0.469345, 0.0, 0.0, 0.0, 0.0, 1.0],
                [0.12817, -0.412954, -0.901688, 0.0, -0.23488, 0.870681, -0.43214, 0.393861, 0.963537, 0.267176, 0.0146, 0.0, 0.0, 0.0, 0.0, 1.0],
                [0.786187, -0.579882, -0.213654, -0.0, 0.612013, 0.778537, 0.138997, 0.393861, 0.085736, -0.240036, 0.96697, -0.0, 0.0, 0.0, 0.0, 1.0],
                [0.140693, -0.256677, -0.956202, -0.0, 0.072301, 0.965894, -0.24864, 0.393861, 0.98741, -0.034153, 0.154452, -0.0, 0.0, 0.0, 0.0, 1.0],
                [0.15437, 0.113602, -0.98146, 0.0, 0.001454, 0.993341, 0.115206, 0.393861, 0.988012, -0.019212, 0.153177, -0.0, 0.0, 0.0, 0.0, 1.0],
                [0.472294, -0.205115, -0.857243, 0.0, -0.409884, 0.809891, -0.419608, 0.393861, 0.780342, 0.549549, 0.298433, 0.0, 0.0, 0.0, 0.0, 1.0],
                [-0.063425, -0.13947, -0.988193, 0.0, -0.40654, 0.907916, -0.102048, 0.393861, 0.911429, 0.395267, -0.114285, 0.0, 0.0, 0.0, 0.0, 1.0],
                [-0.063425, -0.13947, -0.988193, 0.0, -0.40654, 0.907916, -0.102048, 0.39386, 0.911429, 0.395267, -0.114285, 0.0, 0.0, 0.0, 0.0, 1.0]
            ]
        },
        {
            "name": "Hand_R",
            "time": [0.0, 0.1333, 0.2167, 0.35, 0.45, 0.5167, 0.6333, 0.7, 0.7667, 0.8667, 0.9667, 1.0833, 1.1667],
            "transform": [
                [1.0, -0.0, -0.0, -0.0, -0.0, 0.164673, -0.986349, 0.3, 0.0, 0.986348, 0.164673, 0.0, 0.0, 0.0, 0.0, 1.0],
                [1.0, -0.0, 0.0, 0.0, -0.0, 0.671864, -0.740675, 0.3, 0.0, 0.740675, 0.671864, 0.0, 0.0, 0.0, 0.0, 1.0],
                [1.0, 0.0, -0.0, 0.0, -0.0, 0.993937, 0.109947, 0.3, -0.0, -0.109947, 0.993937, 0.0, 0.0, 0.0, 0.0, 1.0],
                [1.0, 0.0, 0.0, -0.0, -0.0, 0.993937, 0.109947, 0.300001, -0.0, -0.109947, 0.993937, -0.0, 0.0, 0.0, 0.0, 1.0],
                [1.0, 0.0, 0.0, -0.0, 0.0, 0.993937, 0.109947, 0.3, -0.0, -0.109947, 0.993937, 0.0, 0.0, 0.0, 0.0, 1.0],
                [1.0, 0.0, 0.0, -0.0, -0.0, 0.993937, 0.109947, 0.300001, -0.0, -0.109947, 0.993937, 0.0, 0.0, 0.0, 0.0, 1.0],
                [1.0, 0.0, 0.0, -0.0, -0.0, 0.70006, -0.714084, 0.3, -0.0, 0.714084, 0.70006, 1e-06, 0.0, 0.0, 0.0, 1.0],
                [0.959598, -0.281373, 0.0, 0.0, 0.279667, 0.953781, 0.109947, 0.300001, -0.030936, -0.105505, 0.993937, -0.0, 0.0, 0.0, 0.0, 1.0],
                [1.0, 0.0, 0.0, -0.0, -0.0, 0.70006, -0.714084, 0.3, -0.0, 0.714084, 0.70006, 0.0, 0.0, 0.0, 0.0, 1.0],
                [0.996549, -0.057408, -0.059951, -0.0, -0.073535, -0.275592, -0.958458, 0.3, 0.038502, 0.959559, -0.278862, 0.0, 0.0, 0.0, 0.0, 1.0],
                [1.0, 0.0, 0.0, -0.0, -0.0, 0.993937, 0.109947, 0.299999, -0.0, -0.109947, 0.993937, 0.0, 0.0, 0.0, 0.0, 1.0],
                [1.0, 0.0, 0.0, -0.0, -0.0, 0.993938, 0.109947, 0.3, -0.0, -0.109947, 0.993937, -0.0, 0.0, 0.0, 0.0, 1.0],
                [1.0, 0.0, 0.0, 0.0, -0.0, 0.993938, 0.109947, 0.3, -0.0, -0.109947, 0.993937, -0.0, 0.0, 0.0, 0.0, 1.0]
            ]
        },
        {
            "name": "Tool_R",
            "time": [0.0, 0.1333, 0.2167, 0.35, 0.45, 0.5167, 0.6333, 0.7, 0.7667, 0.8667, 0.9667, 1.0833, 1.1667],
            "transform": [
                [0.445724, 0.893574, 0.053438, -0.0, 0.869256, -0.417788, -0.264287, 0.272858, -0.213697, 0.164147, -0.962392, 0.0, 0.0, 0.0, 0.0, 1.0],
                [0.728878, 0.626905, 0.275185, 0.0, 0.638596, -0.477603, -0.603399, 0.272858, -0.246691, 0.615164, -0.748014, -0.0, 0.0, 0.0, 0.0, 1.0],
                [0.950053, 0.307358, 0.054128, 0.0, 0.071542, -0.045665, -0.996392, 0.272858, -0.303596, 0.949931, -0.065345, -0.0, 0.0, 0.0, 0.0, 1.0],
                [0.947405, 0.304897, 0.097269, -0.0, 0.104294, -0.006797, -0.994523, 0.272858, -0.302385, 0.951794, -0.038227, -0.0, 0.0, 0.0, 0.0, 1.0],
                [0.947405, 0.304897, 0.097269, 0.0, 0.104294, -0.006797, -0.994523, 0.272858, -0.302385, 0.951794, -0.038227, -0.0, 0.0, 0.0, 0.0, 1.0],
                [0.947405, 0.304897, 0.097269, 0.0, 0.104294, -0.006797, -0.994523, 0.272858, -0.302385, 0.951793, -0.038227, -0.0, 0.0, 0.0, 0.0, 1.0],
                [1.0, -0.0, 0.0, 0.0, 0.0, -0.698088, -0.716011, 0.272858, 0.0, 0.715577, -0.69768, -0.0, 0.0, 0.0, 0.0, 1.0],
                [0.771661, 0.304962, 0.558156, 0.0, 0.587866, -0.006971, -0.808928, 0.272858, -0.242651, 0.951771, -0.184555, -0.0, 0.0, 0.0, 0.0, 1.0],
                [1.0, -0.0, 0.0, 0.0, 0.0, -0.698088, -0.716011, 0.272858, 0.0, 0.715577, -0.69768, -0.0, 0.0, 0.0, 0.0, 1.0],
                [1.0, -0.0, 0.0, -0.0, 0.0, -0.437555, -0.899191, 0.272858, 0.0, 0.898651, -0.437304, 0.0, 0.0, 0.0, 0.0, 1.0],
                [1.0, 0.0, -0.0, -0.0, -0.0, 0.065623, -0.997844, 0.272858, -0.0, 0.997251, 0.065573, 0.0, 0.0, 0.0, 0.0, 1.0],
                [1.0, -0.0, 0.0, -0.0, 0.0, -0.011883, -0.999929, 0.272859, 0.0, 0.999334, -0.011887, -0.0, 0.0, 0.0, 0.0, 1.0],
                [1.0, -0.0, 0.0, 0.0, 0.0, -0.011883, -0.999929, 0.272858, 0.0, 0.999334, -0.011887, 0.0, 0.0, 0.0, 0.0, 1.0]
            ]
        },
        {
            "name": "Elbow_R",
            "time": [0.0, 0.1333, 0.2167, 0.35, 0.45, 0.5167, 0.6333, 0.7, 0.7667, 0.8667, 0.9667, 1.0833, 1.1667],
            "transform": [
                [-1.0, 0.0, -0.0, -0.0, 0.0, 0.0, -1.0, 0.3, -0.0, -1.0, -0.0, 0.0, 0.0, 0.0, 0.0, 1.0],
                [-1.0, 0.0, -0.0, 0.0, 0.0, 0.0, -1.0, 0.3, -0.0, -1.0, -0.0, 0.0, 0.0, 0.0, 0.0, 1.0],
                [-1.0, 0.0, -0.0, 0.0, 0.0, 0.0, -1.0, 0.3, -0.0, -1.0, -0.0, 0.0, 0.0, 0.0, 0.0, 1.0],
                [-1.0, 0.0, -0.0, -0.0, 0.0, 0.0, -1.0, 0.300001, -0.0, -1.0, -0.0, -0.0, 0.0, 0.0, 0.0, 1.0],
                [-1.0, 0.0, -0.0, -0.0, -0.0, 0.0, -1.0, 0.3, -0.0, -1.0, -0.0, 0.0, 0.0, 0.0, 0.0, 1.0],
                [-1.0, 0.0, -0.0, -0.0, 0.0, 0.0, -1.0, 0.300001, -0.0, -1.0, -0.0, 0.0, 0.0, 0.0, 0.0, 1.0],
                [-1.0, 0.0, -0.0, -0.0, 0.0, -0.0, -1.0, 0.3, -0.0, -1.0, -0.0, 1e-06, 0.0, 0.0, 0.0, 1.0],
                [-1.0, 0.0, -0.0, 0.0, 0.0, 0.0, -1.0, 0.300001, -0.0, -1.0, -0.0, -0.0, 0.0, 0.0, 0.0, 1.0],
                [-1.0, 0.0, -0.0, -0.0, 0.0, 0.0, -1.0, 0.3, -0.0, -1.0, -0.0, 0.0, 0.0, 0.0, 0.0, 1.0],
                [-1.0, 0.0, -0.0, -0.0, 0.0, 0.0, -1.0, 0.3, -0.0, -1.0, 0.0, 0.0, 0.0, 0.0, 0.0, 1.0],
                [-1.0, 0.0, -0.0, -0.0, 0.0, 0.0, -1.0, 0.299999, -0.0, -1.0, -0.0, 0.0, 0.0, 0.0, 0.0, 1.0],
                [-1.0, 0.0, -0.0, -0.0, 0.0, 0.0, -1.0, 0.3, -0.0, -1.0, -0.0, -0.0, 0.0, 0.0, 0.0, 1.0],
                [-1.0, 0.0, -0.0, 0.0, 0.0, 0.0, -1.0, 0.3, -0.0, -1.0, -0.0, -0.0, 0.0, 0.0, 0.0, 1.0]
            ]
        },
        {
            "name": "Shoulder_L",
            "time": [0.0, 0.1333, 0.2167, 0.35, 0.45, 0.5167, 0.6333, 0.7, 0.7667, 0.8167, 0.8667, 0.9667, 1.0833, 1.1667],
            "transform": [
                [0.056666, -0.956981, -0.284563, -0.0, -0.004551, -0.285266, 0.958438, 0.4, -0.998383, -0.053016, -0.02052, -0.0, 0.0, 0.0, 0.0, 1.0],
                [0.056666, -0.956981, -0.284563, -0.0, -0.004551, -0.285266, 0.958438, 0.4, -0.998383, -0.053016, -0.02052, -0.0, 0.0, 0.0, 0.0, 1.0],
                [0.024541, -0.983106, -0.181384, -0.0, 0.087108, -0.178645, 0.98005, 0.4, -0.995896, -0.039852, 0.081253, -0.0, 0.0, 0.0, 0.0, 1.0],
                [-0.006395, -0.999979, -0.000398, 0.0, 0.243104, -0.001941, 0.969998, 0.4, -0.969979, 0.006107, 0.243112, 0.0, 0.0, 0.0, 0.0, 1.0],
                [-0.006395, -0.999979, -0.000398, -0.0, 0.243104, -0.001941, 0.969998, 0.399999, -0.969979, 0.006107, 0.243112, 0.0, 0.0, 0.0, 0.0, 1.0],
                [-0.006395, -0.999979, -0.000398, -0.0, 0.243104, -0.001941, 0.969998, 0.399999, -0.969979, 0.006107, 0.243112, 0.0, 0.0, 0.0, 0.0, 1.0],
                [-0.0, -0.952114, -0.305743, -0.0, 0.0, -0.305743, 0.952114, 0.4, -1.0, -0.0, 0.0, -0.0, 0.0, 0.0, 0.0, 1.0],
                [0.0, -0.952114, -0.305743, -1e-06, 0.0, -0.305743, 0.952114, 0.4, -1.0, 0.0, 0.0, -0.0, 0.0, 0.0, 0.0, 1.0],
                [0.00124, -0.891318, -0.453377, 0.0, 0.002671, -0.453372, 0.891317, 0.4, -0.999996, -0.002316, 0.001818, -0.0, 0.0, 0.0, 0.0, 1.0],
                [-0.012054, -0.891223, -0.453406, -0.0, -0.00409, -0.453391, 0.891302, 0.4, -0.999919, 0.012598, 0.00182, 0.0, 0.0, 0.0, 0.0, 1.0],
                [-0.064047, -0.889015, -0.453377, -0.0, -0.030543, -0.45235, 0.891317, 0.4, -0.997479, 0.070934, 0.001818, -0.0, 0.0, 0.0, 0.0, 1.0],
                [-0.204048, -0.867649, -0.453377, 0.0, -0.101804, -0.441803, 0.891317, 0.4, -0.973653, 0.228027, 0.001818, -0.0, 0.0, 0.0, 0.0, 1.0],
                [0.108875, -0.884644, -0.453377, 1e-06, 0.057405, -0.449731, 0.891317, 0.4, -0.992397, -0.123068, 0.001818, -0.0, 0.0, 0.0, 0.0, 1.0],
                [0.108875, -0.884644, -0.453377, 0.0, 0.057405, -0.449731, 0.891317, 0.4, -0.992397, -0.123068, 0.001818, 0.0, 0.0, 0.0, 0.0, 1.0]
            ]
        },
        {
            "name": "Arm_L",
            "time": [0.0, 0.1333, 0.2167, 0.35, 0.45, 0.5167, 0.6333, 0.7, 0.7667, 0.8167, 0.8667, 0.9667, 1.0833, 1.1667],
            "transform": [
                [0.448481, 0.102367, 0.887911, 0.0, -0.224891, 0.974383, 0.001256, 0.39386, -0.865037, -0.200246, 0.460014, 0.0, 0.0, 0.0, 0.0, 1.0],
                [0.373431, 0.039728, 0.926807, -0.0, -0.215657, 0.975428, 0.04508, 0.39386, -0.902242, -0.216707, 0.372823, -0.0, 0.0, 0.0, 0.0, 1.0],
                [0.245116, -0.063813, 0.967391, -0.0, -0.208572, 0.970996, 0.116899, 0.39386, -0.946792, -0.230424, 0.224697, -0.0, 0.0, 0.0, 0.0, 1.0],
                [-0.208466, 0.877671, 0.43155, -0.0, -0.024203, 0.43648, -0.899389, 0.39386, -0.97773, -0.197937, -0.069749, -0.0, 0.0, 0.0, 0.0, 1.0],
                [-0.208466, 0.877671, 0.43155, 0.0, -0.024203, 0.43648, -0.899389, 0.39386, -0.97773, -0.197937, -0.069749, -0.0, 0.0, 0.0, 0.0, 1.0],
                [-0.208466, 0.877671, 0.43155, -0.0, -0.024203, 0.43648, -0.899389, 0.39386, -0.97773, -0.197937, -0.069749, 0.0, 0.0, 0.0, 0.0, 1.0],
                [-0.320302, 0.944081, 0.07822, -0.0, 0.149666, 0.131965, -0.979891, 0.39386, -0.935418, -0.302154, -0.183566, -0.0, 0.0, 0.0, 0.0, 1.0],
                [-0.240022, 0.837658, -0.490631, -0.0, 0.559136, -0.293862, -0.775249, 0.393861, -0.793572, -0.460406, -0.397832, -0.0, 0.0, 0.0, 0.0, 1.0],
                [-0.240022, 0.946659, -0.215005, 0.0, 0.559136, -0.046239, -0.827785, 0.393859, -0.793572, -0.318903, -0.518213, 0.0, 0.0, 0.0, 0.0, 1.0],
                [0.194279, 0.839005, 0.508258, -1e-06, 0.296028, 0.443829, -0.845803, 0.39386, -0.935213, 0.31478, -0.162142, -0.0, 0.0, 0.0, 0.0, 1.0],
                [0.155691, 0.243002, 0.95745, -0.0, 0.269736, 0.921974, -0.27786, 0.39386, -0.950264, 0.301519, 0.077996, 0.0, 0.0, 0.0, 0.0, 1.0],
                [0.291233, 0.005338, 0.956637, -0.0, 0.108506, 0.993347, -0.038575, 0.393861, -0.950478, 0.115035, 0.288716, -0.0, 0.0, 0.0, 0.0, 1.0],
                [0.296368, 0.290769, 0.909736, -0.0, 0.098249, 0.938194, -0.331871, 0.39386, -0.950007, 0.187736, 0.249483, 0.0, 0.0, 0.0, 0.0, 1.0],
                [0.296368, 0.290769, 0.909736, 0.0, 0.098249, 0.938194, -0.331871, 0.39386, -0.950007, 0.187736, 0.249483, 0.0, 0.0, 0.0, 0.0, 1.0]
            ]
        },
        {
            "name": "Hand_L",
            "time": [0.0, 0.1333, 0.2167, 0.35, 0.45, 0.5167, 0.6333, 0.7, 0.7667, 0.8167, 0.8667, 0.9667, 1.0833, 1.1667],
            "transform": [
                [1.0, -0.0, -0.0, -0.0, 0.0, 0.536033, -0.844197, 0.3, 0.0, 0.844197, 0.536033, 0.0, 0.0, 0.0, 0.0, 1.0],
                [1.0, -0.0, 0.0, 0.0, 0.0, 0.536033, -0.844197, 0.3, -0.0, 0.844197, 0.536033, -0.0, 0.0, 0.0, 0.0, 1.0],
                [1.0, -0.0, -0.0, -0.0, 0.0, 0.693796, -0.720172, 0.3, 0.0, 0.720172, 0.693796, -0.0, 0.0, 0.0, 0.0, 1.0],
                [1.0, 0.0, -0.0, -0.0, -0.0, 0.555829, -0.831296, 0.3, -0.0, 0.831296, 0.555829, 0.0, 0.0, 0.0, 0.0, 1.0],
                [1.0, 0.0, 0.0, -0.0, 0.0, 0.555829, -0.831296, 0.3, -0.0, 0.831296, 0.555829, -0.0, 0.0, 0.0, 0.0, 1.0],
                [1.0, 0.0, 0.0, -1e-06, 0.0, 0.555829, -0.831296, 0.3, -0.0, 0.831296, 0.555829, -0.0, 0.0, 0.0, 0.0, 1.0],
                [1.0, -0.0, 0.0, 0.0, 0.0, 0.529009, -0.848617, 0.3, -0.0, 0.848616, 0.529009, 0.0, 0.0, 0.0, 0.0, 1.0],
                [1.0, -0.0, -0.0, 0.0, 0.0, 0.858662, -0.512542, 0.3, 0.0, 0.512542, 0.858662, -0.0, 0.0, 0.0, 0.0, 1.0],
                [0.944212, 0.091258, 0.316441, -0.0, 0.256919, 0.397041, -0.881108, 0.3, -0.206048, 0.913253, 0.351445, 1e-06, 0.0, 0.0, 0.0, 1.0],
                [1.0, -0.0, 0.0, -0.0, 0.0, 0.990282, -0.139074, 0.3, -0.0, 0.139073, 0.990282, 0.0, 0.0, 0.0, 0.0, 1.0],
                [1.0, -0.0, -0.0, -0.0, 0.0, 0.999395, -0.034792, 0.3, 0.0, 0.034792, 0.999395, 1e-06, 0.0, 0.0, 0.0, 1.0],
                [1.0, -0.0, -0.0, 0.0, 0.0, 0.999395, -0.034792, 0.300001, 0.0, 0.034792, 0.999395, 0.0, 0.0, 0.0, 0.0, 1.0],
                [1.0, -0.0, 0.0, -0.0, 0.0, 0.788995, -0.6144, 0.300001, 0.0, 0.6144, 0.788995, -0.0, 0.0, 0.0, 0.0, 1.0],
                [1.0, -0.0, 0.0, 0.0, 0.0, 0.788995, -0.6144, 0.299999, 0.0, 0.6144, 0.788995, -0.0, 0.0, 0.0, 0.0, 1.0]
            ]
        },
        {
            "name": "Tool_L",
            "time": [0.0, 0.1333, 0.2167, 0.35, 0.45, 0.5167, 0.6333, 0.7, 0.7667, 0.8167, 0.8667, 0.9667, 1.0833, 1.1667],
            "transform": [
                [0.709015, 0.483279, -0.513555, 0.0, 0.220837, -0.84378, -0.489149, 0.272858, -0.669321, 0.233254, -0.704563, 0.0, 0.0, 0.0, 0.0, 1.0],
                [0.674573, 0.663727, -0.323137, -0.0, 0.165528, -0.562584, -0.81, 0.272858, -0.71898, 0.492615, -0.489086, 0.0, 0.0, 0.0, 0.0, 1.0],
                [0.876695, 0.472532, 0.09011, -0.0, 0.048052, 0.10036, -0.99379, 0.272858, -0.478355, 0.875059, 0.06523, -0.0, 0.0, 0.0, 0.0, 1.0],
                [1.0, 0.0, -0.0, 0.0, 0.0, -0.56883, -0.822455, 0.272858, -0.0, 0.821958, -0.568499, 0.0, 0.0, 0.0, 0.0, 1.0],
                [1.0, 0.0, -0.0, 0.0, 0.0, -0.56883, -0.822455, 0.272858, -0.0, 0.821958, -0.568499, 0.0, 0.0, 0.0, 0.0, 1.0],
                [1.0, 0.0, -0.0, 0.0, 0.0, -0.568829, -0.822455, 0.272858, -0.0, 0.821958, -0.568499, -0.0, 0.0, 0.0, 0.0, 1.0],
                [1.0, 0.0, 0.0, 0.0, 0.0, -0.419317, -0.90784, 0.272858, -0.0, 0.907294, -0.419076, -0.0, 0.0, 0.0, 0.0, 1.0],
                [1.0, -0.0, 0.0, -0.0, 0.0, -0.191489, -0.981495, 0.272858, 0.0, 0.980907, -0.191386, -0.0, 0.0, 0.0, 0.0, 1.0],
                [0.934405, 0.356213, -4.1e-05, 0.0, 0.068173, -0.178942, -0.981495, 0.272858, -0.349419, 0.916562, -0.191384, -0.0, 0.0, 0.0, 0.0, 1.0],
                [0.999417, -0.033018, 0.008711, -0.0, 0.004593, -0.122795, -0.992421, 0.272858, 0.033818, 0.991289, -0.12251, 0.0, 0.0, 0.0, 0.0, 1.0],
                [1.0, -0.0, 0.0, -0.0, 0.0, -0.026876, -0.999639, 0.272858, 0.0, 0.999042, -0.026871, -0.0, 0.0, 0.0, 0.0, 1.0],
                [1.0, -0.0, 0.0, 0.0, 0.0, -0.026876, -0.999639, 0.272858, 0.0, 0.999042, -0.026871, 0.0, 0.0, 0.0, 0.0, 1.0],
                [1.0, -0.0, 0.0, -0.0, 0.0, -0.026876, -0.999639, 0.272858, 0.0, 0.999042, -0.026871, -1e-06, 0.0, 0.0, 0.0, 1.0],
                [1.0, -0.0, 0.0, 0.0, 0.0, -0.026876, -0.999639, 0.272858, 0.0, 0.999042, -0.026871, -1e-06, 0.0, 0.0, 0.0, 1.0]
            ]
        },
        {
            "name": "Elbow_L",
            "time": [0.0, 0.1333, 0.2167, 0.35, 0.45, 0.5167, 0.6333, 0.7, 0.7667, 0.8667, 0.9667, 1.0833, 1.1667],
            "transform": [
                [-1.0, 0.0, -0.0, -0.0, 0.0, -0.0, -1.0, 0.3, -0.0, -1.0, 0.0, 0.0, 0.0, 0.0, 0.0, 1.0],
                [-1.0, 0.0, -0.0, 0.0, 0.0, -0.0, -1.0, 0.3, -0.0, -1.0, 0.0, -0.0, 0.0, 0.0, 0.0, 1.0],
                [-1.0, 0.0, -0.0, -0.0, 0.0, -0.0, -1.0, 0.3, -0.0, -1.0, 0.0, -0.0, 0.0, 0.0, 0.0, 1.0],
                [-1.0, 0.0, -0.0, -0.0, -0.0, -0.0, -1.0, 0.3, -0.0, -1.0, 0.0, 0.0, 0.0, 0.0, 0.0, 1.0],
                [-1.0, 0.0, -0.0, -0.0, 0.0, -0.0, -1.0, 0.3, -0.0, -1.0, 0.0, -0.0, 0.0, 0.0, 0.0, 1.0],
                [-1.0, 0.0, -0.0, -1e-06, 0.0, -0.0, -1.0, 0.3, -0.0, -1.0, 0.0, -0.0, 0.0, 0.0, 0.0, 1.0],
                [-1.0, 0.0, -0.0, 0.0, 0.0, -0.0, -1.0, 0.3, -0.0, -1.0, 0.0, 0.0, 0.0, 0.0, 0.0, 1.0],
                [-1.0, 0.0, -0.0, 0.0, 0.0, -0.0, -1.0, 0.3, -0.0, -1.0, 0.0, -0.0, 0.0, 0.0, 0.0, 1.0],
                [-1.0, 0.0, -0.0, -0.0, 0.0, -0.0, -1.0, 0.3, -0.0, -1.0, 0.0, 1e-06, 0.0, 0.0, 0.0, 1.0],
                [-1.0, 0.0, -0.0, -0.0, 0.0, -0.0, -1.0, 0.3, -0.0, -1.0, 0.0, 1e-06, 0.0, 0.0, 0.0, 1.0],
