{
    "animation": [
        {
            "name": "Root",
            "time": [0.0, 0.2, 0.3, 0.7, 1.0],
            "transform": [
                [1.0, -0.0, 0.0, -5e-06, 0.0, 0.247665, -0.968846, 0.813022, 0.0, 0.968846, 0.247665, 0.990197, 0.0, 0.0, 0.0, 1.0],
                [1.0, -0.0, 0.0, -5e-06, 0.0, 0.523964, -0.85174, 1.259282, 0.0, 0.85174, 0.523964, 0.858139, 0.0, 0.0, 0.0, 1.0],
                [1.0, -0.0, 0.0, -5e-06, 0.0, 0.391893, -0.920011, 1.487056, 0.0, 0.920011, 0.391893, 0.513382, 0.0, 0.0, 0.0, 1.0],
                [1.0, -0.0, 0.0, -5e-06, 0.0, 0.239354, -0.970932, 1.487059, 0.0, 0.970932, 0.239354, 0.634356, 0.0, 0.0, 0.0, 1.0],
                [0.965926, -0.0, -0.258819, -5e-06, -0.258819, 0.0, -0.965926, 1.487056, 0.0, 1.0, -0.0, 0.729084, 0.0, 0.0, 0.0, 1.0]
            ]
        },
        {
            "name": "Thigh_R",
            "time": [0.0, 0.2, 0.3, 0.7, 1.0],
            "transform": [
                [0.975023, 0.219533, -0.033697, 0.124994, 0.201067, -0.807998, 0.553815, -0.00283, 0.094353, -0.546758, -0.831958, -1.2e-05, 0.0, 0.0, 0.0, 1.0],
                [0.990651, 0.11895, 0.066795, 0.124994, 0.093148, -0.947512, 0.305851, -0.002831, 0.09967, -0.29677, -0.949734, -1.2e-05, 0.0, 0.0, 0.0, 1.0],
                [0.96927, 0.221561, -0.106896, 0.124994, 0.227609, -0.642854, 0.731392, -0.002831, 0.09333, -0.733246, -0.673528, -1.2e-05, 0.0, 0.0, 0.0, 1.0],
                [0.978021, 0.206974, -0.025225, 0.124994, 0.196113, -0.872051, 0.448405, -0.002831, 0.07081, -0.443497, -0.893475, -1.2e-05, 0.0, 0.0, 0.0, 1.0],
                [0.97146, 0.186002, 0.147204, 0.124994, 0.174475, -0.98074, 0.087796, -0.002831, 0.160699, -0.059607, -0.985202, -1.2e-05, 0.0, 0.0, 0.0, 1.0]
            ]
        },
        {
            "name": "Leg_R",
            "time": [0.0, 0.2, 0.3, 0.7, 1.0],
            "transform": [
                [1.0, -3e-06, 4e-06, 0.0, -4e-06, -0.058304, 0.998299, 0.37472, -2e-06, -0.998299, -0.058305, 0.0, 0.0, 0.0, 0.0, 1.0],
                [1.0, 4e-06, 2e-06, -0.0, -4e-06, 0.999988, 0.004848, 0.37472, -2e-06, -0.004848, 0.999988, 0.0, 0.0, 0.0, 0.0, 1.0],
                [1.0, -2e-06, 4e-06, 0.0, -4e-06, 0.087106, 0.996199, 0.37472, -2e-06, -0.996199, 0.087106, -0.0, 0.0, 0.0, 0.0, 1.0],
                [1.0, 0.0, 5e-06, 0.0, -4e-06, 0.578782, 0.815482, 0.37472, -2e-06, -0.815482, 0.578782, -0.0, 0.0, 0.0, 0.0, 1.0],
                [1.0, 3e-06, 4e-06, 0.0, -4e-06, 0.94659, 0.322438, 0.37472, -3e-06, -0.322438, 0.94659, -0.0, 0.0, 0.0, 0.0, 1.0]
            ]
        },
        {
            "name": "Knee_R",
            "time": [0.0, 0.2, 0.3, 0.7, 1.0],
            "transform": [
                [1.0, 4e-06, 1e-06, -0.0, -4e-06, 0.996556, -0.082923, 0.37472, -2e-06, 0.082923, 0.996556, -0.0, 0.0, 0.0, 0.0, 1.0],
                [1.0, 3e-06, -3e-06, -0.0, -4e-06, 0.421722, -0.906726, 0.37472, -2e-06, 0.906726, 0.421722, 0.0, 0.0, 0.0, 0.0, 1.0],
                [1.0, 4e-06, 0.0, 0.0, -4e-06, 0.922903, -0.385034, 0.37472, -2e-06, 0.385034, 0.922903, -0.0, 0.0, 0.0, 0.0, 1.0],
                [1.0, 4e-06, -1e-06, -0.0, -4e-06, 0.791859, -0.610704, 0.37472, -2e-06, 0.610704, 0.791858, -0.0, 0.0, 0.0, 0.0, 1.0],
                [1.0, 2e-06, -4e-06, 0.0, -4e-06, 0.163417, -0.986557, 0.37472, -2e-06, 0.986557, 0.163417, -0.0, 0.0, 0.0, 0.0, 1.0]
            ]
        },
        {
            "name": "Thigh_L",
            "time": [0.0, 0.2, 0.3, 0.7, 1.0],
            "transform": [
                [0.985546, -0.082717, -0.147838, -0.125006, -0.159467, -0.747497, -0.64484, -0.00283, -0.057169, 0.659095, -0.749884, -1.2e-05, 0.0, 0.0, 0.0, 1.0],
                [0.99682, -0.066607, -0.043754, -0.125006, 0.01572, -0.373903, 0.927335, -0.002831, -0.078127, -0.925073, -0.371666, -1.2e-05, 0.0, 0.0, 0.0, 1.0],
                [0.993498, -0.107616, 0.037145, -0.125006, -0.036133, 0.011343, 0.999283, -0.002831, -0.10796, -0.994128, 0.007381, -1.2e-05, 0.0, 0.0, 0.0, 1.0],
                [0.994449, -0.097674, -0.039123, -0.125006, -0.03851, -0.683903, 0.728556, -0.002831, -0.097917, -0.723006, -0.683868, -1.2e-05, 0.0, 0.0, 0.0, 1.0],
                [0.988443, -0.14648, 0.039034, -0.125006, -0.151505, -0.963272, 0.221704, -0.002831, 0.005125, -0.225055, -0.974333, -1.2e-05, 0.0, 0.0, 0.0, 1.0]
            ]
        },
        {
            "name": "Leg_L",
            "time": [0.0, 0.2, 0.3, 0.7, 1.0],
            "transform": [
                [1.0, 1e-06, 1e-06, -0.0, -1e-06, 0.999988, 0.004796, 0.37472, -1e-06, -0.004796, 0.999988, -0.0, 0.0, 0.0, 0.0, 1.0],
                [1.0, 1e-06, 1e-06, 0.0, -1e-06, 0.999989, 0.004748, 0.37472, -1e-06, -0.004748, 0.999988, -0.0, 0.0, 0.0, 0.0, 1.0],
                [1.0, -0.0, 2e-06, 0.0, -1e-06, 0.529143, 0.848533, 0.37472, -1e-06, -0.848533, 0.529143, 0.0, 0.0, 0.0, 0.0, 1.0],
                [1.0, 1e-06, 1e-06, 0.0, -1e-06, 0.999988, 0.004904, 0.37472, -1e-06, -0.004904, 0.999988, 0.0, 0.0, 0.0, 0.0, 1.0],
                [1.0, 1e-06, 1e-06, -0.0, -1e-06, 0.922331, 0.386401, 0.37472, -1e-06, -0.386401, 0.922331, -0.0, 0.0, 0.0, 0.0, 1.0]
            ]
        },
        {
            "name": "Knee_L",
            "time": [0.0, 0.2, 0.3, 0.7, 1.0],
            "transform": [
                [1.0, 1e-06, -1e-06, 0.0, -1e-06, 0.09507, -0.99547, 0.37472, -0.0, 0.99547, 0.09507, -0.0, 0.0, 0.0, 0.0, 1.0],
                [1.0, 1e-06, -1e-06, 0.0, -1e-06, 0.144587, -0.989492, 0.37472, -0.0, 0.989492, 0.144587, -0.0, 0.0, 0.0, 0.0, 1.0],
                [1.0, 1e-06, -1e-06, 0.0, -1e-06, 0.5894, -0.807842, 0.37472, -0.0, 0.807842, 0.5894, -0.0, 0.0, 0.0, 0.0, 1.0],
                [1.0, 0.0, -1e-06, 0.0, -1e-06, 0.049931, -0.998753, 0.37472, -0.0, 0.998753, 0.04993, 0.0, 0.0, 0.0, 0.0, 1.0],
                [1.0, 1e-06, -1e-06, 0.0, -1e-06, 0.197066, -0.98039, 0.37472, -0.0, 0.98039, 0.197066, -0.0, 0.0, 0.0, 0.0, 1.0]
            ]
        },
        {
            "name": "Torso",
            "time": [0.0, 0.2, 0.3, 0.7, 1.0],
            "transform": [
                [1.0, 0.0, -0.0, 0.0, -0.0, 0.979329, -0.202272, 0.05, 0.0, 0.202272, 0.979329, -0.0, 0.0, 0.0, 0.0, 1.0],
                [1.0, 0.0, -0.0, 0.0, -0.0, 0.985946, 0.167063, 0.05, 0.0, -0.167063, 0.985946, 0.0, 0.0, 0.0, 0.0, 1.0],
                [1.0, 0.0, -0.0, -0.0, -0.0, 0.976937, 0.213529, 0.05, 0.0, -0.213529, 0.976937, 0.0, 0.0, 0.0, 0.0, 1.0],
                [1.0, 0.0, -0.0, 0.0, -0.0, 0.918994, 0.394271, 0.05, 0.0, -0.394271, 0.918994, -0.0, 0.0, 0.0, 0.0, 1.0],
                [1.0, 0.0, -0.0, -0.0, -0.0, 0.999665, -0.025877, 0.05, 0.0, 0.025877, 0.999665, 0.0, 0.0, 0.0, 0.0, 1.0]
            ]
        },
        {
            "name": "Chest",
            "time": [0.0, 0.05, 0.15, 0.2, 0.3, 0.7, 1.0],
            "transform": [
                [1.0, -1e-06, 1e-06, -0.0, 1e-06, 0.990781, -0.135476, 0.35, -1e-06, 0.135476, 0.990781, 0.0, 0.0, 0.0, 0.0, 1.0],
                [1.0, -1e-06, 1e-06, 0.0, 1e-06, 0.897083, -0.441862, 0.35, -0.0, 0.441862, 0.897083, 0.0, 0.0, 0.0, 0.0, 1.0],
                [1.0, -1e-06, 1e-06, -0.0, 1e-06, 0.99857, -0.053455, 0.35, -1e-06, 0.053455, 0.99857, 0.0, 0.0, 0.0, 0.0, 1.0],
                [1.0, -1e-06, 1e-06, 0.0, 1e-06, 0.929077, 0.369887, 0.35, -1e-06, -0.369887, 0.929077, -0.0, 0.0, 0.0, 0.0, 1.0],
                [1.0, -1e-06, 1e-06, 0.0, 1e-06, 0.934752, 0.3553, 0.35, -1e-06, -0.3553, 0.934752, -0.0, 0.0, 0.0, 0.0, 1.0],
                [1.0, -1e-06, 1e-06, -0.0, 1e-06, 0.955119, 0.296222, 0.35, -1e-06, -0.296222, 0.955119, -0.0, 0.0, 0.0, 0.0, 1.0],
                [1.0, -1e-06, 1e-06, 0.0, 1e-06, 1.0, 1e-06, 0.35, -1e-06, -1e-06, 1.0, 0.0, 0.0, 0.0, 0.0, 1.0]
            ]
        },
        {
            "name": "Head",
            "time": [0.0, 0.2, 0.3, 0.7, 1.0],
            "transform": [
                [1.0, 1e-06, -0.0, 0.0, -1e-06, 0.969698, 0.244309, 0.35, 0.0, -0.244309, 0.969698, -0.0, 0.0, 0.0, 0.0, 1.0],
                [1.0, 1e-06, -1e-06, 0.0, -1e-06, 0.582485, -0.812841, 0.35, -0.0, 0.812841, 0.582485, -0.0, 0.0, 0.0, 0.0, 1.0],
                [1.0, 1e-06, -1e-06, 0.0, -1e-06, 0.680417, -0.732825, 0.35, -0.0, 0.732825, 0.680417, -0.0, 0.0, 0.0, 0.0, 1.0],
                [1.0, 1e-06, -1e-06, -0.0, -1e-06, 0.73076, -0.682634, 0.35, 0.0, 0.682634, 0.73076, -0.0, 0.0, 0.0, 0.0, 1.0],
                [0.965926, -0.044367, 0.254988, -0.0, -0.006698, 0.980582, 0.195993, 0.35, -0.258732, -0.191023, 0.946873, -0.0, 0.0, 0.0, 0.0, 1.0]
            ]
        },
        {
            "name": "Shoulder_R",
            "time": [0.0, 0.2, 0.3, 0.7, 1.0],
            "transform": [
                [-0.475326, 0.869845, 0.132043, 0.0, 0.092783, -0.099686, 0.990684, 0.35, 0.874904, 0.483149, -0.033324, -0.0, 0.0, 0.0, 0.0, 1.0],
                [0.352983, 0.881736, 0.312962, 0.0, -0.105731, -0.29476, 0.949704, 0.35, 0.929637, -0.368319, -0.010819, -0.0, 0.0, 0.0, 0.0, 1.0],
                [0.355451, 0.882658, 0.307523, 0.0, -0.105326, -0.289089, 0.95149, 0.35, 0.928742, -0.370598, -0.00979, -0.0, 0.0, 0.0, 0.0, 1.0],
                [0.36528, 0.885977, 0.285685, -0.0, -0.103553, -0.266315, 0.958308, 0.35, 0.92512, -0.379634, -0.005534, -0.0, 0.0, 0.0, 0.0, 1.0],
                [-0.061428, 0.964215, 0.257906, -0.0, -0.003025, -0.258573, 0.965987, 0.35, 0.998107, 0.058558, 0.018801, -0.0, 0.0, 0.0, 0.0, 1.0]
            ]
        },
        {
            "name": "Arm_R",
            "time": [0.0, 0.1, 0.15, 0.2, 0.3, 0.7, 0.8, 1.0],
            "transform": [
                [-0.197013, -0.527836, 0.826181, 0.0, 0.408095, 0.72207, 0.558636, 0.388213, -0.891428, 0.447219, 0.07315, -0.0, 0.0, 0.0, 0.0, 1.0],
                [-0.251207, 0.18831, 0.949439, -0.0, 0.75602, 0.650688, 0.070975, 0.388213, -0.604423, 0.735625, -0.305824, 0.0, 0.0, 0.0, 0.0, 1.0],
                [-0.24334, -0.331339, 0.911592, 0.0, 0.861313, 0.358353, 0.360171, 0.388213, -0.446011, 0.87281, 0.198185, 0.0, 0.0, 0.0, 0.0, 1.0],
                [-0.36694, -0.617468, -0.695764, -0.0, 0.910827, -0.086459, -0.403633, 0.388213, 0.189076, -0.781829, 0.594132, -0.0, 0.0, 0.0, 0.0, 1.0],
                [-0.36694, -0.617468, -0.695764, 0.0, 0.910827, -0.086459, -0.403633, 0.388213, 0.189076, -0.781829, 0.594132, 0.0, 0.0, 0.0, 0.0, 1.0],
                [-0.36694, -0.416352, -0.831869, -0.0, 0.910827, 0.020955, -0.412257, 0.388213, 0.189076, -0.908962, 0.371535, 0.0, 0.0, 0.0, 0.0, 1.0],
                [-0.573076, -0.252816, -0.77953, -0.0, 0.74082, 0.246884, -0.624687, 0.388213, 0.350385, -0.935485, 0.045808, 0.0, 0.0, 0.0, 0.0, 1.0],
                [0.342525, 0.238234, -0.908802, -0.0, 0.760879, 0.497097, 0.417083, 0.388213, 0.551126, -0.834349, -0.010999, 0.0, 0.0, 0.0, 0.0, 1.0]
            ]
        },
        {
            "name": "Hand_R",
            "time": [0.0, 0.2, 0.3, 0.7, 1.0],
            "transform": [
                [1.0, 0.0, -0.0, 0.0, -0.0, 0.746227, -0.665691, 0.329779, -0.0, 0.665691, 0.746227, -0.0, 0.0, 0.0, 0.0, 1.0],
                [0.999999, 0.0, 0.0, -0.0, -0.0, 0.985409, -0.170206, 0.329779, -0.0, 0.170206, 0.985408, -0.0, 0.0, 0.0, 0.0, 1.0],
                [0.999999, 0.0, 0.0, -0.0, -0.0, 0.983945, -0.178473, 0.329779, -0.0, 0.178473, 0.983945, -0.0, 0.0, 0.0, 0.0, 1.0],
                [0.999999, 0.0, 0.0, -0.0, -0.0, 0.977397, -0.211415, 0.329779, -0.0, 0.211415, 0.977396, -0.0, 0.0, 0.0, 0.0, 1.0],
                [0.999314, -0.036095, -0.008341, -0.0, 0.033996, 0.982953, -0.180685, 0.329779, 0.01472, 0.180277, 0.983506, -0.0, 0.0, 0.0, 0.0, 1.0]
            ]
        },
        {
            "name": "Tool_R",
            "time": [0.0, 0.15, 0.2, 0.3, 0.7, 1.0],
            "transform": [
                [1.0, -0.0, 0.0, -0.02, -0.0, -0.996195, -0.087156, 0.291425, 0.0, 0.087156, -0.996194, -0.0, 0.0, 0.0, 0.0, 1.0],
                [1.0, -0.0, 0.0, -0.02, -0.0, -0.866025, -0.5, 0.291425, 0.0, 0.5, -0.866025, -0.0, 0.0, 0.0, 0.0, 1.0],
                [1.0, -0.0, 0.0, -0.02, -0.0, -0.881637, -0.471927, 0.291425, 0.0, 0.471927, -0.881638, -0.0, 0.0, 0.0, 0.0, 1.0],
                [1.0, -0.0, 0.0, -0.02, -0.0, -0.854492, -0.519464, 0.291425, 0.0, 0.519465, -0.854492, -0.0, 0.0, 0.0, 0.0, 1.0],
                [1.0, -0.0, 0.0, -0.02, 0.0, -0.720942, -0.692995, 0.291425, 0.0, 0.692995, -0.720943, -0.0, 0.0, 0.0, 0.0, 1.0],
                [1.0, -0.0, 0.0, -0.02, -0.0, -0.766044, -0.642788, 0.291425, 0.0, 0.642788, -0.766044, -0.0, 0.0, 0.0, 0.0, 1.0]
            ]
        },
        {
            "name": "Elbow_R",
            "time": [0.0, 0.2, 0.3, 0.7, 1.0],
            "transform": [
                [-1.0, 0.0, -0.0, 0.0, 0.0, 0.475393, -0.879772, 0.329779, -0.0, -0.879773, -0.475394, -0.0, 0.0, 0.0, 0.0, 1.0],
                [-0.999999, 0.0, -0.0, -0.0, 1e-06, 0.215029, -0.976608, 0.329779, -0.0, -0.976608, -0.215028, -0.0, 0.0, 0.0, 0.0, 1.0],
                [-1.0, 0.0, -0.0, -0.0, 1e-06, 0.202057, -0.979374, 0.329779, 0.0, -0.979374, -0.202056, -0.0, 0.0, 0.0, 0.0, 1.0],
                [-1.0, 0.0, -0.0, -0.0, 1e-06, 0.149653, -0.988739, 0.329779, 0.0, -0.988739, -0.149653, -0.0, 0.0, 0.0, 0.0, 1.0],
                [-1.000001, 0.0, -0.0, -0.0, 0.0, 0.09052, -0.995895, 0.329779, -0.0, -0.995895, -0.09052, -0.0, 0.0, 0.0, 0.0, 1.0]
            ]
        },
        {
            "name": "Shoulder_L",
            "time": [0.0, 0.2, 0.3, 0.7, 1.0],
            "transform": [
                [-0.477283, -0.867081, -0.142733, 0.0, -0.095996, -0.110008, 0.989284, 0.35, -0.873491, 0.48587, -0.030731, -0.0, 0.0, 0.0, 0.0, 1.0],
                [0.395398, -0.848763, -0.351086, 0.0, 0.12776, -0.327697, 0.936105, 0.35, -0.909581, -0.414988, -0.021133, -0.0, 0.0, 0.0, 0.0, 1.0],
                [0.37378, -0.855648, -0.357987, 0.0, 0.122257, -0.337145, 0.933481, 0.35, -0.919425, -0.392683, -0.021409, -0.0, 0.0, 0.0, 0.0, 1.0],
                [0.285536, -0.877438, -0.385449, -0.0, 0.097903, -0.373383, 0.922496, 0.35, -0.953354, -0.301143, -0.020711, -0.0, 0.0, 0.0, 0.0, 1.0],
                [-0.068479, -0.963784, -0.257743, -0.0, 0.00337, -0.258572, 0.965986, 0.35, -0.997647, 0.065281, 0.020955, -0.0, 0.0, 0.0, 0.0, 1.0]
            ]
        },
        {
            "name": "Arm_L",
            "time": [0.0, 0.1, 0.15, 0.2, 0.3, 0.7, 0.8, 1.0],
            "transform": [
                [-0.22864, 0.445368, -0.865662, 0.0, -0.450903, 0.739636, 0.499624, 0.388212, 0.862792, 0.504563, 0.031708, -0.0, 0.0, 0.0, 0.0, 1.0],
                [-0.356258, -0.129902, -0.925314, 0.0, -0.796276, 0.560358, 0.227909, 0.388212, 0.488901, 0.818, -0.30307, -0.0, 0.0, 0.0, 0.0, 1.0],
                [-0.393024, 0.333104, -0.857073, -0.0, -0.809932, 0.315901, 0.494183, 0.388212, 0.435365, 0.888397, 0.145635, -0.0, 0.0, 0.0, 0.0, 1.0],
                [-0.483336, 0.820968, 0.30397, -0.0, -0.860472, -0.381595, -0.3376, 0.388212, -0.161165, -0.424732, 0.890858, 0.0, 0.0, 0.0, 0.0, 1.0],
                [-0.483336, 0.820968, 0.30397, -0.0, -0.860472, -0.381595, -0.3376, 0.388212, -0.161165, -0.424732, 0.890858, 0.0, 0.0, 0.0, 0.0, 1.0],
                [-0.483337, 0.615586, 0.622446, -0.0, -0.860472, -0.203166, -0.467238, 0.388212, -0.161165, -0.761431, 0.627892, 0.0, 0.0, 0.0, 0.0, 1.0],
                [-0.531853, 0.4971, 0.685583, -0.0, -0.758203, 0.081055, -0.64696, 0.388212, -0.377174, -0.8639, 0.333793, -0.0, 0.0, 0.0, 0.0, 1.0],
                [0.128836, 0.017927, 0.991504, 0.0, -0.848937, 0.518767, 0.100931, 0.388212, -0.51255, -0.854728, 0.082055, 0.0, 0.0, 0.0, 0.0, 1.0]
            ]
        },
        {
            "name": "Hand_L",
            "time": [0.0, 0.2, 0.3, 0.7, 1.0],
            "transform": [
                [1.0, 1e-06, 0.0, 0.0, -0.0, 0.738563, -0.674185, 0.329779, -0.0, 0.674185, 0.738563, -0.0, 0.0, 0.0, 0.0, 1.0],
                [1.0, 0.0, 0.0, 0.0, -0.0, 1.0, 1e-06, 0.329779, -1e-06, -1e-06, 1.0, -0.0, 0.0, 0.0, 0.0, 1.0],
                [1.0, 0.0, 0.0, 0.0, -0.0, 0.999155, -0.041091, 0.329779, -0.0, 0.041091, 0.999156, -0.0, 0.0, 0.0, 0.0, 1.0],
                [1.0, 0.0, 0.0, 0.0, -0.0, 0.978908, -0.204304, 0.329779, -0.0, 0.204304, 0.978908, -0.0, 0.0, 0.0, 0.0, 1.0],
                [0.998906, 0.039707, 0.024679, -0.0, -0.035722, 0.988784, -0.145015, 0.329779, -0.03016, 0.143974, 0.989122, 0.0, 0.0, 0.0, 0.0, 1.0]
            ]
        },
        {
            "name": "Tool_L",
            "time": [0.0, 0.15, 0.2, 0.3, 0.7, 1.0],
            "transform": [
                [1.0, -0.0, 0.0, 0.02, -0.0, -0.996195, -0.087156, 0.291426, 0.0, 0.087156, -0.996195, -0.0, 0.0, 0.0, 0.0, 1.0],
                [1.0, -0.0, 0.0, 0.02, 0.0, -0.866026, -0.5, 0.291426, 0.0, 0.5, -0.866025, -0.0, 0.0, 0.0, 0.0, 1.0],
                [1.0, -0.0, 0.0, 0.02, 0.0, -0.66706, -0.745005, 0.291426, 0.0, 0.745005, -0.66706, -0.0, 0.0, 0.0, 0.0, 1.0],
                [0.9996, -0.001331, -0.028242, 0.02, -0.022573, -0.639064, -0.768822, 0.291426, -0.017025, 0.769152, -0.638839, -0.0, 0.0, 0.0, 0.0, 1.0],
                [0.990014, 0.003822, -0.140917, 0.02, -0.118531, -0.518531, -0.846803, 0.291426, -0.076307, 0.85505, -0.5129, -0.0, 0.0, 0.0, 0.0, 1.0],
                [1.0, -0.0, 0.0, 0.02, -0.0, -0.984808, -0.173648, 0.291426, 0.0, 0.173648, -0.984808, 0.0, 0.0, 0.0, 0.0, 1.0]
            ]
        },
        {
            "name": "Elbow_L",
            "time": [0.0, 0.2, 0.3, 0.7, 1.0],
            "transform": [
                [-1.0, -0.0, -0.0, 0.0, 0.0, 0.480419, -0.877039, 0.329779, 0.0, -0.877039, -0.480418, -0.0, 0.0, 0.0, 0.0, 1.0],
                [-1.0, -0.0, -0.0, 0.0, 1e-06, 0.130825, -0.991405, 0.329779, 0.0, -0.991405, -0.130825, -0.0, 0.0, 0.0, 0.0, 1.0],
                [-1.0, -0.0, -0.0, 0.0, 1e-06, 0.133888, -0.990997, 0.329779, 0.0, -0.990996, -0.133888, -0.0, 0.0, 0.0, 0.0, 1.0],
                [-1.0, -0.0, -0.0, 0.0, 0.0, 0.146058, -0.989276, 0.329779, 0.0, -0.989276, -0.146057, -0.0, 0.0, 0.0, 0.0, 1.0],
                [-1.0, -0.0, -0.0, -0.0, 0.0, 0.072208, -0.997389, 0.329779, 0.0, -0.997389, -0.072208, 0.0, 0.0, 0.0, 0.0, 1.0]
            ]
        }
    ]
}