{
    "animation": [
        {
            "name": "Root",
            "time": [0.0, 0.0667, 0.1333, 0.2, 0.3167, 1.0],
            "transform": [
                [0.999464, 0.032361, -0.004908, -5e-06, 0.001926, -0.207849, -0.978159, 0.000946, -0.032674, 0.977625, -0.2078, 0.551767, 0.0, 0.0, 0.0, 1.0],
                [0.965584, 0.068004, -0.251045, -0.000495, -0.239828, -0.140731, -0.960561, 0.064356, -0.100652, 0.98771, -0.119579, 0.573416, 0.0, 0.0, 0.0, 1.0],
                [0.735698, -0.050422, 0.675431, -0.001476, 0.675408, 0.129305, -0.72602, -0.009279, -0.050729, 0.990322, 0.129185, 0.566715, 0.0, 0.0, 0.0, 1.0],
                [0.221335, -0.33075, 0.917396, -0.001476, 0.97296, 0.138585, -0.184776, 0.010722, -0.066022, 0.933487, 0.35248, 0.556715, 0.0, 0.0, 0.0, 1.0],
                [0.185406, 0.008468, 0.982626, -0.001476, 0.97296, 0.138585, -0.184776, 0.010722, -0.137741, 0.990314, 0.017455, 0.556715, 0.0, 0.0, 0.0, 1.0],
                [0.185406, 0.008468, 0.982626, -0.001476, 0.97296, 0.138585, -0.184776, 0.010722, -0.137741, 0.990314, 0.017455, 0.556715, 0.0, 0.0, 0.0, 1.0]
            ]
        },
        {
            "name": "Thigh_R",
            "time": [0.0, 0.0667, 0.1333, 0.2, 0.3167, 1.0],
            "transform": [
                [0.893752, 0.260317, 0.365297, 0.124994, 0.448561, -0.518565, -0.72793, -0.00283, -6.2e-05, 0.814448, -0.580237, -1.2e-05, 0.0, 0.0, 0.0, 1.0],
                [0.808412, 0.472997, 0.350348, 0.124994, 0.587764, -0.61663, -0.523738, -0.00283, -0.031691, 0.629318, -0.776502, -1.2e-05, 0.0, 0.0, 0.0, 1.0],
                [0.94936, 0.095396, 0.299359, 0.124994, 0.112841, -0.992746, -0.0415, -0.002831, 0.293229, 0.073179, -0.953238, -1.2e-05, 0.0, 0.0, 0.0, 1.0],
                [0.875328, -0.283176, 0.391934, 0.124994, -0.27441, -0.958318, -0.079539, -0.002831, 0.398121, -0.037928, -0.916548, -1.2e-05, 0.0, 0.0, 0.0, 1.0],
                [0.88816, -0.236495, 0.394007, 0.124994, -0.100572, -0.936655, -0.335503, -0.00283, 0.448393, 0.258354, -0.855685, -1.2e-05, 0.0, 0.0, 0.0, 1.0],
                [0.88816, -0.236495, 0.394007, 0.124994, -0.100572, -0.936655, -0.335503, -0.00283, 0.448393, 0.258354, -0.855685, -1.2e-05, 0.0, 0.0, 0.0, 1.0]
            ]
        },
        {
            "name": "Leg_R",
            "time": [0.0, 0.0667, 0.1333, 0.2, 0.3167, 1.0],
            "transform": [
                [1.0, 4e-06, 3e-06, -0.0, -4e-06, 0.999986, 0.005183, 0.37472, -2e-06, -0.005183, 0.999987, 0.0, 0.0, 0.0, 0.0, 1.0],
                [1.0, 4e-06, 2e-06, 0.0, -4e-06, 0.999985, 0.005474, 0.37472, -2e-06, -0.005474, 0.999985, 0.0, 0.0, 0.0, 0.0, 1.0],
                [1.0, 1e-06, 5e-06, -0.0, -4e-06, 0.658267, 0.752784, 0.37472, -3e-06, -0.752784, 0.658267, 0.0, 0.0, 0.0, 0.0, 1.0],
                [1.0, 2e-06, 4e-06, 0.0, -4e-06, 0.871192, 0.490942, 0.37472, -2e-06, -0.490942, 0.871192, 0.0, 0.0, 0.0, 0.0, 1.0],
                [1.0, 2e-06, 4e-06, -0.0, -4e-06, 0.84734, 0.531051, 0.37472, -3e-06, -0.531051, 0.84734, -0.0, 0.0, 0.0, 0.0, 1.0],
                [1.0, 2e-06, 4e-06, -0.0, -4e-06, 0.84734, 0.531051, 0.37472, -3e-06, -0.531051, 0.84734, -0.0, 0.0, 0.0, 0.0, 1.0]
            ]
        },
        {
            "name": "Knee_R",
            "time": [0.0, 0.0667, 0.1333, 0.2, 0.3167, 1.0],
            "transform": [
                [1.0, 3e-06, -4e-06, -0.0, -4e-06, 0.162463, -0.986715, 0.37472, -2e-06, 0.986715, 0.162463, 0.0, 0.0, 0.0, 0.0, 1.0],
                [1.0, 2e-06, -4e-06, 0.0, -4e-06, 0.162606, -0.986691, 0.37472, -2e-06, 0.986691, 0.162606, 0.0, 0.0, 0.0, 0.0, 1.0],
                [1.0, 4e-06, -2e-06, -0.0, -4e-06, 0.553645, -0.832753, 0.37472, -2e-06, 0.832753, 0.553646, 0.0, 0.0, 0.0, 0.0, 1.0],
                [1.0, 3e-06, -3e-06, 0.0, -4e-06, 0.405184, -0.914235, 0.37472, -2e-06, 0.914235, 0.405184, 0.0, 0.0, 0.0, 0.0, 1.0],
                [1.0, 3e-06, -3e-06, 0.0, -4e-06, 0.426405, -0.904532, 0.37472, -2e-06, 0.904532, 0.426405, 0.0, 0.0, 0.0, 0.0, 1.0],
                [1.0, 3e-06, -3e-06, 0.0, -4e-06, 0.426405, -0.904532, 0.37472, -2e-06, 0.904532, 0.426405, 0.0, 0.0, 0.0, 0.0, 1.0]
            ]
        },
        {
            "name": "Thigh_L",
            "time": [0.0, 0.0667, 0.1333, 0.2, 0.3167, 1.0],
            "transform": [
                [0.985764, -0.144172, 0.086509, -0.125006, -0.161225, -0.664546, 0.729647, -0.00283, -0.047706, -0.733207, -0.67833, -1.2e-05, 0.0, 0.0, 0.0, 1.0],
                [0.977689, -0.206543, 0.038261, -0.125006, -0.177646, -0.715798, 0.675334, -0.00283, -0.112099, -0.667063, -0.736519, -1.2e-05, 0.0, 0.0, 0.0, 1.0],
                [0.893918, 0.185268, -0.408151, -0.125006, 0.439799, -0.538322, 0.718879, -0.002831, -0.086531, -0.822123, -0.562696, -1.2e-05, 0.0, 0.0, 0.0, 1.0],
                [0.733499, 0.557148, -0.389314, -0.125006, 0.673067, -0.515626, 0.530198, -0.002831, 0.094658, -0.650934, -0.753209, -1.2e-05, 0.0, 0.0, 0.0, 1.0],
                [0.728791, 0.616205, -0.298588, -0.125006, 0.684561, -0.665552, 0.29735, -0.00283, -0.015497, -0.421108, -0.906879, -1.2e-05, 0.0, 0.0, 0.0, 1.0],
                [0.728791, 0.616205, -0.298588, -0.125006, 0.684561, -0.665552, 0.29735, -0.00283, -0.015497, -0.421108, -0.906879, -1.2e-05, 0.0, 0.0, 0.0, 1.0]
            ]
        },
        {
            "name": "Leg_L",
            "time": [0.0, 0.0667, 0.1333, 0.2, 0.3167, 1.0],
            "transform": [
                [1.0, -0.0, 2e-06, -0.0, -1e-06, 0.539724, 0.841842, 0.37472, -1e-06, -0.841842, 0.539724, 0.0, 0.0, 0.0, 0.0, 1.0],
                [1.0, -0.0, 2e-06, -0.0, -1e-06, 0.475318, 0.879814, 0.37472, -1e-06, -0.879814, 0.475318, 0.0, 0.0, 0.0, 0.0, 1.0],
                [1.0, 1e-06, 1e-06, 0.0, -1e-06, 0.89868, 0.438604, 0.37472, -1e-06, -0.438604, 0.89868, 0.0, 0.0, 0.0, 0.0, 1.0],
                [1.0, 1e-06, 1e-06, 0.0, -1e-06, 0.999988, 0.004913, 0.37472, -1e-06, -0.004913, 0.999988, 0.0, 0.0, 0.0, 0.0, 1.0],
                [1.0, 1e-06, 1e-06, 0.0, -1e-06, 0.999985, 0.005495, 0.37472, -1e-06, -0.005495, 0.999985, -0.0, 0.0, 0.0, 0.0, 1.0],
                [1.0, 1e-06, 1e-06, 0.0, -1e-06, 0.999985, 0.005495, 0.37472, -1e-06, -0.005495, 0.999985, -0.0, 0.0, 0.0, 0.0, 1.0]
            ]
        },
        {
            "name": "Knee_L",
            "time": [0.0, 0.0667, 0.1333, 0.2, 0.3167, 1.0],
            "transform": [
                [1.0, 1e-06, -1e-06, 0.0, -1e-06, 0.654053, -0.756449, 0.37472, -0.0, 0.756449, 0.654053, 0.0, 0.0, 0.0, 0.0, 1.0],
                [1.0, 1e-06, -1e-06, -0.0, -1e-06, 0.683189, -0.730242, 0.37472, -0.0, 0.730242, 0.683189, -0.0, 0.0, 0.0, 0.0, 1.0],
                [0.999999, 3e-06, 0.0, 0.0, -3e-06, 0.435325, -0.900273, 0.37472, -3e-06, 0.900272, 0.435325, 0.0, 0.0, 0.0, 0.0, 1.0],
                [1.0, 1e-06, -1e-06, 0.0, -1e-06, 0.223918, -0.974608, 0.37472, -0.0, 0.974608, 0.223918, 0.0, 0.0, 0.0, 0.0, 1.0],
                [1.0, 1e-06, -1e-06, 0.0, -1e-06, 0.224202, -0.974542, 0.37472, -1e-06, 0.974542, 0.224202, -0.0, 0.0, 0.0, 0.0, 1.0],
                [1.0, 1e-06, -1e-06, 0.0, -1e-06, 0.224202, -0.974542, 0.37472, -1e-06, 0.974542, 0.224202, -0.0, 0.0, 0.0, 0.0, 1.0]
            ]
        },
        {
            "name": "Torso",
            "time": [0.0, 0.0667, 0.1333, 0.2, 0.3167, 1.0],
            "transform": [
                [0.999981, 0.006199, -8.9e-05, -0.0, -0.006199, 0.999574, -0.028533, 0.05, -8.8e-05, 0.028533, 0.999593, -0.0, 0.0, 0.0, 0.0, 1.0],
                [0.997933, 0.063551, 0.009552, 0.0, -0.063551, 0.953793, 0.293668, 0.05, 0.009552, -0.293668, 0.95586, -0.0, 0.0, 0.0, 0.0, 1.0],
                [0.995547, 0.091477, 0.022773, -0.0, -0.091476, 0.879082, 0.467812, 0.05, 0.022774, -0.467812, 0.883535, 0.0, 0.0, 0.0, 0.0, 1.0],
                [0.995555, 0.091393, 0.022756, 0.0, -0.091393, 0.879058, 0.467872, 0.05, 0.022756, -0.467873, 0.883503, 0.0, 0.0, 0.0, 0.0, 1.0],
                [0.989631, 0.12339, 0.073517, -0.0, -0.137126, 0.963958, 0.227997, 0.05, -0.042735, -0.235715, 0.970882, 0.0, 0.0, 0.0, 0.0, 1.0],
                [0.989631, 0.12339, 0.073517, -0.0, -0.137126, 0.963958, 0.227997, 0.05, -0.042735, -0.235715, 0.970882, 0.0, 0.0, 0.0, 0.0, 1.0]
            ]
        },
        {
            "name": "Chest",
            "time": [0.0, 0.0667, 0.1333, 0.2, 0.3167, 1.0],
            "transform": [
                [0.982017, 0.032374, -0.185993, -0.0, 1e-06, 0.985186, 0.171487, 0.35, 0.188789, -0.168404, 0.96747, -0.0, 0.0, 0.0, 0.0, 1.0],
                [0.890657, -0.078955, -0.447768, -0.0, 0.11768, 0.991281, 0.059286, 0.35, 0.439183, -0.105497, 0.892182, 0.0, 0.0, 0.0, 0.0, 1.0],
                [0.999606, -1e-06, 0.02807, 0.0, -0.007264, 0.965925, 0.258718, 0.35, -0.027114, -0.25882, 0.965545, 0.0, 0.0, 0.0, 0.0, 1.0],
                [0.999606, -1e-06, 0.02807, 0.0, -0.007264, 0.965925, 0.258718, 0.35, -0.027114, -0.25882, 0.965545, -0.0, 0.0, 0.0, 0.0, 1.0],
                [0.999606, -1e-06, 0.02807, -0.0, -0.007264, 0.965926, 0.258718, 0.35, -0.027114, -0.25882, 0.965545, -0.0, 0.0, 0.0, 0.0, 1.0],
                [0.999606, -1e-06, 0.02807, -0.0, -0.007264, 0.965926, 0.258718, 0.35, -0.027114, -0.25882, 0.965545, -0.0, 0.0, 0.0, 0.0, 1.0]
            ]
        },
        {
            "name": "Head",
            "time": [0.0, 0.0667, 0.1333, 0.2, 0.3167, 1.0],
            "transform": [
                [0.980159, -0.095775, 0.173539, 0.0, 0.071179, 0.987189, 0.142801, 0.35, -0.184993, -0.127615, 0.974419, 0.0, 0.0, 0.0, 0.0, 1.0],
                [0.783204, 0.005807, 0.621738, 0.0, 0.144892, 0.970722, -0.191587, 0.35, -0.604647, 0.240137, 0.759432, 0.0, 0.0, 0.0, 0.0, 1.0],
                [0.738252, -0.159573, -0.655377, 0.0, -0.435704, 0.628903, -0.643928, 0.35, 0.514923, 0.760932, 0.394762, -0.0, 0.0, 0.0, 0.0, 1.0],
                [0.258515, -0.167929, -0.951299, -0.0, -0.846932, 0.434251, -0.30681, 0.35, 0.464625, 0.885, -0.029964, -0.0, 0.0, 0.0, 0.0, 1.0],
                [0.115442, -0.285837, -0.951299, -0.0, -0.44469, 0.841498, -0.30681, 0.35, 0.888214, 0.458452, -0.029965, -0.0, 0.0, 0.0, 0.0, 1.0],
                [0.115442, -0.285837, -0.951299, -0.0, -0.44469, 0.841498, -0.30681, 0.35, 0.888214, 0.458452, -0.029965, -0.0, 0.0, 0.0, 0.0, 1.0]
            ]
        },
        {
            "name": "Shoulder_R",
            "time": [0.0, 0.0667, 0.1333, 0.2, 0.3167, 1.0],
            "transform": [
                [-0.280476, 0.944752, -0.169639, 0.0, 0.01154, 0.180039, 0.983592, 0.35, 0.959792, 0.273916, -0.061399, 0.0, 0.0, 0.0, 0.0, 1.0],
                [-0.200383, 0.973937, -0.106277, 0.0, 0.015194, 0.111553, 0.993642, 0.35, 0.9796, 0.197494, -0.037152, 0.0, 0.0, 0.0, 0.0, 1.0],
                [0.206947, 0.950045, 0.233641, 0.0, -0.052533, -0.227675, 0.972319, 0.35, 0.976941, -0.213493, 0.002792, -0.0, 0.0, 0.0, 0.0, 1.0],
                [0.206947, 0.950045, 0.233641, -0.0, -0.052533, -0.227675, 0.972319, 0.35, 0.976941, -0.213493, 0.002792, -0.0, 0.0, 0.0, 0.0, 1.0],
                [0.206947, 0.950045, 0.233641, -0.0, -0.052533, -0.227675, 0.972319, 0.35, 0.976941, -0.213493, 0.002792, -0.0, 0.0, 0.0, 0.0, 1.0],
                [0.206947, 0.950045, 0.233641, -0.0, -0.052533, -0.227675, 0.972319, 0.35, 0.976941, -0.213493, 0.002792, -0.0, 0.0, 0.0, 0.0, 1.0]
            ]
        },
        {
            "name": "Arm_R",
            "time": [0.0, 0.0667, 0.1, 0.1333, 0.2, 0.3167, 1.0],
            "transform": [
                [-0.005024, 0.425177, -0.905096, 0.0, -0.226994, 0.880995, 0.415115, 0.388213, 0.973883, 0.207536, 0.092087, 0.0, 0.0, 0.0, 0.0, 1.0],
                [-0.426768, 0.410166, 0.805998, -0.0, 0.491612, 0.85327, -0.173918, 0.388213, -0.759069, 0.322016, -0.565791, 0.0, 0.0, 0.0, 0.0, 1.0],
                [-0.375027, 0.538766, 0.754378, 0.0, 0.270361, 0.841961, -0.466911, 0.388213, -0.886712, 0.02885, -0.46142, 0.0, 0.0, 0.0, 0.0, 1.0],
                [-0.201085, -0.906206, 0.371963, -0.0, 0.831333, 0.04297, 0.554111, 0.388213, -0.518122, 0.420648, 0.744718, -0.0, 0.0, 0.0, 0.0, 1.0],
                [-0.349163, -0.935143, 0.059935, 0.0, 0.834523, -0.281227, 0.473797, 0.388213, -0.426212, 0.21545, 0.878593, 0.0, 0.0, 0.0, 0.0, 1.0],
                [0.292329, -0.940657, -0.172358, 0.0, 0.65424, 0.06526, 0.753466, 0.388213, -0.697505, -0.333023, 0.634494, -0.0, 0.0, 0.0, 0.0, 1.0],
                [0.292329, -0.940657, -0.172358, 0.0, 0.65424, 0.06526, 0.753466, 0.388213, -0.697505, -0.333023, 0.634494, -0.0, 0.0, 0.0, 0.0, 1.0]
            ]
        },
        {
            "name": "Hand_R",
            "time": [0.0, 0.0667, 0.1, 0.1333, 0.2, 0.3167, 1.0],
            "transform": [
                [1.0, 0.0, 0.0, 0.0, -0.0, 0.997119, -0.075855, 0.329779, -0.0, 0.075855, 0.997119, -0.0, 0.0, 0.0, 0.0, 1.0],
                [1.0, 0.0, 0.0, 0.0, -0.0, 0.999279, -0.037955, 0.329779, -0.0, 0.037955, 0.999279, 0.0, 0.0, 0.0, 0.0, 1.0],
                [1.0, 0.0, 0.0, 0.0, -0.0, 1.0, -0.0, 0.329779, -0.0, 0.0, 0.999999, 0.0, 0.0, 0.0, 0.0, 1.0],
                [1.0, 0.0, 0.0, 0.0, -0.0, 0.999941, -0.010882, 0.329779, -0.0, 0.010882, 0.99994, 0.0, 0.0, 0.0, 0.0, 1.0],
                [1.0, 0.0, 0.0, 0.0, -0.0, 0.99994, -0.010882, 0.329779, -0.0, 0.010882, 0.99994, -0.0, 0.0, 0.0, 0.0, 1.0],
                [1.0, 0.0, 0.0, -0.0, -0.0, 0.999941, -0.010882, 0.329779, -0.0, 0.010882, 0.99994, 0.0, 0.0, 0.0, 0.0, 1.0],
                [1.0, 0.0, 0.0, -0.0, -0.0, 0.999941, -0.010882, 0.329779, -0.0, 0.010882, 0.99994, 0.0, 0.0, 0.0, 0.0, 1.0]
            ]
        },
        {
            "name": "Tool_R",
            "time": [0.0, 0.0667, 0.1, 0.1333, 0.2, 0.3167, 1.0],
            "transform": [
                [0.817687, 0.072271, 0.571109, -0.02, 0.341672, -0.859375, -0.38044, 0.291425, 0.463301, 0.506213, -0.727392, -0.0, 0.0, 0.0, 0.0, 1.0],
                [1.0, 0.0, 0.0, -0.02, 0.0, -1.0, -0.0, 0.291425, 0.0, 0.0, -1.0, -0.0, 0.0, 0.0, 0.0, 1.0],
                [1.0, -0.0, 0.0, -0.02, 0.0, -0.573576, -0.819152, 0.291425, 0.0, 0.819152, -0.573576, 0.0, 0.0, 0.0, 0.0, 1.0],
                [1.0, 0.0, 0.0, -0.02, -0.0, -0.707107, -0.707107, 0.291425, -0.0, 0.707107, -0.707107, 0.0, 0.0, 0.0, 0.0, 1.0],
                [1.0, -0.0, 0.0, -0.02, 0.0, -0.642787, -0.766044, 0.291425, 0.0, 0.766045, -0.642787, -0.0, 0.0, 0.0, 0.0, 1.0],
                [1.0, 0.0, 0.0, -0.02, 0.0, -0.642787, -0.766045, 0.291425, 0.0, 0.766044, -0.642787, -0.0, 0.0, 0.0, 0.0, 1.0],
                [1.0, 0.0, 0.0, -0.02, 0.0, -0.642787, -0.766045, 0.291425, 0.0, 0.766044, -0.642787, -0.0, 0.0, 0.0, 0.0, 1.0]
            ]
        },
        {
            "name": "Elbow_R",
            "time": [0.0, 0.0667, 0.1333, 0.2, 0.3167, 1.0],
            "transform": [
                [-1.0, -0.0, -0.0, 0.0, 0.0, 0.037955, -0.999279, 0.329779, -0.0, -0.99928, -0.037955, -0.0, 0.0, 0.0, 0.0, 1.0],
                [-1.0, 0.0, -0.0, 0.0, 0.0, 0.018981, -0.99982, 0.329779, 0.0, -0.999819, -0.018981, 0.0, 0.0, 0.0, 0.0, 1.0],
                [-0.999988, 1e-06, -6e-06, 0.0, -5e-06, 0.005446, -0.99998, 0.329779, 3e-06, -0.999971, -0.005438, 0.0, 0.0, 0.0, 0.0, 1.0],
                [-0.999989, 3e-06, -7e-06, 0.0, -5e-06, 0.005439, -0.999981, 0.329779, -4e-06, -0.999971, -0.00544, -0.0, 0.0, 0.0, 0.0, 1.0],
                [-0.999988, 2e-06, -6e-06, -0.0, -5e-06, 0.005439, -0.999982, 0.329779, -3e-06, -0.99997, -0.005441, 0.0, 0.0, 0.0, 0.0, 1.0],
                [-0.999988, 2e-06, -6e-06, -0.0, -5e-06, 0.005439, -0.999982, 0.329779, -3e-06, -0.99997, -0.005441, 0.0, 0.0, 0.0, 0.0, 1.0]
            ]
        },
        {
            "name": "Shoulder_L",
            "time": [0.0, 0.0667, 0.1333, 0.2, 0.3167, 1.0],
            "transform": [
                [0.18976, -0.917292, -0.350094, 0.0, 0.060818, -0.344907, 0.936665, 0.35, -0.979945, -0.199034, -0.009662, 0.0, 0.0, 0.0, 0.0, 1.0],
                [0.109645, -0.931976, -0.345542, 0.0, 0.034806, -0.343824, 0.938389, 0.35, -0.993361, -0.114917, -0.00526, 0.0, 0.0, 0.0, 0.0, 1.0],
                [-0.296105, -0.900651, -0.318041, 0.0, -0.089473, -0.305354, 0.948026, 0.35, -0.950956, 0.309171, 0.009833, -0.0, 0.0, 0.0, 0.0, 1.0],
                [-0.296105, -0.900651, -0.318041, -0.0, -0.089473, -0.305354, 0.948026, 0.35, -0.950956, 0.309171, 0.009833, -0.0, 0.0, 0.0, 0.0, 1.0],
                [-0.296105, -0.900651, -0.318041, -0.0, -0.089473, -0.305354, 0.948026, 0.35, -0.950956, 0.309171, 0.009833, -0.0, 0.0, 0.0, 0.0, 1.0],
                [-0.296105, -0.900651, -0.318041, -0.0, -0.089473, -0.305354, 0.948026, 0.35, -0.950956, 0.309171, 0.009833, -0.0, 0.0, 0.0, 0.0, 1.0]
            ]
        },
        {
            "name": "Arm_L",
            "time": [0.0, 0.0667, 0.1333, 0.2, 0.3167, 1.0],
            "transform": [
                [-0.018886, 0.019343, 0.999635, -0.0, -0.154222, 0.98779, -0.022028, 0.388212, -0.987856, -0.154582, -0.015673, -0.0, 0.0, 0.0, 0.0, 1.0],
                [0.017196, 0.049407, 0.998631, 0.0, -0.282225, 0.958404, -0.042557, 0.388212, -0.959194, -0.281107, 0.030425, -0.0, 0.0, 0.0, 0.0, 1.0],
                [0.123078, 0.25529, 0.958999, 0.0, -0.820938, 0.569149, -0.046151, 0.388212, -0.557595, -0.781598, 0.279627, -0.0, 0.0, 0.0, 0.0, 1.0],
                [0.123078, 0.25529, 0.958999, 0.0, -0.820938, 0.569149, -0.046151, 0.388212, -0.557595, -0.781598, 0.279627, -0.0, 0.0, 0.0, 0.0, 1.0],
                [0.123078, -0.088103, 0.988479, -0.0, -0.820938, 0.55061, 0.151293, 0.388212, -0.557595, -0.8301, -0.004559, -0.0, 0.0, 0.0, 0.0, 1.0],
                [0.123078, -0.088103, 0.988479, -0.0, -0.820938, 0.55061, 0.151293, 0.388212, -0.557595, -0.8301, -0.004559, -0.0, 0.0, 0.0, 0.0, 1.0]
            ]
        },
        {
            "name": "Hand_L",
            "time": [0.0, 0.0667, 0.1333, 0.2, 0.3167, 1.0],
            "transform": [
                [1.0, 1e-06, 0.0, -0.0, -0.0, 0.703584, -0.710612, 0.329779, -1e-06, 0.710612, 0.703583, -0.0, 0.0, 0.0, 0.0, 1.0],
                [1.0, 1e-06, 0.0, -0.0, -0.0, 0.703372, -0.710822, 0.329779, -1e-06, 0.710822, 0.703372, -0.0, 0.0, 0.0, 0.0, 1.0],
                [1.0, 0.0, 0.0, 0.0, -0.0, 0.702312, -0.71187, 0.329779, -0.0, 0.711869, 0.702311, -0.0, 0.0, 0.0, 0.0, 1.0],
                [1.0, 1e-06, 0.0, 0.0, -0.0, 0.702312, -0.71187, 0.329779, -1e-06, 0.711869, 0.702311, -0.0, 0.0, 0.0, 0.0, 1.0],
                [1.0, 1e-06, 0.0, 0.0, -0.0, 0.702312, -0.71187, 0.329779, -1e-06, 0.711869, 0.702311, 0.0, 0.0, 0.0, 0.0, 1.0],
                [1.0, 1e-06, 0.0, 0.0, -0.0, 0.702312, -0.71187, 0.329779, -1e-06, 0.711869, 0.702311, 0.0, 0.0, 0.0, 0.0, 1.0]
            ]
        },
        {
            "name": "Tool_L",
            "time": [0.0, 0.0667, 0.1333, 0.2, 0.3167, 1.0],
            "transform": [
                [1.0, 2e-06, 0.000177, 0.02, 0.000149, -0.548187, -0.836355, 0.291426, 9.6e-05, 0.836355, -0.548188, 0.0, 0.0, 0.0, 0.0, 1.0],
                [1.0, -0.0, 0.0, 0.02, -0.0, -1.0, 0.0, 0.291426, 0.0, 0.0, -1.0, -0.0, 0.0, 0.0, 0.0, 1.0],
                [0.999782, 0.000456, 0.020865, 0.02, 0.02074, -0.133261, -0.990864, 0.291426, 0.002329, 0.991081, -0.133241, -0.0, 0.0, 0.0, 0.0, 1.0],
                [0.999782, 0.015076, 0.014431, 0.02, 0.02074, -0.794876, -0.606417, 0.291426, 0.002329, 0.606584, -0.795016, -0.0, 0.0, 0.0, 0.0, 1.0],
                [0.999782, 0.015076, 0.014431, 0.02, 0.02074, -0.794877, -0.606417, 0.291426, 0.002329, 0.606584, -0.795016, -0.0, 0.0, 0.0, 0.0, 1.0],
                [0.999782, 0.015076, 0.014431, 0.02, 0.02074, -0.794877, -0.606417, 0.291426, 0.002329, 0.606584, -0.795016, -0.0, 0.0, 0.0, 0.0, 1.0]
            ]
        },
        {
            "name": "Elbow_L",
            "time": [0.0, 0.0667, 0.1333, 0.2, 0.3167, 1.0],
            "transform": [
                [-1.0, 0.0, -0.0, -0.0, 0.0, 0.555671, -0.831402, 0.329779, 0.0, -0.831402, -0.555671, -0.0, 0.0, 0.0, 0.0, 1.0],
                [-1.0, 0.0, -0.0, -0.0, 0.0, 0.555795, -0.831319, 0.329779, 0.0, -0.831319, -0.555795, -0.0, 0.0, 0.0, 0.0, 1.0],
                [-1.0, 0.0, -0.0, 0.0, 0.0, 0.556415, -0.830905, 0.329779, 0.0, -0.830904, -0.556414, -0.0, 0.0, 0.0, 0.0, 1.0],
                [-1.0, -0.0, -1e-06, 0.0, 0.0, 0.556415, -0.830905, 0.329779, 0.0, -0.830905, -0.556414, 0.0, 0.0, 0.0, 0.0, 1.0],
                [-1.0, 0.0, -0.0, 0.0, 0.0, 0.556415, -0.830905, 0.329779, 0.0, -0.830905, -0.556415, 0.0, 0.0, 0.0, 0.0, 1.0],
                [-1.0, 0.0, -0.0, 0.0, 0.0, 0.556415, -0.830905, 0.329779, 0.0, -0.830905, -0.556415, 0.0, 0.0, 0.0, 0.0, 1.0]
            ]
        }
    ]
}