{
    "animation": [
        {
            "name": "Root",
            "time": [0.0, 0.1, 0.1333, 0.2, 0.3, 0.5, 0.6, 0.7, 0.8, 1.0],
            "transform": [
                [-0.021309, 0.066157, -0.997582, -5e-06, -0.999212, -0.034845, 0.019033, 0.000946, -0.033502, 0.997201, 0.066847, 0.461242, 0.0, 0.0, 0.0, 1.0],
                [-0.361217, 0.066157, -0.930132, -5e-06, -0.928143, -0.121624, 0.351793, 0.000946, -0.089853, 0.990369, 0.105335, 0.461242, 0.0, 0.0, 0.0, 1.0],
                [0.201704, 0.120873, -0.971959, -5e-06, -0.979113, 0.050769, -0.196875, 0.235597, 0.025548, 0.991369, 0.128589, 0.52392, 0.0, 0.0, 0.0, 1.0],
                [0.990257, -0.015921, -0.138337, -5e-06, -0.133253, 0.180077, -0.974585, 0.531428, 0.040427, 0.983524, 0.176201, 0.586599, 0.0, 0.0, 0.0, 1.0],
                [0.992319, -0.015921, 0.122674, -5e-06, 0.123529, 0.180077, -0.975865, 0.531428, -0.006554, 0.983524, 0.18066, 0.576599, 0.0, 0.0, 0.0, 1.0],
                [0.955942, -0.015921, 0.293125, -5e-06, 0.29111, 0.180077, -0.939589, 0.531428, -0.037826, 0.983524, 0.176778, 0.586599, 0.0, 0.0, 0.0, 1.0],
                [0.907413, -0.008613, 0.420152, -5e-06, 0.41786, 0.124751, -0.899906, 0.531428, -0.044664, 0.992151, 0.1168, 0.582344, 0.0, 0.0, 0.0, 1.0],
                [0.843404, 0.005949, 0.537248, -5e-06, 0.535533, 0.071285, -0.841501, 0.531428, -0.043303, 0.997438, 0.056936, 0.57809, 0.0, 0.0, 0.0, 1.0],
                [0.958849, 0.010664, 0.283716, -5e-06, 0.282938, 0.047018, -0.957985, 0.531428, -0.023555, 0.998837, 0.042066, 0.631755, 0.0, 0.0, 0.0, 1.0],
                [0.965926, -0.0, -0.258819, -5e-06, -0.258819, 0.0, -0.965926, 0.531428, 0.0, 1.0, -0.0, 0.739084, 0.0, 0.0, 0.0, 1.0]
            ]
        },
        {
            "name": "Thigh_R",
            "time": [0.0, 0.1, 0.2, 0.3, 0.5, 0.6, 0.7, 0.8, 1.0],
            "transform": [
                [0.960704, 0.270913, 0.060453, 0.124994, -0.003324, -0.206544, 0.978432, -0.002831, 0.277556, -0.940184, -0.197527, -1.2e-05, 0.0, 0.0, 0.0, 1.0],
                [0.961509, 0.210303, 0.176844, 0.124994, -0.149731, -0.138635, 0.978959, -0.002831, 0.230395, -0.967757, -0.10181, -1.2e-05, 0.0, 0.0, 0.0, 1.0],
                [0.869092, 0.180204, 0.460658, 0.129111, 0.396112, -0.811326, -0.429936, -0.039539, 0.296267, 0.556126, -0.776498, 0.033686, 0.0, 0.0, 0.0, 1.0],
                [0.895109, 0.033898, 0.444558, 0.124994, 0.271597, -0.832202, -0.483399, -0.00283, 0.353576, 0.553435, -0.754118, -1.2e-05, 0.0, 0.0, 0.0, 1.0],
                [0.900175, -0.063326, 0.430901, 0.124994, 0.1959, -0.824768, -0.530454, -0.002831, 0.388984, 0.561915, -0.73003, -1.2e-05, 0.0, 0.0, 0.0, 1.0],
                [0.933374, 0.072071, 0.351594, 0.124994, 0.112702, -0.988934, -0.096474, -0.002831, 0.34075, 0.129672, -0.931168, -1.2e-05, 0.0, 0.0, 0.0, 1.0],
                [0.954759, 0.186556, 0.231587, 0.124994, 0.110396, -0.945453, 0.306485, -0.00283, 0.276131, -0.267053, -0.923274, -1.2e-05, 0.0, 0.0, 0.0, 1.0],
                [0.963449, 0.202046, 0.175907, 0.124994, 0.146786, -0.94744, 0.284272, -0.002831, 0.224098, -0.248061, -0.942468, -1.2e-05, 0.0, 0.0, 0.0, 1.0],
                [0.972272, 0.16443, 0.166283, 0.124994, 0.169195, -0.985471, -0.014805, -0.002831, 0.161433, 0.042529, -0.985967, -1.2e-05, 0.0, 0.0, 0.0, 1.0]
            ]
        },
        {
            "name": "Leg_R",
            "time": [0.0, 0.1, 0.2, 0.3, 0.5, 0.6, 0.7, 0.8, 1.0],
            "transform": [
                [1.0, -3e-06, 4e-06, -0.0, -4e-06, -0.084096, 0.996458, 0.37472, -3e-06, -0.996458, -0.084096, -0.0, 0.0, 0.0, 0.0, 1.0],
                [1.0, -3e-06, 4e-06, 0.0, -4e-06, -0.030132, 0.999546, 0.37472, -2e-06, -0.999546, -0.030132, -0.0, 0.0, 0.0, 0.0, 1.0],
                [1.0, 4e-06, 3e-06, -0.0, -4e-06, 0.999986, 0.005315, 0.37472, -3e-06, -0.005315, 0.999986, -0.0, 0.0, 0.0, 0.0, 1.0],
                [1.0, 4e-06, 3e-06, 0.0, -4e-06, 0.999988, 0.004764, 0.37472, -3e-06, -0.004764, 0.999989, 0.0, 0.0, 0.0, 0.0, 1.0],
                [1.0, 4e-06, 3e-06, 0.0, -4e-06, 0.999987, 0.005105, 0.37472, -2e-06, -0.005105, 0.999987, 0.0, 0.0, 0.0, 0.0, 1.0],
                [1.0, 1e-06, 4e-06, 0.0, -4e-06, 0.734105, 0.679036, 0.37472, -2e-06, -0.679036, 0.734105, 0.0, 0.0, 0.0, 0.0, 1.0],
                [1.0, -1e-06, 5e-06, 0.0, -4e-06, 0.336406, 0.941716, 0.37472, -2e-06, -0.941717, 0.336406, -0.0, 0.0, 0.0, 0.0, 1.0],
                [1.0, 0.0, 5e-06, -0.0, -4e-06, 0.524092, 0.851662, 0.37472, -3e-06, -0.851662, 0.524092, 0.0, 0.0, 0.0, 0.0, 1.0],
                [1.0, 4e-06, 3e-06, -0.0, -4e-06, 0.994594, 0.103842, 0.37472, -2e-06, -0.103842, 0.994594, 0.0, 0.0, 0.0, 0.0, 1.0]
            ]
        },
        {
            "name": "Knee_R",
            "time": [0.0, 0.1, 0.2, 0.3, 0.5, 0.6, 0.7, 0.8, 1.0],
            "transform": [
                [0.99868, -0.049732, -0.012857, -0.0, 0.032902, 0.811528, -0.583387, 0.37472, 0.039447, 0.582193, 0.812093, -0.0, 0.0, 0.0, 0.0, 1.0],
                [0.998693, -0.049658, -0.012124, 0.0, 0.032208, 0.795478, -0.605126, 0.37472, 0.039694, 0.603944, 0.796037, -0.0, 0.0, 0.0, 0.0, 1.0],
                [0.998834, -0.047663, 0.007675, -0.0, 0.013456, 0.122199, -0.992414, 0.37472, 0.046363, 0.99136, 0.122698, 0.0, 0.0, 0.0, 0.0, 1.0],
                [0.998834, -0.047662, 0.007681, 0.0, 0.01345, 0.121926, -0.992448, 0.37472, 0.046366, 0.991394, 0.122424, 0.0, 0.0, 0.0, 0.0, 1.0],
                [0.998834, -0.047663, 0.007677, 0.0, 0.013454, 0.122095, -0.992427, 0.37472, 0.046364, 0.991373, 0.122594, 0.0, 0.0, 0.0, 0.0, 1.0],
                [0.99924, -0.038975, -0.000534, 0.0, 0.017158, 0.452129, -0.891788, 0.37472, 0.034999, 0.891101, 0.452454, 0.0, 0.0, 0.0, 0.0, 1.0],
                [0.999548, -0.029845, -0.003659, 0.0, 0.016076, 0.633277, -0.773758, 0.37472, 0.02541, 0.77335, 0.633471, 0.0, 0.0, 0.0, 0.0, 1.0],
                [0.999803, -0.019806, -0.001147, -0.0, 0.009509, 0.529114, -0.848497, 0.37472, 0.017413, 0.848319, 0.529198, 0.0, 0.0, 0.0, 0.0, 1.0],
                [1.0, 2e-06, -4e-06, -0.0, -4e-06, 0.051993, -0.998647, 0.37472, -2e-06, 0.998647, 0.051993, 0.0, 0.0, 0.0, 0.0, 1.0]
            ]
        },
        {
            "name": "Thigh_L",
            "time": [0.0, 0.1, 0.2, 0.3, 0.5, 0.6, 0.7, 0.8, 1.0],
            "transform": [
                [0.740138, -0.593271, 0.316583, -0.125006, -0.546562, -0.804999, -0.230751, -0.002831, 0.391747, -0.002245, -0.92007, -1.2e-05, 0.0, 0.0, 0.0, 1.0],
                [0.895533, -0.426712, 0.126243, -0.125006, -0.334245, -0.832302, -0.442214, -0.002831, 0.293771, 0.353821, -0.88798, -1.2e-05, 0.0, 0.0, 0.0, 1.0],
                [0.975188, -0.178738, 0.130621, -0.125006, -0.21095, -0.571272, 0.793189, -0.00283, -0.067153, -0.801062, -0.594802, -1.2e-05, 0.0, 0.0, 0.0, 1.0],
                [0.988049, -0.151266, 0.029627, -0.125006, -0.101712, -0.495398, 0.862691, -0.00283, -0.115819, -0.855394, -0.504863, -1.2e-05, 0.0, 0.0, 0.0, 1.0],
                [0.989496, -0.12854, -0.066151, -0.125006, -0.006742, -0.498126, 0.867078, -0.002831, -0.144406, -0.857524, -0.49376, -1.2e-05, 0.0, 0.0, 0.0, 1.0],
                [0.991437, -0.093932, -0.090717, -0.125006, 0.028446, -0.522656, 0.852069, -0.002831, -0.127451, -0.847353, -0.515508, -1.2e-05, 0.0, 0.0, 0.0, 1.0],
                [0.993238, -0.054786, -0.102355, -0.125006, 0.055795, -0.54789, 0.834688, -0.00283, -0.101809, -0.834755, -0.541128, -1.2e-05, 0.0, 0.0, 0.0, 1.0],
                [0.996241, -0.086626, -0.000121, -0.125006, -0.060989, -0.702403, 0.709162, -0.002831, -0.061517, -0.706489, -0.705045, -1.2e-05, 0.0, 0.0, 0.0, 1.0],
                [0.988457, -0.149191, 0.02635, -0.125006, -0.151427, -0.978304, 0.141388, -0.002831, 0.004685, -0.143746, -0.989604, -1.2e-05, 0.0, 0.0, 0.0, 1.0]
            ]
        },
        {
            "name": "Leg_L",
            "time": [0.0, 0.1, 0.2, 0.3, 0.5, 0.6, 0.7, 0.8, 1.0],
            "transform": [
                [1.0, 0.0, 2e-06, -0.0, -1e-06, 0.805132, 0.593096, 0.37472, -1e-06, -0.593096, 0.805132, -0.0, 0.0, 0.0, 0.0, 1.0],
                [1.0, 1e-06, 1e-06, -0.0, -1e-06, 0.933617, 0.358274, 0.37472, -1e-06, -0.358274, 0.933616, -0.0, 0.0, 0.0, 0.0, 1.0],
                [1.0, -1e-06, 1e-06, -0.0, -1e-06, 0.244615, 0.96962, 0.37472, -1e-06, -0.96962, 0.244615, -0.0, 0.0, 0.0, 0.0, 1.0],
                [1.0, -1e-06, 1e-06, 0.0, -1e-06, 0.247355, 0.968925, 0.37472, -1e-06, -0.968925, 0.247355, 0.0, 0.0, 0.0, 0.0, 1.0],
                [1.0, -1e-06, 1e-06, 0.0, -1e-06, 0.325105, 0.945678, 0.37472, -1e-06, -0.945678, 0.325105, 0.0, 0.0, 0.0, 0.0, 1.0],
                [1.0, -1e-06, 1e-06, 0.0, -1e-06, 0.330095, 0.943948, 0.37472, -1e-06, -0.943948, 0.330095, 0.0, 0.0, 0.0, 0.0, 1.0],
                [1.0, -1e-06, 1e-06, -0.0, -1e-06, 0.333321, 0.942813, 0.37472, -1e-06, -0.942813, 0.333321, 0.0, 0.0, 0.0, 0.0, 1.0],
                [1.0, -0.0, 2e-06, 0.0, -1e-06, 0.51172, 0.859153, 0.37472, -1e-06, -0.859153, 0.511719, -0.0, 0.0, 0.0, 0.0, 1.0],
                [1.0, 1e-06, 1e-06, 0.0, -1e-06, 0.976447, 0.215759, 0.37472, -1e-06, -0.215758, 0.976447, 0.0, 0.0, 0.0, 0.0, 1.0]
            ]
        },
        {
            "name": "Knee_L",
            "time": [0.0, 0.1, 0.2, 0.3, 0.5, 0.6, 0.7, 0.8, 1.0],
            "transform": [
                [1.0, 1e-06, -1e-06, -0.0, -1e-06, 0.63962, -0.768691, 0.37472, -1e-06, 0.768691, 0.63962, 0.0, 0.0, 0.0, 0.0, 1.0],
                [1.0, 1e-06, -1e-06, -0.0, -1e-06, 0.530986, -0.847381, 0.37472, -0.0, 0.847381, 0.530986, -0.0, 0.0, 0.0, 0.0, 1.0],
                [1.0, 1e-06, -0.0, 0.0, -1e-06, 0.861589, -0.507607, 0.37472, -1e-06, 0.507607, 0.861589, -0.0, 0.0, 0.0, 0.0, 1.0],
                [1.0, 1e-06, -0.0, 0.0, -1e-06, 0.860871, -0.508824, 0.37472, -0.0, 0.508824, 0.860871, 0.0, 0.0, 0.0, 0.0, 1.0],
                [1.0, 1e-06, -0.0, 0.0, -1e-06, 0.839516, -0.543335, 0.37472, -1e-06, 0.543335, 0.839516, 0.0, 0.0, 0.0, 0.0, 1.0],
                [1.0, 1e-06, -1e-06, -0.0, -1e-06, 0.795178, -0.606377, 0.37472, -1e-06, 0.606377, 0.795177, 0.0, 0.0, 0.0, 0.0, 1.0],
                [1.0, 1e-06, -1e-06, -0.0, -1e-06, 0.745879, -0.666082, 0.37472, -0.0, 0.666083, 0.745879, 0.0, 0.0, 0.0, 0.0, 1.0],
                [1.0, 1e-06, -1e-06, 0.0, -1e-06, 0.618628, -0.785684, 0.37472, -0.0, 0.785684, 0.618628, -0.0, 0.0, 0.0, 0.0, 1.0],
                [1.0, 1e-06, -1e-06, 0.0, -1e-06, 0.108522, -0.994094, 0.37472, -0.0, 0.994094, 0.108521, 0.0, 0.0, 0.0, 0.0, 1.0]
            ]
        },
        {
            "name": "Torso",
            "time": [0.0, 0.1, 0.2, 0.3, 0.5, 0.6, 0.7, 0.8, 1.0],
            "transform": [
                [0.981674, 0.189554, 0.019621, 0.0, -0.190566, 0.976125, 0.104232, 0.05, 0.000605, -0.106061, 0.994359, 0.0, 0.0, 0.0, 0.0, 1.0],
                [0.961376, 0.273077, 0.034422, 0.0, -0.2752, 0.955775, 0.103728, 0.05, -0.004574, -0.109195, 0.99401, -0.0, 0.0, 0.0, 0.0, 1.0],
                [0.999968, 0.007948, -6.1e-05, 0.0, -0.007948, 0.999851, -0.015343, 0.05, -6.1e-05, 0.015343, 0.999882, 0.0, 0.0, 0.0, 0.0, 1.0],
                [0.996608, -0.082091, 0.005791, 0.0, 0.082091, 0.986719, -0.140165, 0.05, 0.005792, 0.140165, 0.990111, 0.0, 0.0, 0.0, 0.0, 1.0],
                [0.996608, -0.082091, 0.005791, -0.0, 0.082091, 0.986719, -0.140165, 0.05, 0.005792, 0.140165, 0.990111, -0.0, 0.0, 0.0, 0.0, 1.0],
                [0.99456, -0.103707, -0.009712, -0.0, 0.10365, 0.994594, -0.006197, 0.05, 0.010302, 0.005156, 0.999934, 0.0, 0.0, 0.0, 0.0, 1.0],
                [0.992012, -0.122996, -0.027991, 0.0, 0.125584, 0.983844, 0.127593, 0.05, 0.011845, -0.130089, 0.991432, 0.0, 0.0, 0.0, 0.0, 1.0],
                [0.996443, -0.082622, -0.016558, -0.0, 0.083658, 0.993515, 0.077004, 0.05, 0.010089, -0.078115, 0.996893, 0.0, 0.0, 0.0, 0.0, 1.0],
                [1.0, 0.0, -0.0, -0.0, -0.0, 0.999665, -0.025877, 0.05, 0.0, 0.025877, 0.999665, 0.0, 0.0, 0.0, 0.0, 1.0]
            ]
        },
        {
            "name": "Chest",
            "time": [0.0, 0.1, 0.2, 0.3, 0.5, 0.6, 0.7, 0.8, 1.0],
            "transform": [
                [0.974913, -0.038653, -0.219204, 0.0, 0.039615, 0.999215, -7e-06, 0.35, 0.219032, -0.008676, 0.975679, 0.0, 0.0, 0.0, 0.0, 1.0],
                [0.974913, -0.038653, -0.219204, -0.0, 0.039615, 0.999215, -7e-06, 0.35, 0.219032, -0.008676, 0.975679, -0.0, 0.0, 0.0, 0.0, 1.0],
                [0.983812, 0.000972, 0.179199, -0.0, 0.082989, 0.88382, -0.460407, 0.35, -0.158827, 0.467826, 0.869433, -0.0, 0.0, 0.0, 0.0, 1.0],
                [0.965925, -1e-06, 0.25882, 0.0, 0.066988, 0.965926, -0.249999, 0.35, -0.250001, 0.258818, 0.933012, -0.0, 0.0, 0.0, 0.0, 1.0],
                [0.965925, -1e-06, 0.25882, 0.0, 0.066988, 0.965926, -0.249999, 0.35, -0.250001, 0.258818, 0.933012, -0.0, 0.0, 0.0, 0.0, 1.0],
                [0.991408, -0.008593, 0.130523, 0.0, 0.025483, 0.991408, -0.128297, 0.35, -0.128299, 0.130521, 0.983109, -0.0, 0.0, 0.0, 0.0, 1.0],
                [1.0, -1e-06, 1e-06, 0.0, 1e-06, 1.0, 1e-06, 0.35, -1e-06, -1e-06, 1.0, -0.0, 0.0, 0.0, 0.0, 1.0],
                [1.0, -1e-06, 1e-06, 0.0, 1e-06, 1.0, 1e-06, 0.35, -1e-06, -1e-06, 1.0, -0.0, 0.0, 0.0, 0.0, 1.0],
                [1.0, -1e-06, 1e-06, -0.0, 1e-06, 1.0, 1e-06, 0.35, -1e-06, -1e-06, 1.0, 0.0, 0.0, 0.0, 0.0, 1.0]
            ]
        },
        {
            "name": "Head",
            "time": [0.0, 0.1, 0.2, 0.3, 0.5, 0.6, 0.7, 0.8, 1.0],
            "transform": [
                [0.855837, -0.039231, 0.515755, 0.0, 0.07918, 0.995304, -0.055681, 0.35, -0.511148, 0.088491, 0.854925, -0.0, 0.0, 0.0, 0.0, 1.0],
                [0.622442, -0.218545, 0.751534, 0.0, 0.239038, 0.967426, 0.083348, 0.35, -0.745269, 0.127766, 0.654408, -0.0, 0.0, 0.0, 0.0, 1.0],
                [0.995425, 0.088346, -0.036381, -0.0, -0.072651, 0.947194, 0.312322, 0.35, 0.062053, -0.30825, 0.949279, -0.0, 0.0, 0.0, 0.0, 1.0],
                [0.916962, 0.129185, -0.377481, -0.0, -0.04375, 0.97298, 0.226707, 0.35, 0.396569, -0.191367, 0.897837, -0.0, 0.0, 0.0, 0.0, 1.0],
                [0.842558, 0.100202, -0.529203, -0.0, 0.025837, 0.973892, 0.225537, 0.35, 0.537985, -0.203701, 0.817972, -0.0, 0.0, 0.0, 0.0, 1.0],
                [0.84279, 0.088467, -0.530922, 0.0, -0.053734, 0.995301, 0.080548, 0.35, 0.535553, -0.039356, 0.843584, -0.0, 0.0, 0.0, 0.0, 1.0],
                [0.843777, 0.119288, -0.52327, -0.0, -0.167775, 0.984749, -0.046048, 0.35, 0.509796, 0.126646, 0.850922, 0.0, 0.0, 0.0, 0.0, 1.0],
                [0.959193, 0.088694, -0.268482, -0.0, -0.090791, 0.995859, 0.00462, 0.350001, 0.26778, 0.019945, 0.963274, 0.0, 0.0, 0.0, 0.0, 1.0],
                [0.965926, -0.044367, 0.254988, -0.0, -0.006698, 0.980582, 0.195993, 0.35, -0.258732, -0.191023, 0.946873, 0.0, 0.0, 0.0, 0.0, 1.0]
            ]
        },
        {
            "name": "Shoulder_R",
            "time": [0.0, 0.1, 0.2, 0.3, 0.5, 0.6, 0.7, 0.8, 1.0],
            "transform": [
                [0.434266, 0.900724, 0.0105, 0.0, -0.056545, 0.015625, 0.998278, 0.35, 0.899009, -0.434111, 0.057717, -0.0, 0.0, 0.0, 0.0, 1.0],
                [0.434266, 0.900724, 0.0105, 0.0, -0.056546, 0.015625, 0.998278, 0.35, 0.899009, -0.434111, 0.057717, -0.0, 0.0, 0.0, 0.0, 1.0],
                [-1e-06, 0.965965, 0.258674, -0.0, -3e-06, -0.258674, 0.965965, 0.35, 1.0, -0.0, 3e-06, -0.0, 0.0, 0.0, 0.0, 1.0],
                [-0.307407, 0.913996, 0.264787, -0.0, 0.083389, -0.251316, 0.964306, 0.35, 0.947918, 0.318515, 0.001039, -0.0, 0.0, 0.0, 0.0, 1.0],
                [-0.307407, 0.913996, 0.264787, -0.0, 0.08339, -0.251316, 0.964306, 0.35, 0.947918, 0.318515, 0.001038, -0.0, 0.0, 0.0, 0.0, 1.0],
                [-0.355961, 0.840859, 0.407736, 0.0, 0.086141, -0.404933, 0.91028, 0.35, 0.930523, 0.359146, 0.071708, -0.0, 0.0, 0.0, 0.0, 1.0],
                [-0.402232, 0.821791, 0.40357, -0.0, 0.097545, -0.399825, 0.911386, 0.35, 0.910327, 0.405955, 0.080661, 0.0, 0.0, 0.0, 0.0, 1.0],
                [-0.296787, 0.86394, 0.406849, -0.0, 0.051144, -0.411053, 0.910176, 0.350001, 0.953574, 0.290936, 0.07781, 0.0, 0.0, 0.0, 0.0, 1.0],
                [-0.061428, 0.964215, 0.257906, -0.0, -0.003025, -0.258573, 0.965987, 0.35, 0.998107, 0.058559, 0.018801, 0.0, 0.0, 0.0, 0.0, 1.0]
            ]
        },
        {
            "name": "Arm_R",
            "time": [0.0, 0.1, 0.2, 0.3, 0.5, 0.6, 0.7, 0.8, 1.0],
            "transform": [
                [0.32413, 0.133783, -0.936505, 0.0, -0.124008, 0.987417, 0.098137, 0.388213, 0.937849, 0.084325, 0.336641, -0.0, 0.0, 0.0, 0.0, 1.0],
                [0.32413, 0.133783, -0.936505, -0.0, -0.124008, 0.987417, 0.098137, 0.388213, 0.93785, 0.084325, 0.336641, -0.0, 0.0, 0.0, 0.0, 1.0],
                [-0.224247, 0.914882, -0.335716, -0.0, -0.139605, 0.310778, 0.940174, 0.388213, 0.964481, 0.257699, 0.058031, -0.0, 0.0, 0.0, 0.0, 1.0],
                [-0.112099, 0.380199, -0.918087, 0.0, -0.247077, 0.88423, 0.396346, 0.388213, 0.96249, 0.271268, -0.005183, -0.0, 0.0, 0.0, 0.0, 1.0],
                [-0.120556, 0.60343, -0.788251, -0.0, -0.253614, 0.74897, 0.612147, 0.388213, 0.959763, 0.273709, 0.062745, 0.0, 0.0, 0.0, 0.0, 1.0],
                [0.191278, 0.547632, -0.814562, 0.0, 0.184783, 0.794955, 0.577842, 0.388213, 0.963985, -0.261045, 0.050865, 0.0, 0.0, 0.0, 0.0, 1.0],
                [0.428496, 0.337359, -0.838201, 0.0, 0.582755, 0.605757, 0.541715, 0.388213, 0.690498, -0.720588, 0.062967, -0.0, 0.0, 0.0, 0.0, 1.0],
                [0.403155, 0.302866, -0.863561, 0.0, 0.646446, 0.573677, 0.502994, 0.388213, 0.647745, -0.76103, 0.035494, 0.0, 0.0, 0.0, 0.0, 1.0],
                [0.342525, 0.238234, -0.908802, 0.0, 0.760879, 0.497097, 0.417083, 0.388213, 0.551126, -0.834349, -0.010999, 0.0, 0.0, 0.0, 0.0, 1.0]
            ]
        },
        {
            "name": "Hand_R",
            "time": [0.0, 0.1, 0.2, 0.3, 0.5, 0.6, 0.7, 0.8, 1.0],
            "transform": [
                [1.0, 0.0, -0.0, 0.0, -0.0, 0.723808, -0.690002, 0.329779, -0.0, 0.690001, 0.723808, 0.0, 0.0, 0.0, 0.0, 1.0],
                [1.0, 0.0, -0.0, -0.0, -0.0, 0.723808, -0.690002, 0.329779, -0.0, 0.690001, 0.723808, 0.0, 0.0, 0.0, 0.0, 1.0],
                [1.0, 0.0, 0.0, 0.0, -0.0, 0.939161, -0.343478, 0.329779, -0.0, 0.343478, 0.93916, -0.0, 0.0, 0.0, 0.0, 1.0],
                [1.0, 0.0, -0.0, -0.0, -0.0, 0.865248, -0.501343, 0.329779, -0.0, 0.501343, 0.865248, 0.0, 0.0, 0.0, 0.0, 1.0],
                [1.0, 0.0, -0.0, -0.0, -0.0, 0.818261, -0.574847, 0.329779, -0.0, 0.574847, 0.818261, -0.0, 0.0, 0.0, 0.0, 1.0],
                [1.0, 0.0, 0.0, 0.0, -0.0, 0.953483, -0.301446, 0.329779, -0.0, 0.301446, 0.953483, -0.0, 0.0, 0.0, 0.0, 1.0],
                [1.0, 0.0, 0.0, 0.0, -0.0, 1.0, -0.0, 0.329779, -0.0, 0.0, 1.0, 0.0, 0.0, 0.0, 0.0, 1.0],
                [0.999924, -0.011854, -0.003507, -0.0, 0.011621, 0.998102, -0.060471, 0.329779, 0.004217, 0.060426, 0.998163, 0.0, 0.0, 0.0, 0.0, 1.0],
                [0.999314, -0.036095, -0.008341, -0.0, 0.033996, 0.982954, -0.180685, 0.329779, 0.01472, 0.180277, 0.983506, -0.0, 0.0, 0.0, 0.0, 1.0]
            ]
        },
        {
            "name": "Tool_R",
            "time": [0.0, 0.1, 0.2, 0.3, 0.5, 0.6, 0.7, 0.8, 1.0],
            "transform": [
                [1.0, -0.0, 0.0, -0.02, -0.0, -0.995643, -0.093243, 0.291425, 0.0, 0.093243, -0.995643, 0.0, 0.0, 0.0, 0.0, 1.0],
                [1.0, -0.0, 0.0, -0.02, 0.0, -0.995643, -0.093243, 0.291425, 0.0, 0.093243, -0.995643, 0.0, 0.0, 0.0, 0.0, 1.0],
                [1.0, 0.0, 0.0, -0.02, -0.0, -0.860222, 0.50992, 0.291425, 0.0, -0.50992, -0.860222, -0.0, 0.0, 0.0, 0.0, 1.0],
                [1.0, -0.0, 0.0, -0.02, -0.0, -0.986738, -0.162319, 0.291425, 0.0, 0.162319, -0.986738, -0.0, 0.0, 0.0, 0.0, 1.0],
                [1.0, -0.0, 0.0, -0.02, -0.0, -0.986738, -0.162319, 0.291425, 0.0, 0.162319, -0.986738, -0.0, 0.0, 0.0, 0.0, 1.0],
                [1.0, -0.0, 0.0, -0.02, -0.0, -0.988883, -0.148695, 0.291425, 0.0, 0.148695, -0.988883, 0.0, 0.0, 0.0, 0.0, 1.0],
                [1.0, -0.0, 0.0, -0.02, 0.0, -0.990856, -0.134925, 0.291425, 0.0, 0.134925, -0.990856, 0.0, 0.0, 0.0, 0.0, 1.0],
                [1.0, -0.0, 0.0, -0.02, 0.0, -0.94814, -0.317854, 0.291425, 0.0, 0.317854, -0.94814, -0.0, 0.0, 0.0, 0.0, 1.0],
                [1.0, -0.0, 0.0, -0.02, 0.0, -0.766044, -0.642788, 0.291425, 0.0, 0.642788, -0.766044, -0.0, 0.0, 0.0, 0.0, 1.0]
            ]
        },
        {
            "name": "Elbow_R",
            "time": [0.0, 0.1, 0.2, 0.3, 0.5, 0.6, 0.7, 0.8, 1.0],
            "transform": [
                [-1.0, 0.0, -0.0, 0.0, 0.0, 0.371613, -0.928388, 0.329779, -0.0, -0.928388, -0.371613, 0.0, 0.0, 0.0, 0.0, 1.0],
                [-1.0, 0.0, -0.0, -0.0, 0.0, 0.371613, -0.928388, 0.329779, -0.0, -0.928387, -0.371613, 0.0, 0.0, 0.0, 0.0, 1.0],
                [-1.0, 0.0, -0.0, 0.0, 0.0, 0.174412, -0.984672, 0.329779, -0.0, -0.984672, -0.174412, 0.0, 0.0, 0.0, 0.0, 1.0],
                [-1.0, 0.0, -0.0, -0.0, 1e-06, 0.259568, -0.965724, 0.329779, -0.0, -0.965724, -0.259568, 0.0, 0.0, 0.0, 0.0, 1.0],
                [-1.0, 0.0, -0.0, -0.0, 1e-06, 0.301446, -0.953483, 0.329779, 0.0, -0.953483, -0.301446, -0.0, 0.0, 0.0, 0.0, 1.0],
                [-1.0, 0.0, -0.0, 0.0, 0.0, 0.152507, -0.988303, 0.329779, -0.0, -0.988302, -0.152507, -0.0, 0.0, 0.0, 0.0, 1.0],
                [-1.000001, 0.0, -1e-06, 0.0, 1e-06, 0.0, -1.0, 0.329779, 0.0, -1.0, 0.0, 0.0, 0.0, 0.0, 0.0, 1.0],
                [-1.0, 0.0, -0.0, -0.0, 1e-06, 0.030227, -0.999543, 0.329779, 0.0, -0.999543, -0.030227, 0.0, 0.0, 0.0, 0.0, 1.0],
                [-1.0, 0.0, -0.0, -0.0, 1e-06, 0.09052, -0.995895, 0.329779, -0.0, -0.995895, -0.09052, -0.0, 0.0, 0.0, 0.0, 1.0]
            ]
        },
        {
            "name": "Shoulder_L",
            "time": [0.0, 0.1, 0.1333, 0.2, 0.3, 0.5, 0.6, 0.7, 0.8, 1.0],
            "transform": [
                [0.477948, -0.832888, -0.27904, 0.0, 0.133805, -0.244931, 0.960263, 0.35, -0.868137, -0.496293, -0.005619, -0.0, 0.0, 0.0, 0.0, 1.0],
                [0.477948, -0.832887, -0.27904, 0.0, 0.133806, -0.244931, 0.960263, 0.35, -0.868137, -0.496293, -0.005619, -0.0, 0.0, 0.0, 0.0, 1.0],
                [0.466606, -0.832725, -0.298075, -0.0, 0.13597, -0.265469, 0.954483, 0.35, -0.873951, -0.485897, -0.010644, -0.0, 0.0, 0.0, 0.0, 1.0],
                [-0.252068, -0.924655, -0.285439, -0.0, 0.127259, -0.324075, 0.937433, 0.35, -0.959306, 0.199972, 0.199359, -0.0, 0.0, 0.0, 0.0, 1.0],
                [-0.334715, -0.864229, -0.3756, -0.0, -0.112949, -0.358922, 0.926508, 0.35, -0.935526, 0.352539, 0.022523, -0.0, 0.0, 0.0, 0.0, 1.0],
                [-0.334715, -0.864228, -0.3756, -0.0, -0.112949, -0.358922, 0.926508, 0.35, -0.935526, 0.35254, 0.022523, -0.0, 0.0, 0.0, 0.0, 1.0],
                [-0.297943, -0.891638, -0.340897, 0.0, -0.088836, -0.329668, 0.939908, 0.35, -0.950441, 0.310323, 0.019013, -0.0, 0.0, 0.0, 0.0, 1.0],
                [-0.259552, -0.916141, -0.305482, -0.0, -0.065906, -0.298781, 0.952043, 0.35, -0.963478, 0.267238, 0.01717, 0.0, 0.0, 0.0, 0.0, 1.0],
                [-0.196965, -0.936676, -0.289556, -0.0, -0.041891, -0.287032, 0.957005, 0.350001, -0.979515, 0.200626, 0.017297, 0.0, 0.0, 0.0, 0.0, 1.0],
                [-0.068479, -0.963784, -0.257743, -0.0, 0.00337, -0.258572, 0.965986, 0.35, -0.997647, 0.065281, 0.020955, 0.0, 0.0, 0.0, 0.0, 1.0]
            ]
        },
        {
            "name": "Arm_L",
            "time": [0.0, 0.1, 0.1333, 0.1667, 0.2, 0.3, 0.5, 0.6, 0.7, 0.8, 1.0],
            "transform": [
                [-0.448901, 0.802443, 0.393157, 0.0, -0.037347, 0.422746, -0.905478, 0.388212, -0.8928, -0.421153, -0.159803, -0.0, 0.0, 0.0, 0.0, 1.0],
                [-0.448901, 0.802443, 0.393157, 0.0, -0.037347, 0.422746, -0.905478, 0.388212, -0.892801, -0.421153, -0.159803, -0.0, 0.0, 0.0, 0.0, 1.0],
                [-0.239413, 0.966931, -0.087902, 0.0, 0.362969, 0.005164, -0.931787, 0.388212, -0.900519, -0.254988, -0.352202, 0.0, 0.0, 0.0, 0.0, 1.0],
                [-0.213055, -0.273451, 0.937994, -0.0, 0.166712, 0.935783, 0.310673, 0.388212, -0.962712, 0.222566, -0.153785, -0.0, 0.0, 0.0, 0.0, 1.0],
                [0.039946, -0.714736, 0.698253, -0.0, 0.357771, 0.66271, 0.657887, 0.388212, -0.932954, 0.223535, 0.282185, -0.0, 0.0, 0.0, 0.0, 1.0],
                [0.039946, -0.582628, 0.811757, 0.0, 0.357771, 0.766883, 0.532814, 0.388212, -0.932954, 0.269139, 0.239082, 0.0, 0.0, 0.0, 0.0, 1.0],
                [0.039946, -0.582627, 0.811757, 0.0, 0.357771, 0.766883, 0.532814, 0.388212, -0.932954, 0.269139, 0.239082, 0.0, 0.0, 0.0, 0.0, 1.0],
                [-0.093328, -0.358056, 0.929024, 0.0, 0.024299, 0.932, 0.361644, 0.388212, -0.995339, 0.056326, -0.078281, -0.0, 0.0, 0.0, 0.0, 1.0],
                [-0.312432, -0.145182, 0.93878, 0.0, -0.284753, 0.957121, 0.053251, 0.388212, -0.906257, -0.250684, -0.340376, 0.0, 0.0, 0.0, 0.0, 1.0],
                [-0.150002, -0.129129, 0.980217, -0.0, -0.517325, 0.855134, 0.033486, 0.388212, -0.84254, -0.502068, -0.195074, 0.0, 0.0, 0.0, 0.0, 1.0],
                [0.128836, 0.017927, 0.991504, -0.0, -0.848937, 0.518767, 0.100931, 0.388212, -0.51255, -0.854728, 0.082055, -0.0, 0.0, 0.0, 0.0, 1.0]
            ]
        },
        {
            "name": "Hand_L",
            "time": [0.0, 0.1, 0.1333, 0.2, 0.3, 0.5, 0.6, 0.7, 0.8, 1.0],
            "transform": [
                [1.0, 0.0, 0.0, -0.0, -0.0, 1.0, -8e-05, 0.329779, -0.0, 8e-05, 1.0, 0.0, 0.0, 0.0, 0.0, 1.0],
                [1.0, 0.0, 0.0, -0.0, -0.0, 1.0, -8e-05, 0.329779, -0.0, 8e-05, 1.0, 0.0, 0.0, 0.0, 0.0, 1.0],
                [1.0, 0.0, 0.0, -0.0, -0.0, 0.996158, -0.087571, 0.329779, -0.0, 0.087571, 0.996158, 0.0, 0.0, 0.0, 0.0, 1.0],
                [1.0, 0.0, 0.0, 0.0, -0.0, 0.984582, -0.174926, 0.329779, -1e-06, 0.174926, 0.984582, -0.0, 0.0, 0.0, 0.0, 1.0],
                [1.0, 0.0, 1e-06, -0.0, -0.0, 1.0, 1e-06, 0.329779, -1e-06, -1e-06, 1.0, 0.0, 0.0, 0.0, 0.0, 1.0],
                [1.0, 0.0, 0.0, 0.0, -0.0, 0.984582, -0.174926, 0.329779, -1e-06, 0.174926, 0.984582, 0.0, 0.0, 0.0, 0.0, 1.0],
                [1.0, 0.0, 0.0, 0.0, -0.0, 0.953522, -0.301324, 0.329779, -1e-06, 0.301324, 0.953522, 0.0, 0.0, 0.0, 0.0, 1.0],
                [1.0, 0.0, 0.0, 0.0, -0.0, 0.906308, -0.422618, 0.329779, -1e-06, 0.422618, 0.906308, -0.0, 0.0, 0.0, 0.0, 1.0],
                [0.999878, 0.014009, 0.006922, -0.0, -0.010906, 0.942897, -0.332905, 0.329779, -0.011191, 0.332789, 0.942935, -0.0, 0.0, 0.0, 0.0, 1.0],
                [0.998906, 0.039707, 0.024679, -0.0, -0.035722, 0.988784, -0.145015, 0.329779, -0.03016, 0.143974, 0.989122, -0.0, 0.0, 0.0, 0.0, 1.0]
            ]
        },
        {
            "name": "Tool_L",
            "time": [0.0, 0.1, 0.1333, 0.1667, 0.2, 0.3, 0.5, 0.6, 0.7, 0.8, 1.0],
            "transform": [
                [0.98144, -0.001941, 0.191763, 0.02, 0.110755, -0.810587, -0.575049, 0.291426, 0.156556, 0.585615, -0.795327, -0.0, 0.0, 0.0, 0.0, 1.0],
                [0.981439, -0.001941, 0.191762, 0.02, 0.110755, -0.810587, -0.575049, 0.291426, 0.156556, 0.585615, -0.795327, -0.0, 0.0, 0.0, 0.0, 1.0],
                [1.0, -0.0, 0.0, 0.02, 0.0, -0.939693, -0.34202, 0.291426, 0.0, 0.34202, -0.939693, -0.0, 0.0, 0.0, 0.0, 1.0],
                [1.0, -0.0, 0.0, 0.02, -0.0, -0.958028, -0.286677, 0.291426, 0.0, 0.286677, -0.958027, -0.0, 0.0, 0.0, 0.0, 1.0],
                [1.0, -0.0, 0.0, 0.02, 0.0, -0.766044, -0.642788, 0.291426, 0.0, 0.642788, -0.766044, 0.0, 0.0, 0.0, 0.0, 1.0],
                [0.993341, 0.013672, 0.114398, 0.02, 0.054353, -0.931105, -0.360679, 0.291426, 0.101585, 0.364495, -0.925648, -0.0, 0.0, 0.0, 0.0, 1.0],
                [0.993341, 0.013672, 0.114398, 0.02, 0.054353, -0.931105, -0.360679, 0.291426, 0.101585, 0.364495, -0.925648, -0.0, 0.0, 0.0, 0.0, 1.0],
                [0.99573, 0.012768, 0.091434, 0.02, 0.041935, -0.944877, -0.32473, 0.291426, 0.082248, 0.327178, -0.941377, 0.0, 0.0, 0.0, 0.0, 1.0],
                [0.997595, 0.010943, 0.068441, 0.02, 0.030254, -0.957171, -0.287937, 0.291426, 0.062359, 0.289315, -0.9552, -0.0, 0.0, 0.0, 0.0, 1.0],
                [0.998931, 0.0082, 0.045489, 0.02, 0.019349, -0.967946, -0.250413, 0.291426, 0.041978, 0.251026, -0.96707, -0.0, 0.0, 0.0, 0.0, 1.0],
                [1.0, -0.0, 0.0, 0.02, -0.0, -0.984808, -0.173648, 0.291426, 0.0, 0.173648, -0.984808, -0.0, 0.0, 0.0, 0.0, 1.0]
            ]
        },
        {
            "name": "Elbow_L",
            "time": [0.0, 0.1, 0.2, 0.3, 0.5, 0.6, 0.7, 0.8, 1.0],
            "transform": [
                [-1.0, -0.0, -0.0, -0.0, 0.0, 4e-05, -1.0, 0.329779, 0.0, -1.0, -4e-05, 0.0, 0.0, 0.0, 0.0, 1.0],
                [-1.0, -0.0, -0.0, -0.0, 0.0, 4e-05, -1.0, 0.329779, 0.0, -1.0, -4e-05, 0.0, 0.0, 0.0, 0.0, 1.0],
                [-1.0, 0.0, -0.0, 0.0, 0.0, 0.109186, -0.994021, 0.329779, 0.0, -0.994021, -0.109186, -0.0, 0.0, 0.0, 0.0, 1.0],
                [-1.0, -0.0, -0.0, -0.0, 0.0, 0.021487, -0.999769, 0.329779, 0.0, -0.999769, -0.021486, 0.0, 0.0, 0.0, 0.0, 1.0],
                [-1.0, -0.0, -0.0, 0.0, 0.0, 0.109186, -0.994021, 0.329779, 0.0, -0.994021, -0.109186, 0.0, 0.0, 0.0, 0.0, 1.0],
                [-1.0, -0.0, -0.0, 0.0, 0.0, 0.169408, -0.985546, 0.329779, 0.0, -0.985546, -0.169408, 0.0, 0.0, 0.0, 0.0, 1.0],
                [-1.0, -0.0, -0.0, 0.0, 0.0, 0.229006, -0.973425, 0.329779, 0.0, -0.973425, -0.229006, -0.0, 0.0, 0.0, 0.0, 1.0],
                [-1.0, -0.0, -0.0, -0.0, 0.0, 0.177291, -0.984158, 0.329779, 0.0, -0.984158, -0.177291, -0.0, 0.0, 0.0, 0.0, 1.0],
                [-1.0, -0.0, -0.0, 0.0, 0.0, 0.072208, -0.99739, 0.329779, 0.0, -0.99739, -0.072208, -0.0, 0.0, 0.0, 0.0, 1.0]
            ]
        }
    ]
}