{
    "animation": [
        {
            "name": "Root",
            "time": [0.0, 0.05, 0.1, 0.15, 0.2, 0.4, 0.5, 0.7, 0.8, 1.0, 1.1, 1.3],
            "transform": [
                [-0.96687, -0.20995, 0.145203, -5e-06, 0.143011, 0.025667, 0.989389, 0.000946, -0.211449, 0.977375, 0.005209, 0.874681, 0.0, 0.0, 0.0, 1.0],
                [-0.277018, -0.20995, 0.937647, -5e-06, 0.95713, 0.025667, 0.288521, 0.304914, -0.084641, 0.977375, 0.193839, 0.874681, 0.0, 0.0, 0.0, 1.0],
                [-0.168184, -0.067569, 0.983437, -0.021984, 0.980833, 0.088109, 0.173792, 0.523888, -0.098393, 0.993816, 0.051456, 1.000596, 0.0, 0.0, 0.0, 1.0],
                [0.899215, -0.067569, 0.432257, -0.021984, 0.437222, 0.174391, -0.882284, 0.823888, -0.015766, 0.982355, 0.186357, 1.000596, 0.0, 0.0, 0.0, 1.0],
                [0.662969, -0.067569, -0.745592, -0.021984, -0.748392, -0.085804, -0.657683, 0.823888, -0.019536, 0.994018, -0.107454, 1.000596, 0.0, 0.0, 0.0, 1.0],
                [-0.481115, -0.067569, -0.87405, -0.021984, -0.870004, -0.085804, 0.485521, 0.323888, -0.107803, 0.994018, -0.017504, 0.800596, 0.0, 0.0, 0.0, 1.0],
                [-0.866532, -0.046504, -0.496951, -0.021984, -0.486903, -0.140202, 0.862131, 0.323888, -0.109766, 0.98903, 0.098847, 0.500596, 0.0, 0.0, 0.0, 1.0],
                [-0.995365, -0.046504, -0.084179, -0.021984, -0.076932, -0.140202, 0.98713, 0.323888, -0.057707, 0.98903, 0.135974, 0.400596, 0.0, 0.0, 0.0, 1.0],
                [-0.322941, 0.028291, -0.945996, -0.012564, -0.946378, -0.018953, 0.322504, 0.323888, -0.008806, 0.99942, 0.032895, 0.545662, 0.0, 0.0, 0.0, 1.0],
                [0.33422, 0.016005, -0.942359, -0.006284, -0.942467, -0.002005, -0.334292, 0.323888, -0.007239, 0.99987, 0.014415, 0.642373, 0.0, 0.0, 0.0, 1.0],
                [0.649728, 0.010254, -0.760097, -0.004191, -0.760141, 0.000602, -0.649758, 0.323888, -0.006205, 0.999947, 0.008185, 0.67461, 0.0, 0.0, 0.0, 1.0],
                [0.965926, -0.0, -0.258819, -5e-06, -0.258819, 0.0, -0.965926, 0.323888, 0.0, 1.0, -0.0, 0.739084, 0.0, 0.0, 0.0, 1.0]
            ]
        },
        {
            "name": "Thigh_R",
            "time": [0.0, 0.05, 0.1, 0.15, 0.2, 0.4, 0.5, 0.7, 0.8, 1.0, 1.1, 1.3],
            "transform": [
                [0.775525, 0.253345, 0.578253, 0.124994, -0.218842, -0.751276, 0.62265, -0.002831, 0.592173, -0.609426, -0.527191, -1.2e-05, 0.0, 0.0, 0.0, 1.0],
                [0.73592, 0.404063, 0.543282, 0.124994, 0.45742, -0.888302, 0.041057, -0.002831, 0.499188, 0.218294, -0.838546, -1.2e-05, 0.0, 0.0, 0.0, 1.0],
                [0.757982, 0.57428, 0.3093, 0.124994, 0.623904, -0.776649, -0.086951, -0.002831, 0.190283, 0.258881, -0.946981, -1.2e-05, 0.0, 0.0, 0.0, 1.0],
                [0.824889, 0.317291, 0.467852, 0.124994, 0.028935, -0.850237, 0.525604, -0.00283, 0.564554, -0.420027, -0.710532, -1.2e-05, 0.0, 0.0, 0.0, 1.0],
                [0.840659, 0.52906, 0.115705, 0.124994, 0.42062, -0.772422, 0.47586, -0.002831, 0.341132, -0.351369, -0.871877, -1.2e-05, 0.0, 0.0, 0.0, 1.0],
                [0.793589, 0.601075, -0.094482, 0.124994, 0.483952, -0.529428, 0.696776, -0.00283, 0.368793, -0.598679, -0.711039, -1.2e-05, 0.0, 0.0, 0.0, 1.0],
                [0.803177, 0.553256, -0.220941, 0.124994, 0.393999, -0.215132, 0.893579, -0.002831, 0.446847, -0.804752, -0.390771, -1.2e-05, 0.0, 0.0, 0.0, 1.0],
                [0.933722, 0.346792, -0.088879, 0.124994, 0.061479, 0.08925, 0.99411, -0.002831, 0.352681, -0.933686, 0.062015, -1.2e-05, 0.0, 0.0, 0.0, 1.0],
                [0.779018, 0.626968, -0.006448, 0.124994, 0.579835, -0.716465, 0.387903, -0.00283, 0.238584, -0.305922, -0.921677, -1.2e-05, 0.0, 0.0, 0.0, 1.0],
                [0.907594, 0.419428, 0.018815, 0.124994, 0.340613, -0.761768, 0.551082, -0.00283, 0.245472, -0.49375, -0.834239, -1.2e-05, 0.0, 0.0, 0.0, 1.0],
                [0.932261, 0.353922, 0.075029, 0.124994, 0.297743, -0.868358, 0.396615, -0.002831, 0.205523, -0.347409, -0.914914, -1.2e-05, 0.0, 0.0, 0.0, 1.0],
                [0.972102, 0.163691, 0.167997, 0.124994, 0.170495, -0.984994, -0.026811, -0.002831, 0.161087, 0.054706, -0.985423, -1.2e-05, 0.0, 0.0, 0.0, 1.0]
            ]
        },
        {
            "name": "Leg_R",
            "time": [0.0, 0.05, 0.1, 0.15, 0.2, 0.4, 0.5, 0.7, 0.8, 1.0, 1.1, 1.3],
            "transform": [
                [1.0, 2e-06, 4e-06, 0.0, -4e-06, 0.838849, 0.544363, 0.37472, -2e-06, -0.544363, 0.83885, 0.0, 0.0, 0.0, 0.0, 1.0],
                [1.0, 4e-06, 2e-06, 0.0, -4e-06, 0.999986, 0.005279, 0.37472, -3e-06, -0.005279, 0.999986, 0.0, 0.0, 0.0, 0.0, 1.0],
                [1.0, 4e-06, 3e-06, -0.0, -4e-06, 0.999987, 0.005058, 0.37472, -3e-06, -0.005058, 0.999987, 0.0, 0.0, 0.0, 0.0, 1.0],
                [1.0, 4e-06, 2e-06, -0.0, -4e-06, 0.999987, 0.005172, 0.37472, -2e-06, -0.005172, 0.999986, -0.0, 0.0, 0.0, 0.0, 1.0],
                [1.0, 0.0, 5e-06, -0.0, -4e-06, 0.514249, 0.857641, 0.37472, -2e-06, -0.857641, 0.51425, 0.0, 0.0, 0.0, 0.0, 1.0],
                [1.0, -2e-06, 4e-06, 0.0, -4e-06, 0.222281, 0.974982, 0.374721, -3e-06, -0.974982, 0.222281, 0.0, 0.0, 0.0, 0.0, 1.0],
                [1.0, -1e-06, 5e-06, 0.0, -4e-06, 0.398251, 0.917276, 0.37472, -2e-06, -0.917276, 0.398251, -0.0, 0.0, 0.0, 0.0, 1.0],
                [1.0, -1e-06, 4e-06, -0.0, -4e-06, 0.23363, 0.972326, 0.37472, -2e-06, -0.972326, 0.23363, 0.0, 0.0, 0.0, 0.0, 1.0],
                [1.0, 0.0, 5e-06, -0.0, -4e-06, 0.575876, 0.817537, 0.37472, -2e-06, -0.817537, 0.575876, 0.0, 0.0, 0.0, 0.0, 1.0],
                [1.0, 1e-06, 4e-06, 0.0, -4e-06, 0.730439, 0.682978, 0.37472, -3e-06, -0.682978, 0.730439, -0.0, 0.0, 0.0, 0.0, 1.0],
                [1.0, 1e-06, 4e-06, -0.0, -4e-06, 0.760747, 0.649048, 0.37472, -2e-06, -0.649049, 0.760747, 0.0, 0.0, 0.0, 0.0, 1.0],
                [1.0, 4e-06, 3e-06, -0.0, -4e-06, 0.99633, 0.085594, 0.37472, -2e-06, -0.085594, 0.99633, -0.0, 0.0, 0.0, 0.0, 1.0]
            ]
        },
        {
            "name": "Knee_R",
            "time": [0.0, 0.05, 0.1, 0.15, 0.2, 0.4, 0.5, 0.7, 0.8, 1.0, 1.1, 1.3],
            "transform": [
                [0.998829, -0.048355, 0.000822, 0.0, 0.019947, 0.396431, -0.917848, 0.37472, 0.044057, 0.916789, 0.396932, 0.0, 0.0, 0.0, 0.0, 1.0],
                [0.998834, -0.047663, 0.007675, 0.0, 0.013456, 0.122181, -0.992417, 0.37472, 0.046364, 0.991363, 0.12268, 0.0, 0.0, 0.0, 0.0, 1.0],
                [0.999599, -0.01128, 0.025948, -0.0, 0.028236, 0.456683, -0.889181, 0.37472, -0.00182, 0.889558, 0.456819, 0.0, 0.0, 0.0, 0.0, 1.0],
                [1.0, 2e-06, -4e-06, 0.0, -4e-06, 0.082447, -0.996595, 0.37472, -2e-06, 0.996595, 0.082447, -0.0, 0.0, 0.0, 0.0, 1.0],
                [0.999621, -0.017016, 0.021635, -0.0, 0.02612, 0.834343, -0.550626, 0.37472, -0.008682, 0.550982, 0.834472, 0.0, 0.0, 0.0, 0.0, 1.0],
                [0.999952, -0.005438, 0.008159, 0.0, 0.009518, 0.738321, -0.674382, 0.37472, -0.002357, 0.674427, 0.738338, 0.0, 0.0, 0.0, 0.0, 1.0],
                [1.0, 4e-06, -2e-06, -0.0, -4e-06, 0.548521, -0.836136, 0.37472, -2e-06, 0.836137, 0.548521, 0.0, 0.0, 0.0, 0.0, 1.0],
                [1.0, 4e-06, -2e-06, -0.0, -4e-06, 0.619021, -0.785375, 0.37472, -2e-06, 0.785375, 0.619021, -0.0, 0.0, 0.0, 0.0, 1.0],
                [1.0, 4e-06, -3e-06, 0.0, -4e-06, 0.460503, -0.887658, 0.37472, -2e-06, 0.887658, 0.460503, 0.0, 0.0, 0.0, 0.0, 1.0],
                [1.0, 3e-06, -3e-06, 0.0, -4e-06, 0.367126, -0.930171, 0.37472, -2e-06, 0.930171, 0.367126, -0.0, 0.0, 0.0, 0.0, 1.0],
                [1.0, 3e-06, -3e-06, 0.0, -4e-06, 0.345872, -0.938282, 0.37472, -2e-06, 0.938282, 0.345872, 0.0, 0.0, 0.0, 0.0, 1.0],
                [1.0, 2e-06, -4e-06, -0.0, -4e-06, 0.042838, -0.999082, 0.37472, -2e-06, 0.999082, 0.042838, -0.0, 0.0, 0.0, 0.0, 1.0]
            ]
        },
        {
            "name": "Thigh_L",
            "time": [0.0, 0.05, 0.1, 0.15, 0.2, 0.4, 0.5, 0.7, 0.8, 1.0, 1.1, 1.3],
            "transform": [
                [0.940786, 0.060737, 0.333515, -0.125006, -0.235306, -0.591215, 0.771424, -0.002831, 0.244033, -0.804223, -0.541916, -1.2e-05, 0.0, 0.0, 0.0, 1.0],
                [0.7863, -0.09571, 0.610386, -0.125006, -0.617669, -0.145304, 0.772898, -0.002831, 0.014718, -0.984747, -0.17337, -1.2e-05, 0.0, 0.0, 0.0, 1.0],
                [0.947027, -0.320572, -0.019356, -0.125006, -0.292159, -0.884981, 0.362562, -0.002831, -0.133357, -0.3377, -0.931759, -1.2e-05, 0.0, 0.0, 0.0, 1.0],
                [0.933065, -0.359499, -0.012239, -0.125006, -0.318151, -0.808916, -0.494403, -0.002831, 0.167838, 0.465204, -0.869147, -1.2e-05, 0.0, 0.0, 0.0, 1.0],
                [0.951434, 0.29569, -0.085681, -0.125006, 0.21219, -0.831518, -0.513373, -0.00283, -0.223045, 0.47026, -0.853877, -1.2e-05, 0.0, 0.0, 0.0, 1.0],
                [0.923028, -0.383896, 0.025353, -0.125006, -0.38046, -0.920589, -0.088124, -0.00283, 0.05717, 0.071695, -0.995787, -1.2e-05, 0.0, 0.0, 0.0, 1.0],
                [0.927341, -0.339914, 0.156514, -0.125006, -0.348878, -0.936585, 0.033035, -0.002831, 0.13536, -0.085239, -0.987123, -1.2e-05, 0.0, 0.0, 0.0, 1.0],
                [0.982434, -0.160934, 0.094472, -0.125006, -0.148972, -0.981242, -0.122362, -0.002831, 0.112392, 0.106139, -0.987979, -1.2e-05, 0.0, 0.0, 0.0, 1.0],
                [0.812591, -0.495757, 0.306464, -0.125006, -0.582828, -0.688756, 0.431192, -0.00283, -0.002688, -0.528999, -0.848618, -1.2e-05, 0.0, 0.0, 0.0, 1.0],
                [0.991157, -0.044134, 0.125146, -0.125006, -0.119236, -0.710102, 0.693929, -0.00283, 0.058241, -0.702714, -0.709084, -1.2e-05, 0.0, 0.0, 0.0, 1.0],
                [0.992853, -0.086619, 0.0821, -0.125006, -0.104582, -0.962878, 0.248857, -0.002831, 0.057496, -0.255665, -0.965054, -1.2e-05, 0.0, 0.0, 0.0, 1.0],
                [0.988585, -0.148355, 0.026266, -0.125006, -0.150583, -0.978581, 0.14037, -0.002831, 0.004879, -0.142723, -0.989751, -1.2e-05, 0.0, 0.0, 0.0, 1.0]
            ]
        },
        {
            "name": "Leg_L",
            "time": [0.0, 0.05, 0.1, 0.15, 0.2, 0.4, 0.5, 0.7, 0.8, 1.0, 1.1, 1.3],
            "transform": [
                [1.0, -1e-06, 1e-06, -0.0, -1e-06, 0.165538, 0.986203, 0.37472, -1e-06, -0.986203, 0.165538, -0.0, 0.0, 0.0, 0.0, 1.0],
                [1.0, -1e-06, 1e-06, 0.0, -1e-06, 0.253836, 0.967247, 0.37472, -1e-06, -0.967247, 0.253836, -0.0, 0.0, 0.0, 0.0, 1.0],
                [1.0, 1e-06, 1e-06, -0.0, -1e-06, 0.999987, 0.005036, 0.37472, -1e-06, -0.005036, 0.999987, 0.0, 0.0, 0.0, 0.0, 1.0],
                [1.0, 1e-06, 1e-06, -0.0, -1e-06, 0.999989, 0.004755, 0.37472, -1e-06, -0.004755, 0.999989, -0.0, 0.0, 0.0, 0.0, 1.0],
                [1.0, 1e-06, 1e-06, -0.0, -1e-06, 0.999987, 0.005177, 0.37472, -1e-06, -0.005177, 0.999987, -0.0, 0.0, 0.0, 0.0, 1.0],
                [1.0, 1e-06, 1e-06, 0.0, -1e-06, 0.999989, 0.004694, 0.37472, -1e-06, -0.004694, 0.999989, -0.0, 0.0, 0.0, 0.0, 1.0],
                [1.0, -0.0, 2e-06, -0.0, -1e-06, 0.594134, 0.804366, 0.37472, -1e-06, -0.804366, 0.594134, -0.0, 0.0, 0.0, 0.0, 1.0],
                [1.0, -0.0, 2e-06, -0.0, -1e-06, 0.394401, 0.918938, 0.37472, -1e-06, -0.918939, 0.394401, -0.0, 0.0, 0.0, 0.0, 1.0],
                [1.0, -0.0, 2e-06, 0.0, -1e-06, 0.621841, 0.783143, 0.37472, -1e-06, -0.783143, 0.621841, -0.0, 0.0, 0.0, 0.0, 1.0],
                [1.0, 0.0, 2e-06, 0.0, -1e-06, 0.780217, 0.625508, 0.37472, -1e-06, -0.625509, 0.780217, -0.0, 0.0, 0.0, 0.0, 1.0],
                [1.0, 0.0, 2e-06, 0.0, -1e-06, 0.676961, 0.736019, 0.37472, -1e-06, -0.736019, 0.676961, -0.0, 0.0, 0.0, 0.0, 1.0],
                [1.0, 1e-06, 1e-06, 0.0, -1e-06, 0.975511, 0.219951, 0.37472, -1e-06, -0.219951, 0.975511, -0.0, 0.0, 0.0, 0.0, 1.0]
            ]
        },
        {
            "name": "Knee_L",
            "time": [0.0, 0.05, 0.1, 0.15, 0.2, 0.4, 0.5, 0.7, 0.8, 1.0, 1.1, 1.3],
            "transform": [
                [1.0, 1e-06, -0.0, -0.0, -1e-06, 0.881392, -0.472385, 0.37472, -0.0, 0.472385, 0.881392, -0.0, 0.0, 0.0, 0.0, 1.0],
                [1.0, 1e-06, -0.0, 0.0, -1e-06, 0.859163, -0.511703, 0.37472, -0.0, 0.511703, 0.859163, 0.0, 0.0, 0.0, 0.0, 1.0],
                [1.0, 1e-06, -1e-06, -0.0, -1e-06, 0.3746, -0.927186, 0.37472, -0.0, 0.927187, 0.3746, 0.0, 0.0, 0.0, 0.0, 1.0],
                [1.0, 1e-06, -2e-06, 0.0, -2e-06, 0.002378, -0.999997, 0.37472, -1e-06, 0.999996, 0.002378, -0.0, 0.0, 0.0, 0.0, 1.0],
                [1.0, 1e-06, -1e-06, -0.0, -1e-06, 0.374666, -0.92716, 0.37472, -0.0, 0.92716, 0.374666, -0.0, 0.0, 0.0, 0.0, 1.0],
                [1.0, 0.0, -1e-06, 0.0, -1e-06, 0.123983, -0.992284, 0.37472, -0.0, 0.992284, 0.123983, -0.0, 0.0, 0.0, 0.0, 1.0],
                [1.0, 1e-06, -1e-06, 0.0, -1e-06, 0.450482, -0.892785, 0.37472, -0.0, 0.892785, 0.450482, 0.0, 0.0, 0.0, 0.0, 1.0],
                [1.0, 1e-06, -1e-06, -0.0, -1e-06, 0.550273, -0.834985, 0.37472, -0.0, 0.834985, 0.550273, -0.0, 0.0, 0.0, 0.0, 1.0],
                [1.0, 1e-06, -1e-06, -0.0, -1e-06, 0.434834, -0.900511, 0.37472, -1e-06, 0.900511, 0.434834, -0.0, 0.0, 0.0, 0.0, 1.0],
                [1.0, 1e-06, -1e-06, -0.0, -1e-06, 0.3315, -0.943455, 0.37472, -0.0, 0.943455, 0.3315, 0.0, 0.0, 0.0, 0.0, 1.0],
                [1.0, 1e-06, -1e-06, 0.0, -2e-06, 0.401896, -0.915685, 0.37472, -1e-06, 0.915685, 0.401896, -0.0, 0.0, 0.0, 0.0, 1.0],
                [1.0, 1e-06, -1e-06, 0.0, -1e-06, 0.110657, -0.993859, 0.37472, -0.0, 0.993859, 0.110657, 0.0, 0.0, 0.0, 0.0, 1.0]
            ]
        },
        {
            "name": "Torso",
            "time": [0.0, 0.05, 0.1, 0.15, 0.2, 0.4, 0.5, 0.7, 0.8, 1.0, 1.1, 1.3],
            "transform": [
                [0.970372, 0.021825, -0.240627, -0.0, -0.02728, 0.99944, -0.019359, 0.05, 0.240069, 0.02535, 0.970425, -0.0, 0.0, 0.0, 0.0, 1.0],
                [0.9742, 0.225685, -0.001303, 0.0, -0.225685, 0.974134, -0.01139, 0.05, -0.001302, 0.011391, 0.999934, -0.0, 0.0, 0.0, 0.0, 1.0],
                [0.999857, -0.016556, 0.003367, -0.0, 0.016457, 0.99948, 0.027725, 0.05, -0.003825, -0.027666, 0.99961, -0.0, 0.0, 0.0, 0.0, 1.0],
                [0.967347, 0.105879, -0.230283, -0.0, -0.06039, 0.978683, 0.196299, 0.05, 0.246158, -0.175982, 0.95312, -0.0, 0.0, 0.0, 0.0, 1.0],
                [0.953148, 0.20278, -0.224475, 0.0, -0.170344, 0.973011, 0.155669, 0.05, 0.249983, -0.110137, 0.961966, 0.0, 0.0, 0.0, 0.0, 1.0],
                [1.0, 0.0, -0.0, 0.0, -0.0, 1.0, -0.0, 0.05, 0.0, 0.0, 1.0, -0.0, 0.0, 0.0, 0.0, 1.0],
                [1.0, 0.0, -0.0, 0.0, -0.0, 1.0, -0.0, 0.05, 0.0, 0.0, 1.0, -0.0, 0.0, 0.0, 0.0, 1.0],
                [1.0, 0.0, -0.0, -0.0, -0.0, 1.0, -0.0, 0.05, 0.0, 0.0, 1.0, 0.0, 0.0, 0.0, 0.0, 1.0],
                [0.99907, -0.043115, -0.00084, -0.0, 0.043123, 0.998897, 0.018571, 0.05, 3.9e-05, -0.01859, 0.999827, 0.0, 0.0, 0.0, 0.0, 1.0],
                [0.997417, -0.071806, -0.001845, -0.0, 0.071829, 0.996938, 0.030921, 0.05, -0.000381, -0.030973, 0.99952, 0.0, 0.0, 0.0, 0.0, 1.0],
                [0.998851, -0.047908, -0.000777, 0.0, 0.047914, 0.998779, 0.012008, 0.05, 0.0002, -0.012031, 0.999928, 0.0, 0.0, 0.0, 0.0, 1.0],
                [1.0, 0.0, -0.0, -0.0, -0.0, 0.999665, -0.025877, 0.05, 0.0, 0.025877, 0.999665, 0.0, 0.0, 0.0, 0.0, 1.0]
            ]
        },
        {
            "name": "Chest",
            "time": [0.0, 0.05, 0.1, 0.15, 0.2, 0.4, 0.5, 0.7, 0.8, 1.0, 1.1, 1.3],
            "transform": [
                [0.965223, 0.179, -0.190531, -0.0, -0.126902, 0.958004, 0.257148, 0.35, 0.228559, -0.224026, 0.947403, 0.0, 0.0, 0.0, 0.0, 1.0],
                [0.976825, -1e-06, -0.21404, 0.0, 0.002367, 0.999939, 0.010799, 0.35, 0.214027, -0.011055, 0.976765, 0.0, 0.0, 0.0, 0.0, 1.0],
                [0.975733, 0.019083, -0.218131, 0.0, 0.002308, 0.995243, 0.097392, 0.35, 0.218951, -0.095532, 0.971048, -0.0, 0.0, 0.0, 0.0, 1.0],
                [0.989677, -0.077463, -0.12058, -0.0, 0.089443, 0.991225, 0.097333, 0.35, 0.111982, -0.107113, 0.98792, 0.0, 0.0, 0.0, 0.0, 1.0],
                [0.772107, 0.239741, -0.588537, -0.0, 0.001003, 0.92565, 0.378381, 0.35, 0.635492, -0.292741, 0.71446, -0.0, 0.0, 0.0, 0.0, 1.0],
                [0.957767, 0.032198, -0.285738, 0.0, 1e-06, 0.993711, 0.111979, 0.35, 0.287546, -0.10725, 0.951743, -0.0, 0.0, 0.0, 0.0, 1.0],
                [0.957767, 0.032198, -0.285738, -0.0, 1e-06, 0.993711, 0.111979, 0.35, 0.287546, -0.10725, 0.951743, -0.0, 0.0, 0.0, 0.0, 1.0],
                [0.957767, 0.032198, -0.285738, -0.0, 1e-06, 0.993711, 0.111979, 0.35, 0.287546, -0.10725, 0.951743, 0.0, 0.0, 0.0, 0.0, 1.0],
                [0.986127, 0.014591, -0.16535, -0.0, -0.004014, 0.997934, 0.064122, 0.35, 0.165944, -0.062569, 0.984148, 0.0, 0.0, 0.0, 0.0, 1.0],
                [0.996535, 0.005983, -0.082956, -0.0, -0.003342, 0.999484, 0.031946, 0.35, 0.083104, -0.031558, 0.996041, -0.0, 0.0, 0.0, 0.0, 1.0],
                [0.998462, 0.003694, -0.055317, -0.0, -0.002521, 0.999771, 0.021253, 0.35, 0.055383, -0.021081, 0.998243, 0.0, 0.0, 0.0, 0.0, 1.0],
                [1.0, -1e-06, 1e-06, -0.0, 1e-06, 1.0, 1e-06, 0.35, -1e-06, -1e-06, 1.0, -0.0, 0.0, 0.0, 0.0, 1.0]
            ]
        },
        {
            "name": "Head",
            "time": [0.0, 0.05, 0.1, 0.15, 0.2, 0.4, 0.5, 0.7, 0.8, 1.0, 1.1, 1.3],
            "transform": [
                [0.929688, -0.365605, -0.044879, 0.0, 0.36734, 0.911224, 0.186364, 0.35, -0.027241, -0.189746, 0.981455, 0.0, 0.0, 0.0, 0.0, 1.0],
                [0.781701, -0.044879, -0.622036, -0.0, 0.044512, 0.998879, -0.01613, 0.35, 0.622063, -0.015079, 0.782822, 0.0, 0.0, 0.0, 0.0, 1.0],
                [0.49224, -0.037134, -0.869667, -0.0, 0.017933, 0.99931, -0.032519, 0.35, 0.870275, 0.000411, 0.492566, 0.0, 0.0, 0.0, 0.0, 1.0],
                [0.987475, 0.096394, -0.124902, -0.0, -0.143047, 0.880969, -0.451034, 0.35, 0.066557, 0.463252, 0.883724, 0.0, 0.0, 0.0, 0.0, 1.0],
                [0.66952, 0.00762, 0.742755, 0.0, 0.178897, 0.968859, -0.171198, 0.35, -0.720929, 0.247497, 0.647308, 0.0, 0.0, 0.0, 0.0, 1.0],
                [0.108391, -0.174614, 0.978653, 0.0, -0.175828, 0.965565, 0.191753, 0.35, -0.978435, -0.192859, 0.073957, 0.0, 0.0, 0.0, 0.0, 1.0],
                [0.078576, -0.297786, 0.951393, 0.0, 0.021683, 0.954629, 0.297008, 0.35, -0.996672, -0.002709, 0.081468, -0.0, 0.0, 0.0, 0.0, 1.0],
                [-0.348375, -0.3162, 0.882412, -0.0, 0.014985, 0.939386, 0.342532, 0.35, -0.937235, 0.132553, -0.32252, -0.0, 0.0, 0.0, 0.0, 1.0],
                [0.279348, -0.090127, 0.955951, -0.0, 0.006404, 0.995738, 0.092007, 0.35, -0.960168, -0.019581, 0.278735, -0.0, 0.0, 0.0, 0.0, 1.0],
                [0.583348, -0.074476, 0.808801, 0.0, 0.040218, 0.997214, 0.062818, 0.35, -0.811226, -0.004116, 0.584718, -0.0, 0.0, 0.0, 0.0, 1.0],
                [0.776769, -0.07299, 0.625542, 0.0, 0.006861, 0.994183, 0.107484, 0.35, -0.629748, -0.079198, 0.772751, 0.0, 0.0, 0.0, 0.0, 1.0],
                [0.965926, -0.044367, 0.254988, -0.0, -0.006698, 0.980582, 0.195993, 0.35, -0.258732, -0.191023, 0.946873, 0.0, 0.0, 0.0, 0.0, 1.0]
            ]
        },
        {
            "name": "Shoulder_R",
            "time": [0.0, 0.05, 0.1, 0.15, 0.2, 0.4, 0.5, 0.7, 0.8, 1.0, 1.1, 1.3],
            "transform": [
                [0.272663, 0.925398, 0.263239, 0.0, -0.075171, -0.252279, 0.96473, 0.35, 0.959169, -0.282834, 0.000776, 0.0, 0.0, 0.0, 0.0, 1.0],
                [0.437772, 0.838091, 0.325513, -0.0, -0.134789, -0.29678, 0.945385, 0.35, 0.888926, -0.457739, -0.016956, 0.0, 0.0, 0.0, 0.0, 1.0],
                [-0.42675, 0.850558, 0.307305, -0.0, 0.132988, -0.277086, 0.951597, 0.35, 0.894539, 0.446962, 0.005133, 0.0, 0.0, 0.0, 0.0, 1.0],
                [-0.151514, 0.940407, 0.304431, -0.0, 0.044494, -0.301186, 0.952527, 0.35, 0.987453, 0.157866, 0.003792, 0.0, 0.0, 0.0, 0.0, 1.0],
                [-0.143029, 0.965578, 0.217263, 0.0, 0.035031, -0.214444, 0.976108, 0.35, 0.989098, 0.147223, -0.003154, 0.0, 0.0, 0.0, 0.0, 1.0],
                [0.031585, 0.949203, 0.313076, 0.0, -0.00943, -0.312935, 0.949728, 0.35, 0.999457, -0.032949, -0.000933, 0.0, 0.0, 0.0, 0.0, 1.0],
                [0.031585, 0.949203, 0.313076, 0.0, -0.00943, -0.312935, 0.949728, 0.35, 0.999457, -0.032949, -0.000933, -0.0, 0.0, 0.0, 0.0, 1.0],
                [0.031585, 0.949203, 0.313076, -0.0, -0.00943, -0.312935, 0.949728, 0.35, 0.999457, -0.032949, -0.000933, -0.0, 0.0, 0.0, 0.0, 1.0],
                [0.000271, 0.97493, 0.222515, -0.0, -7e-05, -0.222515, 0.974929, 0.35, 1.0, -0.00028, 8e-06, -0.0, 0.0, 0.0, 0.0, 1.0],
                [-0.021031, 0.986728, 0.161016, 0.0, 0.004517, -0.160957, 0.986951, 0.35, 0.999769, 0.021484, -0.001072, -0.0, 0.0, 0.0, 0.0, 1.0],
                [-0.034417, 0.980472, 0.193624, 0.0, 0.001555, -0.193686, 0.981062, 0.35, 0.999407, 0.034066, 0.005142, 0.0, 0.0, 0.0, 0.0, 1.0],
                [-0.061428, 0.964215, 0.257906, -0.0, -0.003025, -0.258573, 0.965987, 0.35, 0.998107, 0.058559, 0.018801, 0.0, 0.0, 0.0, 0.0, 1.0]
            ]
        },
        {
            "name": "Arm_R",
            "time": [0.0, 0.05, 0.1, 0.15, 0.2, 0.4, 0.5, 0.7, 0.8, 1.0, 1.1, 1.3],
            "transform": [
                [0.057899, -0.658355, -0.750477, -0.0, -0.378253, 0.681223, -0.626785, 0.388213, 0.923889, 0.32016, -0.209583, -0.0, 0.0, 0.0, 0.0, 1.0],
                [0.04147, -0.979324, 0.198001, -0.0, -0.790583, -0.15334, -0.592846, 0.388213, 0.61095, -0.13195, -0.780596, 0.0, 0.0, 0.0, 0.0, 1.0],
                [0.231465, 0.538217, -0.810399, -0.0, -0.185277, 0.842162, 0.506394, 0.388213, 0.955037, 0.032935, 0.29465, 0.0, 0.0, 0.0, 0.0, 1.0],
                [0.560067, 0.071602, -0.825347, -0.0, 0.116666, 0.979513, 0.164144, 0.388213, 0.820191, -0.188221, 0.54024, -0.0, 0.0, 0.0, 0.0, 1.0],
                [0.685812, -0.47149, -0.554399, 0.0, -0.097001, 0.695755, -0.7117, 0.388213, 0.721286, 0.54187, 0.431422, 0.0, 0.0, 0.0, 0.0, 1.0],
                [0.107136, -0.989904, -0.092796, 0.0, -0.457441, 0.033791, -0.888597, 0.388213, 0.882762, 0.13765, -0.449203, 0.0, 0.0, 0.0, 0.0, 1.0],
                [0.068937, -0.989904, -0.123842, 0.0, -0.733773, 0.033791, -0.678554, 0.388213, 0.675889, 0.13765, -0.724035, -0.0, 0.0, 0.0, 0.0, 1.0],
                [0.068937, -0.989904, -0.123842, 0.0, -0.733773, 0.033791, -0.678555, 0.388213, 0.675889, 0.13765, -0.724035, -0.0, 0.0, 0.0, 0.0, 1.0],
                [-0.402679, -0.229524, -0.886097, 0.0, 0.044205, 0.962045, -0.269286, 0.388213, 0.914273, -0.147606, -0.377249, -0.0, 0.0, 0.0, 0.0, 1.0],
                [-0.058899, 0.156937, -0.985851, -0.0, 0.690998, 0.719141, 0.073197, 0.388213, 0.720454, -0.676909, -0.1508, -0.0, 0.0, 0.0, 0.0, 1.0],
                [0.074875, 0.196511, -0.977638, -0.0, 0.734438, 0.652299, 0.187365, 0.388213, 0.674533, -0.732044, -0.095485, -0.0, 0.0, 0.0, 0.0, 1.0],
                [0.342525, 0.238234, -0.908802, 0.0, 0.760879, 0.497097, 0.417083, 0.388213, 0.551126, -0.834349, -0.010999, 0.0, 0.0, 0.0, 0.0, 1.0]
            ]
        },
        {
            "name": "Hand_R",
            "time": [0.0, 0.05, 0.1, 0.15, 0.2, 0.4, 0.5, 0.7, 0.8, 1.0, 1.1, 1.3],
            "transform": [
                [1.0, 0.0, -0.0, 0.0, -0.0, 0.866626, -0.498959, 0.329779, -0.0, 0.498959, 0.866625, -0.0, 0.0, 0.0, 0.0, 1.0],
                [1.0, 0.0, 0.0, -0.0, -0.0, 1.0, -0.000139, 0.329779, -0.0, 0.000139, 1.0, -0.0, 0.0, 0.0, 0.0, 1.0],
                [1.0, 0.0, 0.0, 0.0, -0.0, 0.999997, -0.002392, 0.329779, -0.0, 0.002392, 0.999996, 0.0, 0.0, 0.0, 0.0, 1.0],
                [1.0, 0.0, 0.0, 0.0, -0.0, 0.988672, -0.150093, 0.329779, -0.0, 0.150093, 0.988672, -0.0, 0.0, 0.0, 0.0, 1.0],
                [1.0, 0.0, 0.0, 0.0, -0.0, 1.0, -0.0, 0.329779, -0.0, 0.0, 1.0, -0.0, 0.0, 0.0, 0.0, 1.0],
                [1.0, 0.0, 0.0, -0.0, -0.0, 1.0, -0.0, 0.329779, -0.0, 0.0, 1.0, 0.0, 0.0, 0.0, 0.0, 1.0],
                [1.0, 0.0, 0.0, 0.0, -0.0, 1.0, -0.0, 0.329779, -0.0, 0.0, 1.0, 0.0, 0.0, 0.0, 0.0, 1.0],
                [1.0, 0.0, 0.0, 0.0, -0.0, 1.0, -0.0, 0.329779, -0.0, 0.0, 1.0, 0.0, 0.0, 0.0, 0.0, 1.0],
                [0.999874, -0.015281, -0.004377, -0.0, 0.014895, 0.996862, -0.07774, 0.329779, 0.005551, 0.077665, 0.996964, -0.0, 0.0, 0.0, 0.0, 1.0],
                [0.999648, -0.025644, -0.00663, -0.0, 0.024571, 0.991288, -0.129404, 0.329779, 0.009891, 0.129196, 0.991569, -0.0, 0.0, 0.0, 0.0, 1.0],
                [0.999549, -0.02912, -0.007261, 0.0, 0.027742, 0.988814, -0.146551, 0.329779, 0.011447, 0.146283, 0.989176, 0.0, 0.0, 0.0, 0.0, 1.0],
                [0.999313, -0.036095, -0.008341, 0.0, 0.033996, 0.982953, -0.180685, 0.329779, 0.01472, 0.180277, 0.983505, 0.0, 0.0, 0.0, 0.0, 1.0]
            ]
        },
        {
            "name": "Tool_R",
            "time": [0.0, 0.05, 0.1, 0.15, 0.2, 0.4, 0.5, 0.7, 0.8, 1.0, 1.1, 1.3],
            "transform": [
                [1.0, -0.0, 0.0, -0.02, -0.0, -1.0, 0.0, 0.291425, 0.0, -0.0, -1.0, 0.0, 0.0, 0.0, 0.0, 1.0],
                [1.0, -0.0, 0.0, -0.02, -0.0, -0.986479, -0.163887, 0.291425, 0.0, 0.163887, -0.986479, -0.0, 0.0, 0.0, 0.0, 1.0],
                [1.0, -0.0, 0.0, -0.02, -0.0, -0.939693, -0.34202, 0.291425, 0.0, 0.34202, -0.939693, -0.0, 0.0, 0.0, 0.0, 1.0],
                [0.926404, 0.329128, -0.182893, -0.02, 0.221669, -0.869364, -0.441667, 0.291425, -0.304365, 0.368621, -0.878339, -0.0, 0.0, 0.0, 0.0, 1.0],
                [1.0, -0.0, 0.0, -0.02, -0.0, -0.866025, -0.5, 0.291425, 0.0, 0.5, -0.866025, -0.0, 0.0, 0.0, 0.0, 1.0],
                [1.0, -0.0, 0.0, -0.02, -0.0, -1.0, 0.0, 0.291425, 0.0, -0.0, -1.0, 0.0, 0.0, 0.0, 0.0, 1.0],
                [1.0, -0.0, 0.0, -0.02, -0.0, -1.0, 0.0, 0.291425, 0.0, 0.0, -1.0, 0.0, 0.0, 0.0, 0.0, 1.0],
                [1.0, -0.0, 0.0, -0.02, 0.0, -1.0, 0.0, 0.291425, 0.0, -0.0, -1.0, 0.0, 0.0, 0.0, 0.0, 1.0],
                [1.0, -0.0, 0.0, -0.02, -0.0, -0.955721, -0.294275, 0.291425, 0.0, 0.294275, -0.955721, 0.0, 0.0, 0.0, 0.0, 1.0],
                [1.0, -0.0, 0.0, -0.02, 0.0, -0.877623, -0.479352, 0.291425, 0.0, 0.479352, -0.877622, 0.0, 0.0, 0.0, 0.0, 1.0],
                [1.0, -0.0, -0.0, -0.02, -0.0, -0.843777, -0.536694, 0.291425, -0.0, 0.536695, -0.843777, 0.0, 0.0, 0.0, 0.0, 1.0],
                [1.0, -0.0, 0.0, -0.02, 0.0, -0.766044, -0.642788, 0.291425, 0.0, 0.642788, -0.766044, -0.0, 0.0, 0.0, 0.0, 1.0]
            ]
        },
        {
            "name": "Elbow_R",
            "time": [0.0, 0.05, 0.1, 0.15, 0.2, 0.4, 0.5, 0.7, 0.8, 1.0, 1.1, 1.3],
            "transform": [
                [-1.0, 0.0, -1e-06, 0.0, 0.0, 0.258239, -0.966081, 0.329779, -0.0, -0.966081, -0.258239, -0.0, 0.0, 0.0, 0.0, 1.0],
                [-1.0, 0.0, -0.0, -0.0, 0.0, 6.9e-05, -1.0, 0.329779, 0.0, -1.0, -7e-05, -0.0, 0.0, 0.0, 0.0, 1.0],
                [-0.999999, -0.0, -0.0, 0.0, 1e-06, 0.001196, -0.999998, 0.329779, -0.0, -0.999998, -0.001196, 0.0, 0.0, 0.0, 0.0, 1.0],
                [-1.0, -0.0, -1e-06, 0.0, 0.0, 0.07526, -0.997164, 0.329779, -0.0, -0.997164, -0.07526, -0.0, 0.0, 0.0, 0.0, 1.0],
                [-1.0, 0.0, -0.0, 0.0, 1e-06, 0.0, -1.0, 0.329779, -0.0, -1.0, -0.0, 0.0, 0.0, 0.0, 0.0, 1.0],
                [-1.0, 0.0, -1e-06, -0.0, 1e-06, -0.0, -1.0, 0.329779, -0.0, -0.999999, -0.0, 0.0, 0.0, 0.0, 0.0, 1.0],
                [-1.0, 0.0, -1e-06, 0.0, 0.0, 0.0, -1.0, 0.329779, -0.0, -1.0, -1e-06, 0.0, 0.0, 0.0, 0.0, 1.0],
                [-1.0, 0.0, -1e-06, 0.0, 0.0, 0.0, -1.0, 0.329779, -0.0, -1.0, -0.0, 0.0, 0.0, 0.0, 0.0, 1.0],
                [-1.0, 0.0, -1e-06, -0.0, 0.0, 0.038863, -0.999244, 0.329779, 0.0, -0.999245, -0.038862, -0.0, 0.0, 0.0, 0.0, 1.0],
                [-0.999999, -0.0, -0.0, -0.0, 0.0, 0.064737, -0.997903, 0.329779, 0.0, -0.997902, -0.064737, -0.0, 0.0, 0.0, 0.0, 1.0],
                [-1.0, 0.0, -0.0, 0.0, 1e-06, 0.073344, -0.997307, 0.329779, -0.0, -0.997306, -0.073344, 0.0, 0.0, 0.0, 0.0, 1.0],
                [-1.0, 0.0, -0.0, 0.0, 0.0, 0.09052, -0.995895, 0.329779, -0.0, -0.995894, -0.09052, 0.0, 0.0, 0.0, 0.0, 1.0]
            ]
        },
        {
            "name": "Shoulder_L",
            "time": [0.0, 0.05, 0.1, 0.15, 0.2, 0.4, 0.5, 0.7, 0.8, 1.0, 1.1, 1.3],
            "transform": [
                [0.324883, -0.866543, -0.378886, 0.0, 0.110248, -0.363186, 0.925171, 0.35, -0.939307, -0.342344, -0.022458, 0.0, 0.0, 0.0, 0.0, 1.0],
                [0.039297, -0.968391, -0.246322, -0.0, 0.010255, -0.246108, 0.969188, 0.35, -0.999175, -0.040612, 0.000259, 0.0, 0.0, 0.0, 0.0, 1.0],
                [-0.015019, -0.917316, -0.397877, -0.0, 0.015337, -0.398087, 0.917219, 0.35, -0.99977, 0.007674, 0.020048, 0.0, 0.0, 0.0, 0.0, 1.0],
                [-0.138028, -0.936646, -0.321934, -0.0, -0.041925, -0.319229, 0.94675, 0.35, -0.989541, 0.144175, 0.004793, 0.0, 0.0, 0.0, 0.0, 1.0],
                [-1e-06, -0.999979, 0.006514, 0.0, -0.0, 0.006514, 0.999979, 0.35, -1.0, 1e-06, -0.0, 0.0, 0.0, 0.0, 0.0, 1.0],
                [0.053537, -0.96448, -0.258674, 0.0, 0.014336, -0.258276, 0.965965, 0.35, -0.998463, -0.055423, -0.0, 0.0, 0.0, 0.0, 0.0, 1.0],
                [0.053537, -0.96448, -0.258674, 0.0, 0.014336, -0.258276, 0.965965, 0.35, -0.998463, -0.055423, -0.0, -0.0, 0.0, 0.0, 0.0, 1.0],
                [0.053537, -0.96448, -0.258674, -0.0, 0.014336, -0.258276, 0.965965, 0.35, -0.998463, -0.055423, -0.0, -0.0, 0.0, 0.0, 0.0, 1.0],
                [0.00124, -0.965987, -0.258588, -0.0, 0.009642, -0.258565, 0.965946, 0.35, -0.999953, -0.003691, 0.008993, -0.0, 0.0, 0.0, 0.0, 1.0],
                [-0.033648, -0.965487, -0.25827, 0.0, 0.006505, -0.258623, 0.965957, 0.35, -0.999413, 0.030822, 0.014983, -0.0, 0.0, 0.0, 0.0, 1.0],
                [-0.045268, -0.965052, -0.258118, 0.0, 0.00546, -0.258618, 0.965964, 0.35, -0.99896, 0.042317, 0.016976, 0.0, 0.0, 0.0, 0.0, 1.0],
                [-0.068479, -0.963784, -0.257743, -0.0, 0.00337, -0.258572, 0.965986, 0.35, -0.997647, 0.065281, 0.020955, 0.0, 0.0, 0.0, 0.0, 1.0]
            ]
        },
        {
            "name": "Arm_L",
            "time": [0.0, 0.05, 0.1, 0.15, 0.2, 0.25, 0.4, 0.5, 0.7, 0.8, 1.0, 1.1, 1.3],
            "transform": [
                [0.084528, 0.672356, -0.735385, 0.0, -0.477136, 0.675224, 0.562507, 0.388212, 0.874755, 0.303331, 0.37788, -0.0, 0.0, 0.0, 0.0, 1.0],
                [-0.039716, 0.216593, -0.975455, -0.0, -0.035148, 0.975317, 0.217994, 0.388212, 0.998593, 0.042943, -0.031122, -0.0, 0.0, 0.0, 0.0, 1.0],
                [-0.202051, 0.138526, -0.969529, -0.0, -0.034194, 0.988345, 0.148341, 0.388212, 0.978778, 0.063124, -0.19496, 0.0, 0.0, 0.0, 0.0, 1.0],
                [-0.512497, -0.458217, -0.726212, 0.0, -0.495159, 0.848651, -0.186032, 0.388212, 0.701544, 0.264249, -0.661822, -0.0, 0.0, 0.0, 0.0, 1.0],
                [-0.470306, 0.064597, -0.880136, 0.0, -0.096572, 0.987561, 0.124085, 0.388212, 0.877204, 0.143355, -0.458218, -0.0, 0.0, 0.0, 0.0, 1.0],
                [-0.218204, 0.957776, -0.187224, -0.0, -0.122923, 0.163344, 0.978881, 0.388212, 0.968131, 0.23661, 0.082091, -0.0, 0.0, 0.0, 0.0, 1.0],
                [-0.263972, 0.959192, 0.101341, 0.0, -0.038931, -0.115577, 0.992535, 0.388212, 0.963744, 0.258057, 0.067851, 0.0, 0.0, 0.0, 0.0, 1.0],
                [0.250989, 0.962671, 0.101341, -0.0, -0.091504, -0.080627, 0.992535, 0.388212, 0.963655, -0.258389, 0.067851, -0.0, 0.0, 0.0, 0.0, 1.0],
                [0.250989, 0.962671, 0.101341, 0.0, -0.091504, -0.080627, 0.992535, 0.388212, 0.963655, -0.258389, 0.067851, -0.0, 0.0, 0.0, 0.0, 1.0],
                [0.32008, 0.825731, 0.464455, 0.0, -0.172816, -0.431132, 0.885584, 0.388212, 0.931495, -0.363723, 0.004703, -0.0, 0.0, 0.0, 0.0, 1.0],
                [0.459018, 0.366888, 0.809133, -0.0, -0.849839, -0.084175, 0.520277, 0.388212, 0.258992, -0.926449, 0.273158, -0.0, 0.0, 0.0, 0.0, 1.0],
                [0.377251, 0.212904, 0.901307, 0.0, -0.925098, 0.132146, 0.355994, 0.388212, -0.043311, -0.968096, 0.246809, -0.0, 0.0, 0.0, 0.0, 1.0],
                [0.128836, 0.017927, 0.991504, 0.0, -0.848937, 0.518767, 0.100931, 0.388212, -0.51255, -0.854728, 0.082055, -0.0, 0.0, 0.0, 0.0, 1.0]
            ]
        },
        {
            "name": "Hand_L",
            "time": [0.0, 0.05, 0.1, 0.15, 0.2, 0.4, 0.5, 0.7, 0.8, 1.0, 1.1, 1.3],
            "transform": [
                [1.0, 0.0, 0.0, 0.0, -0.0, 0.978612, -0.205715, 0.329779, -0.0, 0.205715, 0.978612, -0.0, 0.0, 0.0, 0.0, 1.0],
                [1.0, 0.0, 0.0, 0.0, -0.0, 0.899663, -0.436585, 0.329779, -0.0, 0.436584, 0.899662, -0.0, 0.0, 0.0, 0.0, 1.0],
                [1.0, 0.0, 1e-06, 0.0, -0.0, 1.0, 1e-06, 0.329779, -0.0, -1e-06, 1.0, 0.0, 0.0, 0.0, 0.0, 1.0],
                [1.0, 0.0, 0.0, -0.0, -0.0, 0.97666, -0.214793, 0.329779, -0.0, 0.214793, 0.976659, 0.0, 0.0, 0.0, 0.0, 1.0],
                [1.0, 0.0, 1e-06, -0.0, -0.0, 1.0, 1e-06, 0.329779, -1e-06, -1e-06, 1.0, -0.0, 0.0, 0.0, 0.0, 1.0],
                [1.0, 0.0, 0.0, 0.0, -0.0, 1.0, 1e-06, 0.329779, -1e-06, -1e-06, 1.0, 0.0, 0.0, 0.0, 0.0, 1.0],
                [1.0, 0.0, 0.0, -0.0, -0.0, 1.0, 1e-06, 0.329779, -0.0, -1e-06, 1.0, 0.0, 0.0, 0.0, 0.0, 1.0],
                [1.0, 0.0, 1e-06, -0.0, -0.0, 1.0, 1e-06, 0.329779, -1e-06, -1e-06, 1.0, 0.0, 0.0, 0.0, 0.0, 1.0],
                [0.999799, 0.01658, 0.011284, 0.0, -0.015847, 0.997937, -0.062213, 0.329779, -0.012292, 0.062022, 0.997999, -0.0, 0.0, 0.0, 0.0, 1.0],
                [0.999441, 0.028011, 0.018225, -0.0, -0.025976, 0.994271, -0.103684, 0.329779, -0.021025, 0.103153, 0.994443, 0.0, 0.0, 0.0, 0.0, 1.0],
                [0.999283, 0.031882, 0.020431, 0.0, -0.029268, 0.992644, -0.117483, 0.329779, -0.024026, 0.1168, 0.992865, -0.0, 0.0, 0.0, 0.0, 1.0],
                [0.998906, 0.039707, 0.024679, 0.0, -0.035722, 0.988784, -0.145015, 0.329779, -0.03016, 0.143974, 0.989122, -0.0, 0.0, 0.0, 0.0, 1.0]
            ]
        },
        {
            "name": "Tool_L",
            "time": [0.0, 0.05, 0.1, 0.15, 0.2, 0.4, 0.5, 0.7, 0.8, 1.0, 1.1, 1.3],
            "transform": [
                [1.0, -0.0, 0.0, 0.02, 0.0, -0.819152, -0.573576, 0.291426, 0.0, 0.573576, -0.819152, -0.0, 0.0, 0.0, 0.0, 1.0],
                [1.0, -0.0, -0.0, 0.02, -0.0, -0.422618, -0.906308, 0.291426, 0.0, 0.906308, -0.422618, -0.0, 0.0, 0.0, 0.0, 1.0],
                [1.0, -0.0, 0.0, 0.02, -0.0, -0.5, -0.866025, 0.291426, 0.0, 0.866026, -0.5, -0.0, 0.0, 0.0, 0.0, 1.0],
                [1.0, -0.0, 0.0, 0.02, -0.0, -0.819152, -0.573576, 0.291426, 0.0, 0.573576, -0.819152, 0.0, 0.0, 0.0, 0.0, 1.0],
                [1.0, -0.0, 0.0, 0.02, -0.0, -1.0, 0.0, 0.291426, 0.0, -0.0, -1.0, -0.0, 0.0, 0.0, 0.0, 1.0],
                [0.994219, 0.104027, -0.026596, 0.02, 0.087846, -0.930491, -0.355627, 0.291426, -0.061742, 0.351235, -0.93425, 0.0, 0.0, 0.0, 0.0, 1.0],
                [0.994219, 0.104027, -0.026596, 0.02, 0.087846, -0.930491, -0.355627, 0.291426, -0.061742, 0.351235, -0.93425, -0.0, 0.0, 0.0, 0.0, 1.0],
                [0.994219, 0.104027, -0.026596, 0.02, 0.087846, -0.930491, -0.355627, 0.291426, -0.061742, 0.351235, -0.93425, -0.0, 0.0, 0.0, 0.0, 1.0],
                [0.998107, 0.058926, -0.017621, 0.02, 0.051702, -0.959035, -0.278531, 0.291426, -0.033312, 0.277093, -0.960266, 0.0, 0.0, 0.0, 0.0, 1.0],
                [0.999527, 0.029219, -0.009599, 0.02, 0.026292, -0.973711, -0.226263, 0.291426, -0.015958, 0.225904, -0.974019, -0.0, 0.0, 0.0, 0.0, 1.0],
                [0.99979, 0.019417, -0.006571, 0.02, 0.017618, -0.977811, -0.208748, 0.291426, -0.010479, 0.208589, -0.977947, -0.0, 0.0, 0.0, 0.0, 1.0],
                [1.0, -0.0, 0.0, 0.02, -0.0, -0.984808, -0.173648, 0.291426, 0.0, 0.173648, -0.984808, -0.0, 0.0, 0.0, 0.0, 1.0]
            ]
        },
        {
            "name": "Elbow_L",
            "time": [0.0, 0.05, 0.1, 0.15, 0.2, 0.4, 0.5, 0.7, 0.8, 1.0, 1.1, 1.3],
            "transform": [
                [-1.0, -0.0, -0.0, 0.0, 0.0, 0.177877, -0.984053, 0.329779, 0.0, -0.984053, -0.177877, -0.0, 0.0, 0.0, 0.0, 1.0],
                [-1.0, -0.0, -1e-06, 0.0, 0.0, 0.2966, -0.955001, 0.329779, 0.0, -0.955001, -0.2966, -0.0, 0.0, 0.0, 0.0, 1.0],
                [-1.0, -0.0, -0.0, 0.0, 0.0, -0.0, -1.0, 0.329779, 0.0, -1.0, 0.0, 0.0, 0.0, 0.0, 0.0, 1.0],
                [-1.0, -0.0, -0.0, -0.0, 0.0, 0.156862, -0.987621, 0.329779, 0.0, -0.98762, -0.156862, 0.0, 0.0, 0.0, 0.0, 1.0],
                [-1.0, -0.0, -0.0, -0.0, 0.0, -0.0, -1.0, 0.329779, 0.0, -0.999999, 0.0, -0.0, 0.0, 0.0, 0.0, 1.0],
                [-1.0, -0.0, -0.0, 0.0, 0.0, -1e-06, -1.0, 0.329779, 0.0, -1.0, 1e-06, 0.0, 0.0, 0.0, 0.0, 1.0],
                [-1.0, -0.0, -0.0, 0.0, 0.0, -0.0, -1.0, 0.329779, 0.0, -0.999999, 1e-06, 0.0, 0.0, 0.0, 0.0, 1.0],
                [-1.0, -0.0, -0.0, -0.0, 0.0, -0.0, -1.0, 0.329779, 0.0, -1.0, 1e-06, -0.0, 0.0, 0.0, 0.0, 1.0],
                [-1.0, -0.0, -0.0, 0.0, 0.0, 0.031028, -0.999519, 0.329779, 0.0, -0.999518, -0.031028, -0.0, 0.0, 0.0, 0.0, 1.0],
                [-1.0, -0.0, -0.0, -0.0, 0.0, 0.051657, -0.998665, 0.329779, 0.0, -0.998665, -0.051657, 0.0, 0.0, 0.0, 0.0, 1.0],
                [-1.0, -0.0, -0.0, 0.0, 0.0, 0.058517, -0.998286, 0.329779, 0.0, -0.998286, -0.058517, -0.0, 0.0, 0.0, 0.0, 1.0],
                [-1.0, -0.0, -0.0, 0.0, 0.0, 0.072208, -0.99739, 0.329779, 0.0, -0.997389, -0.072208, -0.0, 0.0, 0.0, 0.0, 1.0]
            ]
        }
    ]
}