{
    "animation": [
        {
            "name": "Root",
            "time": [0.0, 0.0667, 0.1167, 0.1667, 0.2, 0.25, 0.3, 0.4, 0.6, 0.7, 0.9],
            "transform": [
                [1.0, -0.0, 0.0, -5e-06, -0.0, -0.616357, -0.787467, 0.000946, 0.0, 0.787467, -0.616357, 0.614827, 0.0, 0.0, 0.0, 1.0],
                [1.0, -0.0, -0.0, -5e-06, 0.0, 0.786509, -0.617579, 1.499324, 0.0, 0.617579, 0.786509, 0.780908, 0.0, 0.0, 0.0, 1.0],
                [-0.777309, -0.174525, -0.604426, -5e-06, -0.1206, 0.98427, -0.129107, 2.799848, 0.617451, -0.027462, -0.78613, 0.780908, 0.0, 0.0, 0.0, 1.0],
                [0.875345, 0.105478, -0.471853, -5e-06, -0.195563, 0.969761, -0.146013, 3.985063, 0.442183, 0.220089, 0.869503, 0.780908, 0.0, 0.0, 0.0, 1.0],
                [1.0, -0.0, -0.0, -5e-06, 0.0, 0.984808, -0.173648, 4.165733, 0.0, 0.173648, 0.984808, 0.875467, 0.0, 0.0, 0.0, 1.0],
                [1.0, -0.0, -0.0, -5e-06, -0.0, 0.043619, -0.999048, 4.415733, 0.0, 0.999048, 0.043619, 0.875467, 0.0, 0.0, 0.0, 1.0],
                [1.0, -0.0, -0.0, -5e-06, -0.0, -0.258819, -0.965926, 5.465734, 0.0, 0.965926, -0.258819, 0.875467, 0.0, 0.0, 0.0, 1.0],
                [1.0, -0.0, -0.0, -5e-06, -0.0, -0.173812, -0.984779, 5.515733, 0.0, 0.984779, -0.173812, 0.775467, 0.0, 0.0, 0.0, 1.0],
                [1.0, -0.0, -0.0, -5e-06, -0.0, 0.087156, -0.996195, 5.665733, 0.0, 0.996195, 0.087156, 0.475467, 0.0, 0.0, 0.0, 1.0],
                [1.0, -0.0, -0.0, -5e-06, -0.0, 0.258819, -0.965926, 5.665733, 0.0, 0.965926, 0.258819, 0.375467, 0.0, 0.0, 0.0, 1.0],
                [1.0, -0.0, -0.0, -5e-06, -0.0, 0.258819, -0.965926, 5.665733, 0.0, 0.965926, 0.258819, 0.575467, 0.0, 0.0, 0.0, 1.0]
            ]
        },
        {
            "name": "Thigh_R",
            "time": [0.0, 0.0667, 0.1167, 0.1667, 0.2, 0.3, 0.4, 0.6, 0.7, 0.9],
            "transform": [
                [0.990411, 0.12552, -0.057712, 0.124994, 0.122372, -0.603198, 0.788148, -0.002831, 0.064117, -0.787653, -0.612774, -1.2e-05, 0.0, 0.0, 0.0, 1.0],
                [0.956186, 0.09241, 0.277793, 0.124994, 0.231903, -0.818234, -0.526036, -0.002831, 0.178689, 0.567409, -0.803814, -1.2e-05, 0.0, 0.0, 0.0, 1.0],
                [0.950637, 0.241927, 0.194319, 0.124994, 0.263321, -0.960244, -0.092704, -0.00283, 0.164166, 0.139296, -0.976548, -1.2e-05, 0.0, 0.0, 0.0, 1.0],
                [0.958349, 0.239042, 0.156287, 0.124994, 0.223181, -0.96827, 0.112438, -0.002831, 0.178205, -0.072875, -0.981291, -1.2e-05, 0.0, 0.0, 0.0, 1.0],
                [0.956869, 0.066657, 0.282771, 0.124994, 0.019886, -0.986068, 0.165152, -0.002831, 0.289839, -0.152405, -0.944863, -1.2e-05, 0.0, 0.0, 0.0, 1.0],
                [0.981434, 0.183688, -0.055182, 0.124994, 0.084549, -0.156099, 0.984116, -0.00283, 0.172156, -0.970511, -0.168731, -1.2e-05, 0.0, 0.0, 0.0, 1.0],
                [0.982652, 0.170694, -0.07251, 0.124994, 0.086837, -0.078013, 0.993163, -0.002831, 0.16387, -0.982231, -0.091483, -1.2e-05, 0.0, 0.0, 0.0, 1.0],
                [0.987877, 0.154546, 0.014642, 0.124994, 0.013119, -0.17709, 0.984107, -0.00283, 0.154683, -0.971985, -0.176971, -1.2e-05, 0.0, 0.0, 0.0, 1.0],
                [0.991151, 0.072062, -0.111471, 0.124994, 0.089524, 0.257119, 0.962224, -0.00283, 0.098002, -0.963689, 0.248392, -1.2e-05, 0.0, 0.0, 0.0, 1.0],
                [0.990671, 0.129978, 0.040956, 0.124994, 0.000114, -0.301324, 0.953522, -0.00283, 0.136278, -0.944621, -0.298528, -1.2e-05, 0.0, 0.0, 0.0, 1.0]
            ]
        },
        {
            "name": "Leg_R",
            "time": [0.0, 0.0667, 0.1167, 0.1667, 0.2, 0.3, 0.4, 0.6, 0.7, 0.9],
            "transform": [
                [1.0, 1e-06, 5e-06, 0.0, -4e-06, 0.643237, 0.765668, 0.37472, -2e-06, -0.765668, 0.643237, 0.0, 0.0, 0.0, 0.0, 1.0],
                [1.0, 4e-06, 3e-06, 0.0, -4e-06, 0.999986, 0.005359, 0.37472, -3e-06, -0.005359, 0.999986, -0.0, 0.0, 0.0, 0.0, 1.0],
                [1.0, 4e-06, 3e-06, 0.0, -4e-06, 0.999989, 0.004747, 0.37472, -2e-06, -0.004747, 0.999989, -0.0, 0.0, 0.0, 0.0, 1.0],
                [1.0, 4e-06, 3e-06, 0.0, -4e-06, 0.999989, 0.004587, 0.37472, -2e-06, -0.004587, 0.999989, 0.0, 0.0, 0.0, 0.0, 1.0],
                [1.0, 4e-06, 3e-06, 0.0, -4e-06, 0.999992, 0.004006, 0.37472, -2e-06, -0.004006, 0.999992, 0.0, 0.0, 0.0, 0.0, 1.0],
                [1.0, -2e-06, 4e-06, 0.0, -4e-06, 0.008005, 0.999968, 0.374721, -2e-06, -0.999968, 0.008005, -0.0, 0.0, 0.0, 0.0, 1.0],
                [1.0, -3e-06, 4e-06, -0.0, -4e-06, -0.064252, 0.997933, 0.37472, -2e-06, -0.997933, -0.064252, -0.0, 0.0, 0.0, 0.0, 1.0],
                [1.0, -1e-06, 5e-06, -0.0, -4e-06, 0.260649, 0.965434, 0.37472, -2e-06, -0.965434, 0.26065, -0.0, 0.0, 0.0, 0.0, 1.0],
                [1.0, -3e-06, 4e-06, -0.0, -4e-06, -0.038728, 0.99925, 0.37472, -2e-06, -0.99925, -0.038728, -0.0, 0.0, 0.0, 0.0, 1.0],
                [1.0, 1e-06, 5e-06, -0.0, -4e-06, 0.634039, 0.773301, 0.37472, -2e-06, -0.773301, 0.634039, 0.0, 0.0, 0.0, 0.0, 1.0]
            ]
        },
        {
            "name": "Knee_R",
            "time": [0.0, 0.0667, 0.1167, 0.1667, 0.2, 0.3, 0.4, 0.6, 0.7, 0.9],
            "transform": [
                [1.0, 4e-06, -2e-06, 0.0, -4e-06, 0.564669, -0.825318, 0.37472, -2e-06, 0.825318, 0.564669, 0.0, 0.0, 0.0, 0.0, 1.0],
                [1.0, 2e-06, -4e-06, 0.0, -4e-06, 0.118583, -0.992944, 0.37472, -2e-06, 0.992944, 0.118583, -0.0, 0.0, 0.0, 0.0, 1.0],
                [1.0, 3e-06, -4e-06, 0.0, -4e-06, 0.200749, -0.979643, 0.37472, -2e-06, 0.979642, 0.200749, 0.0, 0.0, 0.0, 0.0, 1.0],
                [1.0, 3e-06, -4e-06, -0.0, -4e-06, 0.254933, -0.966959, 0.37472, -2e-06, 0.966959, 0.254933, -0.0, 0.0, 0.0, 0.0, 1.0],
                [1.0, 2e-06, -4e-06, -0.0, -4e-06, 0.117911, -0.993024, 0.37472, -2e-06, 0.993024, 0.117911, 0.0, 0.0, 0.0, 0.0, 1.0],
                [1.0, 4e-06, -1e-06, 0.0, -4e-06, 0.78182, -0.623505, 0.374721, -2e-06, 0.623505, 0.78182, -0.0, 0.0, 0.0, 0.0, 1.0],
                [1.0, 4e-06, -1e-06, -0.0, -4e-06, 0.803844, -0.59484, 0.37472, -2e-06, 0.59484, 0.803844, -0.0, 0.0, 0.0, 0.0, 1.0],
                [1.0, 4e-06, -2e-06, 0.0, -4e-06, 0.695944, -0.718096, 0.37472, -2e-06, 0.718096, 0.695944, 0.0, 0.0, 0.0, 0.0, 1.0],
                [1.0, 4e-06, -1e-06, -0.0, -4e-06, 0.796177, -0.605064, 0.37472, -2e-06, 0.605064, 0.796177, -0.0, 0.0, 0.0, 0.0, 1.0],
                [1.0, 4e-06, -3e-06, -0.0, -4e-06, 0.529659, -0.848211, 0.37472, -2e-06, 0.848211, 0.529659, -0.0, 0.0, 0.0, 0.0, 1.0]
            ]
        },
        {
            "name": "Thigh_L",
            "time": [0.0, 0.0667, 0.1167, 0.1667, 0.2, 0.3, 0.4, 0.6, 0.7, 0.9],
            "transform": [
                [0.944366, -0.267951, -0.190723, -0.125006, -0.328879, -0.775463, -0.538977, -0.002831, -0.003479, 0.571716, -0.820444, -1.2e-05, 0.0, 0.0, 0.0, 1.0],
                [0.978446, -0.127507, -0.162435, -0.125006, -0.166159, -0.953182, -0.252656, -0.002831, -0.122614, 0.274201, -0.953824, -1.2e-05, 0.0, 0.0, 0.0, 1.0],
                [0.926886, 0.103856, -0.360687, -0.125006, 0.020729, -0.973654, -0.227084, -0.00283, -0.374769, 0.203005, -0.90462, -1.2e-05, 0.0, 0.0, 0.0, 1.0],
                [0.907706, 0.039544, -0.417738, -0.125006, 0.005187, -0.996531, -0.083061, -0.002831, -0.419574, 0.073228, -0.904763, -1.2e-05, 0.0, 0.0, 0.0, 1.0],
                [0.908969, -0.060135, -0.412503, -0.125006, -0.093003, -0.993853, -0.060053, -0.002831, -0.406357, 0.092951, -0.908975, -1.2e-05, 0.0, 0.0, 0.0, 1.0],
                [0.994165, -0.084643, 0.066876, -0.125006, -0.10618, -0.877258, 0.46813, -0.00283, 0.019044, -0.472499, -0.881126, -1.2e-05, 0.0, 0.0, 0.0, 1.0],
                [0.99355, -0.107312, 0.036653, -0.125006, -0.092647, -0.581775, 0.808057, -0.002831, -0.06539, -0.80624, -0.587964, -1.2e-05, 0.0, 0.0, 0.0, 1.0],
                [0.496227, -0.733949, -0.463765, -0.125006, -0.342334, -0.656304, 0.672364, -0.00283, -0.797852, -0.174883, -0.576931, -1.2e-05, 0.0, 0.0, 0.0, 1.0],
                [0.976268, -0.165199, 0.14004, -0.125006, -0.216364, -0.715884, 0.66385, -0.00283, -0.009416, -0.678394, -0.734637, -1.2e-05, 0.0, 0.0, 0.0, 1.0],
                [0.987193, -0.155595, 0.035215, -0.125006, -0.150765, -0.83778, 0.524781, -0.00283, -0.052151, -0.523369, -0.850509, -1.2e-05, 0.0, 0.0, 0.0, 1.0]
            ]
        },
        {
            "name": "Leg_L",
            "time": [0.0, 0.0667, 0.1167, 0.1667, 0.2, 0.3, 0.4, 0.6, 0.7, 0.9],
            "transform": [
                [1.0, -0.0, 2e-06, 0.0, -1e-06, 0.409021, 0.912525, 0.37472, -1e-06, -0.912525, 0.409021, 0.0, 0.0, 0.0, 0.0, 1.0],
                [1.0, 1e-06, 1e-06, 0.0, -1e-06, 0.999988, 0.004776, 0.37472, -1e-06, -0.004776, 0.999989, 0.0, 0.0, 0.0, 0.0, 1.0],
                [1.0, 1e-06, 1e-06, 0.0, -1e-06, 0.999987, 0.005028, 0.37472, -1e-06, -0.005029, 0.999987, 0.0, 0.0, 0.0, 0.0, 1.0],
                [1.0, 1e-06, 1e-06, -0.0, -1e-06, 0.999987, 0.005048, 0.37472, -1e-06, -0.005049, 0.999987, -0.0, 0.0, 0.0, 0.0, 1.0],
                [1.0, 1e-06, 1e-06, 0.0, -1e-06, 0.999987, 0.005064, 0.374721, -1e-06, -0.005065, 0.999987, 0.0, 0.0, 0.0, 0.0, 1.0],
                [1.0, 1e-06, 1e-06, -0.0, -1e-06, 0.981027, 0.193873, 0.37472, -1e-06, -0.193873, 0.981027, -0.0, 0.0, 0.0, 0.0, 1.0],
                [1.0, -0.0, 1e-06, 0.0, -1e-06, 0.456571, 0.889687, 0.374721, -1e-06, -0.889687, 0.456571, 0.0, 0.0, 0.0, 0.0, 1.0],
                [1.0, -1e-06, 1e-06, 0.0, -1e-06, -0.040611, 0.999175, 0.37472, -1e-06, -0.999175, -0.040611, -0.0, 0.0, 0.0, 0.0, 1.0],
                [1.0, -1e-06, 1e-06, 0.0, -1e-06, -0.341836, 0.939759, 0.374721, -1e-06, -0.93976, -0.341836, 0.0, 0.0, 0.0, 0.0, 1.0],
                [1.0, -1e-06, 1e-06, -0.0, -1e-06, 0.330994, 0.943633, 0.37472, -1e-06, -0.943633, 0.330994, 0.0, 0.0, 0.0, 0.0, 1.0]
            ]
        },
        {
            "name": "Knee_L",
            "time": [0.0, 0.0667, 0.1167, 0.1667, 0.2, 0.3, 0.4, 0.6, 0.7, 0.9],
            "transform": [
                [1.0, 1e-06, -1e-06, 0.0, -1e-06, 0.724254, -0.689533, 0.37472, -0.0, 0.689533, 0.724254, -0.0, 0.0, 0.0, 0.0, 1.0],
                [1.0, 1e-06, -1e-06, -0.0, -1e-06, 0.5368, -0.84371, 0.37472, -0.0, 0.84371, 0.5368, 0.0, 0.0, 0.0, 0.0, 1.0],
                [1.0, 1e-06, -1e-06, -0.0, -1e-06, 0.536906, -0.843642, 0.37472, -0.0, 0.843642, 0.536906, -0.0, 0.0, 0.0, 0.0, 1.0],
                [1.0, 1e-06, -1e-06, -0.0, -1e-06, 0.536915, -0.843637, 0.37472, -0.0, 0.843637, 0.536915, -0.0, 0.0, 0.0, 0.0, 1.0],
                [1.0, 1e-06, -1e-06, 0.0, -1e-06, 0.479207, -0.877702, 0.374721, -0.0, 0.877702, 0.479207, 0.0, 0.0, 0.0, 0.0, 1.0],
                [1.0, 1e-06, -1e-06, -0.0, -1e-06, 0.560321, -0.828276, 0.37472, -0.0, 0.828276, 0.560321, -0.0, 0.0, 0.0, 0.0, 1.0],
                [1.0, 1e-06, -0.0, 0.0, -1e-06, 0.865199, -0.501427, 0.374721, -0.0, 0.501427, 0.865199, -0.0, 0.0, 0.0, 0.0, 1.0],
                [1.0, 1e-06, -0.0, 0.0, -1e-06, 0.964337, -0.264676, 0.37472, -0.0, 0.264676, 0.964337, -0.0, 0.0, 0.0, 0.0, 1.0],
                [1.0, 1e-06, 0.0, 0.0, -1e-06, 0.993538, -0.113499, 0.37472, -0.0, 0.113499, 0.993538, -0.0, 0.0, 0.0, 0.0, 1.0],
                [1.0, 1e-06, -0.0, -0.0, -1e-06, 0.897443, -0.44113, 0.37472, -0.0, 0.44113, 0.897443, 0.0, 0.0, 0.0, 0.0, 1.0]
            ]
        },
        {
            "name": "Torso",
            "time": [0.0, 0.0333, 0.0667, 0.1167, 0.1667, 0.2, 0.25, 0.3, 0.4, 0.6, 0.7, 0.9],
            "transform": [
                [1.0, 0.0, -0.0, 0.0, -0.0, 0.98537, 0.17043, 0.05, 0.0, -0.17043, 0.98537, -0.0, 0.0, 0.0, 0.0, 1.0],
                [1.0, 0.0, -0.0, 0.0, 0.0, 0.479105, 0.877757, 0.05, 0.0, -0.877757, 0.479105, -0.0, 0.0, 0.0, 0.0, 1.0],
                [1.0, 0.0, -0.0, 0.0, -0.0, 0.974632, 0.223813, 0.05, 0.0, -0.223813, 0.974632, 0.0, 0.0, 0.0, 0.0, 1.0],
                [1.0, 0.0, -1e-06, 0.0, -0.0, 1.0, -0.0, 0.05, 1e-06, 0.0, 1.0, -0.0, 0.0, 0.0, 0.0, 1.0],
                [1.0, 0.0, -0.0, 0.0, -0.0, 1.0, -0.0, 0.05, 0.0, 0.0, 1.0, 0.0, 0.0, 0.0, 0.0, 1.0],
                [1.0, 0.0, -0.0, 0.0, -0.0, 0.995356, -0.096267, 0.05, 0.0, 0.096267, 0.995356, 0.0, 0.0, 0.0, 0.0, 1.0],
                [1.0, 0.0, -0.0, -0.0, 0.0, 0.581048, 0.81387, 0.05, 0.0, -0.81387, 0.581048, -0.0, 0.0, 0.0, 0.0, 1.0],
                [1.0, 0.0, -0.0, 0.0, -0.0, 0.995356, -0.096267, 0.05, 0.0, 0.096267, 0.995356, -0.0, 0.0, 0.0, 0.0, 1.0],
                [1.0, 0.0, -0.0, 0.0, -0.0, 0.995356, -0.096267, 0.05, 0.0, 0.096267, 0.995356, 0.0, 0.0, 0.0, 0.0, 1.0],
                [1.0, 0.0, -0.0, -0.0, -0.0, 0.995356, -0.096267, 0.05, 0.0, 0.096267, 0.995356, 0.0, 0.0, 0.0, 0.0, 1.0],
                [1.0, 0.0, -0.0, 0.0, -0.0, 0.995355, -0.096267, 0.05, 0.0, 0.096267, 0.995356, 0.0, 0.0, 0.0, 0.0, 1.0],
                [1.0, 0.0, -0.0, 0.0, -0.0, 0.995355, -0.096267, 0.05, 0.0, 0.096267, 0.995356, 0.0, 0.0, 0.0, 0.0, 1.0]
            ]
        },
        {
            "name": "Chest",
            "time": [0.0, 0.0667, 0.1167, 0.1667, 0.2, 0.3, 0.4, 0.6, 0.7, 0.9],
            "transform": [
                [1.0, -1e-06, 0.0, -0.0, 1e-06, 0.986228, 0.165392, 0.35, -1e-06, -0.165392, 0.986228, 0.0, 0.0, 0.0, 0.0, 1.0],
                [1.0, -1e-06, 1e-06, 0.0, 1e-06, 0.999005, 0.044603, 0.35, -1e-06, -0.044603, 0.999005, 0.0, 0.0, 0.0, 0.0, 1.0],
                [1.0, -1e-06, 1e-06, -0.0, 1e-06, 0.999005, 0.044603, 0.349999, -1e-06, -0.044603, 0.999005, -0.0, 0.0, 0.0, 0.0, 1.0],
                [1.0, -1e-06, 1e-06, -0.0, 1e-06, 1.0, 1e-06, 0.35, -1e-06, -1e-06, 1.0, -0.0, 0.0, 0.0, 0.0, 1.0],
                [1.0, -1e-06, 1e-06, -0.0, 1e-06, 0.999005, 0.044603, 0.35, -1e-06, -0.044603, 0.999005, 0.0, 0.0, 0.0, 0.0, 1.0],
                [1.0, -1e-06, 1e-06, 0.0, 1e-06, 0.999005, 0.044603, 0.35, -1e-06, -0.044603, 0.999005, 0.0, 0.0, 0.0, 0.0, 1.0],
                [1.0, -1e-06, 1e-06, -0.0, 1e-06, 0.999005, 0.044603, 0.35, -1e-06, -0.044603, 0.999005, 0.0, 0.0, 0.0, 0.0, 1.0],
                [1.0, -1e-06, 1e-06, -0.0, 1e-06, 0.999005, 0.044603, 0.35, -1e-06, -0.044603, 0.999005, -0.0, 0.0, 0.0, 0.0, 1.0],
                [1.0, -1e-06, 1e-06, -0.0, 1e-06, 0.999005, 0.044603, 0.35, -1e-06, -0.044603, 0.999005, 0.0, 0.0, 0.0, 0.0, 1.0],
                [1.0, -1e-06, 1e-06, -0.0, 1e-06, 0.999005, 0.044603, 0.35, -1e-06, -0.044603, 0.999005, 0.0, 0.0, 0.0, 0.0, 1.0]
            ]
        },
        {
            "name": "Head",
            "time": [0.0, 0.0667, 0.1167, 0.1667, 0.2, 0.3, 0.4, 0.6, 0.7, 0.9],
            "transform": [
                [1.0, 1e-06, 0.0, 0.0, -1e-06, 0.881651, 0.471902, 0.35, 0.0, -0.471902, 0.881651, 0.0, 0.0, 0.0, 0.0, 1.0],
                [1.0, 0.0, -1e-06, 0.0, -1e-06, 0.649218, -0.760602, 0.35, 0.0, 0.760602, 0.649218, 0.0, 0.0, 0.0, 0.0, 1.0],
                [-0.77731, 0.555364, 0.295569, 0.0, -0.147391, 0.295979, -0.943754, 0.350001, -0.611609, -0.777154, -0.148212, 0.0, 0.0, 0.0, 0.0, 1.0],
                [0.875345, 0.370566, 0.310566, 0.0, 0.105477, 0.480503, -0.870627, 0.35, -0.471853, 0.794857, 0.38152, -0.0, 0.0, 0.0, 0.0, 1.0],
                [1.0, 1e-06, -1e-06, -0.0, -1e-06, 0.554375, -0.832267, 0.35, 0.0, 0.832267, 0.554375, 0.0, 0.0, 0.0, 0.0, 1.0],
                [1.0, 1e-06, 0.0, 0.0, -1e-06, 0.780783, 0.624803, 0.350001, 1e-06, -0.624803, 0.780783, -0.0, 0.0, 0.0, 0.0, 1.0],
                [1.0, 1e-06, 0.0, 0.0, -1e-06, 0.832175, 0.554514, 0.35, 1e-06, -0.554514, 0.832175, -0.0, 0.0, 0.0, 0.0, 1.0],
                [1.0, 1e-06, -0.0, 0.0, -1e-06, 0.947391, 0.320079, 0.35, 1e-06, -0.320079, 0.947391, 0.0, 0.0, 0.0, 0.0, 1.0],
                [1.0, 1e-06, -0.0, 0.0, -1e-06, 0.988579, 0.150703, 0.35, 0.0, -0.150703, 0.988579, 0.0, 0.0, 0.0, 0.0, 1.0],
                [1.0, 1e-06, -0.0, 0.0, -1e-06, 0.988579, 0.150703, 0.35, 0.0, -0.150703, 0.988579, 0.0, 0.0, 0.0, 0.0, 1.0]
            ]
        },
        {
            "name": "Shoulder_R",
            "time": [0.0, 0.0667, 0.1167, 0.1667, 0.2, 0.3, 0.4, 0.6, 0.7, 0.9],
            "transform": [
                [-0.046157, 0.992074, 0.116873, 0.0, 0.008843, -0.116587, 0.993141, 0.35, 0.998895, 0.046873, -0.003392, 0.0, 0.0, 0.0, 0.0, 1.0],
                [0.260234, 0.948012, -0.183172, 0.0, -0.009055, 0.192096, 0.981334, 0.35, 0.965504, -0.253718, 0.058574, 0.0, 0.0, 0.0, 0.0, 1.0],
                [-0.514867, 0.818144, -0.256032, 0.0, -0.009383, 0.293263, 0.955986, 0.350001, 0.857219, 0.494608, -0.143314, 0.0, 0.0, 0.0, 0.0, 1.0],
                [0.262121, 0.947727, -0.181952, 0.0, -0.009271, 0.191009, 0.981544, 0.35, 0.964991, -0.255597, 0.058854, -0.0, 0.0, 0.0, 0.0, 1.0],
                [0.51146, 0.854983, -0.086103, -0.0, -0.007915, 0.104884, 0.994453, 0.35, 0.859271, -0.507942, 0.060412, 0.0, 0.0, 0.0, 0.0, 1.0],
                [-0.076219, 0.997046, -0.009566, 0.0, 0.017541, 0.010934, 0.999787, 0.350001, 0.996937, 0.076035, -0.018323, -0.0, 0.0, 0.0, 0.0, 1.0],
                [-0.135255, 0.99079, -0.00654, 0.0, -0.010107, 0.00522, 0.999936, 0.35, 0.99076, 0.135312, 0.009308, -0.0, 0.0, 0.0, 0.0, 1.0],
                [-0.309089, 0.951005, -0.007364, 0.0, -0.090321, -0.021645, 0.995678, 0.35, 0.946735, 0.308418, 0.092586, 0.0, 0.0, 0.0, 0.0, 1.0],
                [-0.27034, 0.933297, 0.236375, 0.0, -0.015714, -0.249761, 0.96818, 0.35, 0.962637, 0.258023, 0.082186, 0.0, 0.0, 0.0, 0.0, 1.0],
                [-0.234006, 0.891993, 0.386769, 0.0, 0.080277, -0.378728, 0.92202, 0.35, 0.968916, 0.246806, 0.017018, 0.0, 0.0, 0.0, 0.0, 1.0]
            ]
        },
        {
            "name": "Arm_R",
            "time": [0.0, 0.0667, 0.1167, 0.1667, 0.2, 0.3, 0.4, 0.6, 0.7, 0.9],
            "transform": [
                [0.62713, 0.681894, -0.376469, -0.0, -0.542763, 0.729227, 0.416697, 0.388213, 0.558675, -0.05699, 0.827427, 0.0, 0.0, 0.0, 0.0, 1.0],
                [0.91117, -0.345117, 0.225087, 0.0, 0.117658, -0.305604, -0.944861, 0.388213, 0.394875, 0.887412, -0.237851, 0.0, 0.0, 0.0, 0.0, 1.0],
                [0.574949, 0.239022, 0.782497, -0.0, 0.817814, -0.138913, -0.558465, 0.388213, -0.024786, 0.961025, -0.275344, 0.0, 0.0, 0.0, 0.0, 1.0],
                [0.616214, -0.362527, 0.699182, -0.0, 0.633669, -0.298977, -0.713496, 0.388213, 0.4677, 0.882715, 0.045489, 1e-06, 0.0, 0.0, 0.0, 1.0],
                [0.522353, -0.801204, -0.291923, -0.0, -0.537762, -0.043828, -0.841957, 0.388213, 0.661785, 0.596784, -0.453751, 0.0, 0.0, 0.0, 0.0, 1.0],
                [0.054702, 0.719847, -0.691974, 0.0, 0.068393, 0.688683, 0.72183, 0.388213, 0.996158, -0.086812, -0.01156, -0.0, 0.0, 0.0, 0.0, 1.0],
                [0.054702, 0.719847, -0.691974, 0.0, 0.068393, 0.688683, 0.72183, 0.388213, 0.996158, -0.086812, -0.01156, 0.0, 0.0, 0.0, 0.0, 1.0],
                [0.449998, 0.271778, -0.85067, -1e-06, 0.379575, 0.804029, 0.457669, 0.388213, 0.808347, -0.528843, 0.258652, -0.0, 0.0, 0.0, 0.0, 1.0],
                [0.388495, 0.193042, -0.901003, -0.0, 0.467579, 0.801267, 0.373285, 0.388213, 0.794003, -0.566309, 0.221026, -0.0, 0.0, 0.0, 0.0, 1.0],
                [-0.310518, 0.123078, -0.942566, -0.0, 0.437312, 0.898913, -0.02669, 0.388213, 0.844001, -0.420483, -0.332953, -0.0, 0.0, 0.0, 0.0, 1.0]
            ]
        },
        {
            "name": "Hand_R",
            "time": [0.0, 0.0667, 0.1167, 0.1667, 0.2, 0.3, 0.4, 0.6, 0.7, 0.9],
            "transform": [
                [1.0, 0.0, 0.0, -0.0, -0.0, 0.998218, -0.05967, 0.329779, -0.0, 0.05967, 0.998218, 0.0, 0.0, 0.0, 0.0, 1.0],
                [1.0, 0.0, 0.0, 0.0, -0.0, 0.971567, -0.236766, 0.329779, -0.0, 0.236766, 0.971566, -0.0, 0.0, 0.0, 0.0, 1.0],
                [1.0, 0.0, 0.0, 0.0, -0.0, 1.0, -0.0, 0.32978, -0.0, 0.0, 1.0, -0.0, 0.0, 0.0, 0.0, 1.0],
                [1.0, 0.0, 0.0, -0.0, -0.0, 0.971496, -0.23706, 0.329779, -0.0, 0.237059, 0.971495, -0.0, 0.0, 0.0, 0.0, 1.0],
                [1.0, 0.0, 0.0, -0.0, -0.0, 0.934031, -0.357193, 0.329779, -0.0, 0.357193, 0.93403, -0.0, 0.0, 0.0, 0.0, 1.0],
                [1.0, 0.0, 0.0, 0.0, -0.0, 1.0, -0.0, 0.329779, -0.0, 0.0, 1.0, 0.0, 0.0, 0.0, 0.0, 1.0],
                [1.0, 0.0, 0.0, 0.0, -0.0, 0.996209, -0.08699, 0.329779, -0.0, 0.08699, 0.996209, 0.0, 0.0, 0.0, 0.0, 1.0],
                [1.0, 0.0, 0.0, -0.0, -0.0, 0.939692, -0.34202, 0.32978, -0.0, 0.34202, 0.939692, -0.0, 0.0, 0.0, 0.0, 1.0],
                [1.0, 1e-06, 0.0, -0.0, -0.0, 0.939692, -0.34202, 0.329779, -0.0, 0.34202, 0.939692, 0.0, 0.0, 0.0, 0.0, 1.0],
                [0.999999, 1e-06, -0.0, -0.0, -1e-06, 0.939693, -0.342021, 0.32978, -0.0, 0.34202, 0.939692, -0.0, 0.0, 0.0, 0.0, 1.0]
            ]
        },
        {
            "name": "Tool_R",
            "time": [0.0, 0.0667, 0.1167, 0.1667, 0.2, 0.3, 0.4, 0.6, 0.7, 0.9],
            "transform": [
                [0.924161, 0.258822, -0.280958, -0.02, 0.306295, -0.941568, 0.140117, 0.291425, -0.228276, -0.215547, -0.949437, -0.0, 0.0, 0.0, 0.0, 1.0],
                [-0.034954, 0.32568, -0.944834, -0.02, 0.973525, -0.202597, -0.105849, 0.291425, -0.225894, -0.923519, -0.309976, 0.0, 0.0, 0.0, 0.0, 1.0],
                [0.210778, 0.325679, -0.921686, -0.02, 0.967749, -0.202597, 0.149724, 0.291425, -0.137969, -0.923519, -0.357879, 0.0, 0.0, 0.0, 0.0, 1.0],
                [1.0, -0.0, 0.0, -0.02, -0.0, -0.506807, -0.862059, 0.291425, 0.0, 0.862059, -0.506808, 0.0, 0.0, 0.0, 0.0, 1.0],
                [1.0, -0.0, 0.0, -0.02, 0.0, -1.0, 0.0, 0.291425, 0.0, -0.0, -1.0, 0.0, 0.0, 0.0, 0.0, 1.0],
                [1.0, -0.0, 0.0, -0.02, -0.0, -0.766044, -0.642788, 0.291425, 0.0, 0.642788, -0.766044, 0.0, 0.0, 0.0, 0.0, 1.0],
                [1.0, -0.0, 0.0, -0.02, 0.0, -0.819057, -0.573713, 0.291425, 0.0, 0.573713, -0.819057, -0.0, 0.0, 0.0, 0.0, 1.0],
                [1.0, -0.0, 0.0, -0.02, -0.0, -0.939693, -0.34202, 0.291425, 0.0, 0.34202, -0.939693, -0.0, 0.0, 0.0, 0.0, 1.0],
                [1.0, -0.0, 0.0, -0.02, -0.0, -0.866025, -0.5, 0.291425, 0.0, 0.5, -0.866025, -0.0, 0.0, 0.0, 0.0, 1.0],
                [1.0, -0.0, 0.0, -0.02, 0.0, -0.866026, -0.5, 0.291425, 0.0, 0.5, -0.866026, -0.0, 0.0, 0.0, 0.0, 1.0]
            ]
        },
        {
            "name": "Elbow_R",
            "time": [0.0, 0.0667, 0.1167, 0.1667, 0.2, 0.3, 0.4, 0.6, 0.7, 0.9],
            "transform": [
                [-0.999999, 0.0, -1e-06, -0.0, 1e-06, 0.029849, -0.999554, 0.329779, -0.0, -0.999554, -0.029849, 0.0, 0.0, 0.0, 0.0, 1.0],
                [-1.0, 0.0, -1e-06, 0.0, 0.0, 0.119234, -0.992866, 0.329779, -0.0, -0.992865, -0.119233, -0.0, 0.0, 0.0, 0.0, 1.0],
                [-1.0, -0.0, -0.0, 0.0, 0.0, 0.0, -1.0, 0.32978, -0.0, -1.0, -0.0, -0.0, 0.0, 0.0, 0.0, 1.0],
                [-1.0, 0.0, -1e-06, 0.0, 0.0, 0.119384, -0.992849, 0.329779, -0.0, -0.992848, -0.119384, 0.0, 0.0, 0.0, 0.0, 1.0],
                [-0.999999, 0.0, -0.0, -0.0, 0.0, 0.181617, -0.983369, 0.329779, -0.0, -0.983368, -0.181617, -0.0, 0.0, 0.0, 0.0, 1.0],
                [-1.0, 0.0, -1e-06, 0.0, 0.0, 0.0, -1.0, 0.32978, -0.0, -1.0, -0.0, -1e-06, 0.0, 0.0, 0.0, 1.0],
                [-1.0, 0.0, -0.0, 0.0, 0.0, 0.043537, -0.999052, 0.329779, -0.0, -0.999052, -0.043536, -0.0, 0.0, 0.0, 0.0, 1.0],
                [-1.0, 0.0, -1e-06, 0.0, 0.0, 0.173648, -0.984808, 0.329779, -0.0, -0.984807, -0.173648, -0.0, 0.0, 0.0, 0.0, 1.0],
                [-1.0, 0.0, -0.0, -0.0, 1e-06, 0.173648, -0.984807, 0.329779, 0.0, -0.984807, -0.173648, 0.0, 0.0, 0.0, 0.0, 1.0],
                [-0.999999, 0.0, -0.0, -0.0, 1e-06, 0.173648, -0.984808, 0.32978, -0.0, -0.984807, -0.173648, -0.0, 0.0, 0.0, 0.0, 1.0]
            ]
        },
        {
            "name": "Shoulder_L",
            "time": [0.0, 0.0667, 0.1167, 0.1667, 0.2, 0.3, 0.4, 0.6, 0.7, 0.9],
            "transform": [
                [-0.061595, -0.993701, -0.093617, 0.0, -0.011057, -0.09311, 0.995595, 0.35, -0.99804, 0.062358, -0.005252, 0.0, 0.0, 0.0, 0.0, 1.0],
                [0.306688, -0.939968, 0.149676, 0.0, 0.015528, 0.162175, 0.98664, 0.35, -0.951684, -0.300267, 0.064333, 0.0, 0.0, 0.0, 0.0, 1.0],
                [0.306667, -0.939973, 0.149685, 0.0, 0.015525, 0.162182, 0.986639, 0.350001, -0.951691, -0.300245, 0.064329, 0.0, 0.0, 0.0, 0.0, 1.0],
                [0.306651, -0.939975, 0.149707, 0.0, 0.015522, 0.162202, 0.986635, 0.35, -0.951695, -0.30023, 0.064329, -0.0, 0.0, 0.0, 0.0, 1.0],
                [0.544074, -0.805694, 0.234181, -0.0, -0.232135, 0.123666, 0.964791, 0.35, -0.806286, -0.579279, -0.119746, 0.0, 0.0, 0.0, 0.0, 1.0],
                [-0.076218, -0.997045, 0.009567, 0.0, -0.017544, 0.010934, 0.999786, 0.350001, -0.996937, 0.076034, -0.018326, -0.0, 0.0, 0.0, 0.0, 1.0],
                [-0.076218, -0.997045, 0.009567, 0.0, -0.017544, 0.010934, 0.999786, 0.35, -0.996937, 0.076034, -0.018326, -0.0, 0.0, 0.0, 0.0, 1.0],
                [-0.076218, -0.997045, 0.009567, 0.0, -0.017544, 0.010934, 0.999786, 0.35, -0.996937, 0.076034, -0.018326, 0.0, 0.0, 0.0, 0.0, 1.0],
                [-0.270339, -0.933298, -0.236374, 0.0, 0.015711, -0.24976, 0.96818, 0.35, -0.962637, 0.258023, 0.082183, 0.0, 0.0, 0.0, 0.0, 1.0],
                [-0.234003, -0.891994, -0.386767, 0.0, -0.080278, -0.378726, 0.92202, 0.35, -0.968916, 0.246805, 0.017015, 0.0, 0.0, 0.0, 0.0, 1.0]
            ]
        },
        {
            "name": "Arm_L",
            "time": [0.0, 0.0667, 0.1167, 0.1667, 0.2, 0.3, 0.4, 0.6, 0.7, 0.9],
            "transform": [
                [0.496592, -0.709248, 0.500364, -0.0, 0.499649, 0.704959, 0.503372, 0.388212, -0.709752, 3.6e-05, 0.704452, -0.0, 0.0, 0.0, 0.0, 1.0],
                [0.634195, 0.724478, 0.270052, 0.0, 0.454279, -0.066523, -0.888372, 0.388212, -0.625642, 0.686079, -0.371304, -0.0, 0.0, 0.0, 0.0, 1.0],
                [0.829321, 0.003652, 0.55876, -0.0, 0.557307, 0.066957, -0.827603, 0.388212, -0.040435, 0.997749, 0.053494, 0.0, 0.0, 0.0, 0.0, 1.0],
                [0.634255, 0.724312, 0.270354, 0.0, 0.454261, -0.066176, -0.888407, 0.388212, -0.625594, 0.686288, -0.371, -0.0, 0.0, 0.0, 0.0, 1.0],
                [0.8428, 0.507852, 0.178252, 0.0, 0.344664, -0.254873, -0.903464, 0.388212, -0.413394, 0.822876, -0.389846, -0.0, 0.0, 0.0, 0.0, 1.0],
                [0.114807, -0.719846, 0.684573, 0.0, -0.00522, 0.688684, 0.725043, 0.388212, -0.993374, -0.086813, 0.075308, -0.0, 0.0, 0.0, 0.0, 1.0],
                [0.114807, -0.719846, 0.684574, -0.0, -0.00522, 0.688684, 0.725043, 0.388212, -0.993374, -0.086813, 0.075308, 0.0, 0.0, 0.0, 0.0, 1.0],
                [0.522429, -0.271775, 0.808212, -1e-06, -0.338241, 0.80403, 0.489008, 0.388212, -0.782727, -0.528842, 0.328123, 0.0, 0.0, 0.0, 0.0, 1.0],
                [0.388498, -0.19304, 0.901002, -0.0, -0.467578, 0.801268, 0.373284, 0.388212, -0.794003, -0.566309, 0.221029, 0.0, 0.0, 0.0, 0.0, 1.0],
                [-0.310515, -0.123076, 0.942567, -0.0, -0.437312, 0.898914, -0.02669, 0.388212, -0.844002, -0.420484, -0.332949, -0.0, 0.0, 0.0, 0.0, 1.0]
            ]
        },
        {
            "name": "Hand_L",
            "time": [0.0, 0.0667, 0.1167, 0.1667, 0.2, 0.3, 0.4, 0.6, 0.7, 0.9],
            "transform": [
                [0.999999, 0.0, 1e-06, -0.0, -0.0, 0.991872, -0.127243, 0.329779, -0.0, 0.127243, 0.991872, 0.0, 0.0, 0.0, 0.0, 1.0],
                [1.0, 1e-06, 0.0, -0.0, -0.0, 0.871537, -0.490331, 0.32978, -0.0, 0.490331, 0.871536, -0.0, 0.0, 0.0, 0.0, 1.0],
                [1.0, 0.0, 1e-06, 0.0, -0.0, 1.000001, 1e-06, 0.329779, -1e-06, -1e-06, 1.0, 0.0, 0.0, 0.0, 0.0, 1.0],
                [1.0, 1e-06, 0.0, -0.0, -0.0, 0.871571, -0.49027, 0.32978, -1e-06, 0.490269, 0.871571, -0.0, 0.0, 0.0, 0.0, 1.0],
                [1.0, 0.0, 1e-06, -0.0, -0.0, 1.0, 0.0, 0.329779, -1e-06, -0.0, 1.0, 0.0, 0.0, 0.0, 0.0, 1.0],
                [1.0, 0.0, 0.0, 0.0, -0.0, 1.0, 0.0, 0.329779, -0.0, -1e-06, 1.0, 0.0, 0.0, 0.0, 0.0, 1.0],
                [1.0, 0.0, 0.0, -0.0, -0.0, 0.996209, -0.086989, 0.329779, -1e-06, 0.086989, 0.996209, 0.0, 0.0, 0.0, 0.0, 1.0],
                [1.0, 1e-06, 0.0, 0.0, -0.0, 0.939693, -0.34202, 0.329779, -1e-06, 0.34202, 0.939693, 0.0, 0.0, 0.0, 0.0, 1.0],
                [1.0, 0.0, 0.0, 0.0, -0.0, 0.939693, -0.34202, 0.329779, -1e-06, 0.34202, 0.939692, 0.0, 0.0, 0.0, 0.0, 1.0],
                [1.0, 0.0, 0.0, -0.0, -0.0, 0.939693, -0.34202, 0.329779, -1e-06, 0.34202, 0.939692, 0.0, 0.0, 0.0, 0.0, 1.0]
            ]
        },
        {
            "name": "Tool_L",
            "time": [0.0, 0.0667, 0.1167, 0.1667, 0.2, 0.3, 0.4, 0.6, 0.7, 0.9],
            "transform": [
                [0.913593, -0.379069, -0.147155, 0.02, -0.34026, -0.514512, -0.787083, 0.291426, 0.222646, 0.769145, -0.599037, 0.0, 0.0, 0.0, 0.0, 1.0],
                [-1e-06, -0.173648, -0.984808, 0.02, -0.0, 0.984808, -0.173648, 0.291426, 1.0, 0.0, -1e-06, 0.0, 0.0, 0.0, 0.0, 1.0],
                [0.173648, -1e-06, -0.984808, 0.02, -0.984808, -0.0, -0.173648, 0.291425, -0.0, 1.0, -1e-06, -0.0, 0.0, 0.0, 0.0, 1.0],
                [0.738702, -0.551556, -0.387434, 0.02, -0.509115, -0.079882, -0.856983, 0.291425, 0.441725, 0.830304, -0.339815, 0.0, 0.0, 0.0, 0.0, 1.0],
                [1.0, -0.0, 0.0, 0.02, 0.0, -1.0, 0.0, 0.291425, 0.0, 0.0, -1.0, -0.0, 0.0, 0.0, 0.0, 1.0],
                [1.0, 0.0, 0.0, 0.02, -0.0, -1.0, 0.0, 0.291426, 0.0, 0.0, -1.0, 0.0, 0.0, 0.0, 0.0, 1.0],
                [1.0, -0.0, 0.0, 0.02, -0.0, -1.0, -0.0, 0.291426, 0.0, -0.0, -1.0, -0.0, 0.0, 0.0, 0.0, 1.0],
                [1.0, -0.0, 0.0, 0.02, 0.0, -1.0, 0.0, 0.291426, 0.0, 0.0, -1.0, 0.0, 0.0, 0.0, 0.0, 1.0],
                [1.0, -0.0, 0.0, 0.02, 0.0, -1.0, 0.0, 0.291426, 0.0, -0.0, -1.0, -1e-06, 0.0, 0.0, 0.0, 1.0],
                [1.0, -0.0, 0.0, 0.02, -0.0, -1.0, 0.0, 0.291426, 0.0, -0.0, -1.0, -0.0, 0.0, 0.0, 0.0, 1.0]
            ]
        },
        {
            "name": "Elbow_L",
            "time": [0.0, 0.0667, 0.1167, 0.1667, 0.2, 0.3, 0.4, 0.6, 0.7, 0.9],
            "transform": [
                [-1.0, -0.0, -0.0, -0.0, 0.0, 0.063751, -0.997966, 0.329779, 0.0, -0.997966, -0.063751, 0.0, 0.0, 0.0, 0.0, 1.0],
                [-1.0, -0.0, -0.0, -0.0, 0.0, 0.25344, -0.967351, 0.32978, 0.0, -0.967351, -0.253439, 0.0, 0.0, 0.0, 0.0, 1.0],
                [-1.0, -0.0, -0.0, -0.0, 0.0, -0.0, -1.0, 0.329779, 0.0, -1.0, 0.0, 0.0, 0.0, 0.0, 0.0, 1.0],
                [-1.0, -0.0, -0.0, -0.0, 0.0, 0.253406, -0.96736, 0.329779, 0.0, -0.96736, -0.253405, -0.0, 0.0, 0.0, 0.0, 1.0],
                [-1.0, -0.0, -1e-06, -0.0, 0.0, -0.0, -1.0, 0.329779, 0.0, -1.0, 0.0, 0.0, 0.0, 0.0, 0.0, 1.0],
                [-1.0, -0.0, -0.0, -0.0, 0.0, -0.0, -1.0, 0.329779, 0.0, -1.0, 1e-06, 0.0, 0.0, 0.0, 0.0, 1.0],
                [-1.0, -0.0, -1e-06, -0.0, 0.0, 0.043536, -0.999052, 0.329779, 0.0, -0.999052, -0.043536, 0.0, 0.0, 0.0, 0.0, 1.0],
                [-1.0, -0.0, -0.0, 0.0, 0.0, 0.173648, -0.984808, 0.329779, 0.0, -0.984807, -0.173648, 0.0, 0.0, 0.0, 0.0, 1.0],
                [-1.0, -0.0, -0.0, 0.0, 0.0, 0.173648, -0.984808, 0.329779, 0.0, -0.984808, -0.173648, 0.0, 0.0, 0.0, 0.0, 1.0],
                [-1.0, -0.0, -0.0, -0.0, 0.0, 0.173648, -0.984808, 0.329779, 0.0, -0.984807, -0.173648, -0.0, 0.0, 0.0, 0.0, 1.0]
            ]
        }
    ]
}