{
    "animation": [
        {
            "name": "Root",
            "time": [0.0, 0.05, 0.1, 0.2, 0.5, 0.6, 0.8],
            "transform": [
                [0.561772, -0.137232, 0.81583, -0.000741, 0.826235, 0.142906, -0.544898, 0.000946, -0.04181, 0.980176, 0.193667, 0.42333, 0.0, 0.0, 0.0, 1.0],
                [0.164354, -0.137232, 0.976809, -0.000741, 0.979107, 0.142906, -0.144664, 0.000946, -0.11974, 0.980176, 0.157852, 0.42333, 0.0, 0.0, 0.0, 1.0],
                [1.0, -0.0, 0.0, -5e-06, 0.0, 0.0, -1.0, 0.000946, 0.0, 1.0, 0.0, 0.589945, 0.0, 0.0, 0.0, 1.0],
                [0.60296, -0.0, -0.797772, -5e-06, -0.797772, 0.0, -0.60296, -0.149053, 0.0, 1.0, -0.0, 0.439945, 0.0, 0.0, 0.0, 1.0],
                [0.0, -0.0, -1.0, -5e-06, -1.0, 0.0, -0.0, -0.199053, -0.0, 1.0, -0.0, 0.389945, 0.0, 0.0, 0.0, 1.0],
                [0.528383, -0.000648, -0.849006, -5e-06, -0.849005, -0.002179, -0.528381, -0.199053, -0.001508, 0.999997, -0.001701, 0.529839, 0.0, 0.0, 0.0, 1.0],
                [0.965926, -0.0, -0.258819, -5e-06, -0.258815, -0.005527, -0.965911, -0.199054, -0.00143, 0.999985, -0.005339, 0.73968, 0.0, 0.0, 0.0, 1.0]
            ]
        },
        {
            "name": "Thigh_R",
            "time": [0.0, 0.05, 0.1, 0.2, 0.5, 0.8],
            "transform": [
                [0.953322, -0.062271, 0.295465, 0.124994, -0.079691, -0.995698, 0.047271, -0.00283, 0.29125, -0.068611, -0.954183, -1.2e-05, 0.0, 0.0, 0.0, 1.0],
                [0.890236, -0.269395, 0.367294, 0.124994, -0.281417, -0.959343, -0.021546, -0.002831, 0.358166, -0.084182, -0.929855, -1.2e-05, 0.0, 0.0, 0.0, 1.0],
                [0.941033, 0.336993, 0.02987, 0.124994, 0.332109, -0.936998, 0.108347, -0.002831, 0.064501, -0.092038, -0.993664, -1.2e-05, 0.0, 0.0, 0.0, 1.0],
                [0.78043, 0.484326, -0.39542, 0.124994, 0.619859, -0.516515, 0.590751, -0.002831, 0.081876, -0.706145, -0.703318, -1.2e-05, 0.0, 0.0, 0.0, 1.0],
                [0.894151, 0.178025, -0.410855, 0.124994, 0.435843, -0.135696, 0.889735, -0.002831, 0.102643, -0.974625, -0.198924, -1.2e-05, 0.0, 0.0, 0.0, 1.0],
                [0.971301, 0.160375, 0.175653, 0.124994, 0.176399, -0.981089, -0.079672, -0.00283, 0.159554, 0.108371, -0.981223, -1.2e-05, 0.0, 0.0, 0.0, 1.0]
            ]
        },
        {
            "name": "Leg_R",
            "time": [0.0, 0.05, 0.1, 0.2, 0.5, 0.8],
            "transform": [
                [1.0, -1e-06, 5e-06, 0.0, -4e-06, 0.270438, 0.962738, 0.37472, -2e-06, -0.962738, 0.270437, 0.0, 0.0, 0.0, 0.0, 1.0],
                [1.0, -1e-06, 5e-06, -0.0, -4e-06, 0.386704, 0.922204, 0.37472, -2e-06, -0.922204, 0.386705, 0.0, 0.0, 0.0, 0.0, 1.0],
                [1.0, 0.0, 5e-06, -0.0, -4e-06, 0.577233, 0.816579, 0.37472, -2e-06, -0.816579, 0.577233, -0.0, 0.0, 0.0, 0.0, 1.0],
                [1.0, -2e-06, 4e-06, 0.0, -4e-06, 0.122366, 0.992485, 0.37472, -2e-06, -0.992485, 0.122366, -0.0, 0.0, 0.0, 0.0, 1.0],
                [1.0, -2e-06, 4e-06, -0.0, -4e-06, 0.066359, 0.997796, 0.37472, -3e-06, -0.997796, 0.066359, -0.0, 0.0, 0.0, 0.0, 1.0],
                [1.0, 4e-06, 3e-06, 0.0, -4e-06, 0.999987, 0.005216, 0.37472, -2e-06, -0.005216, 0.999986, -0.0, 0.0, 0.0, 0.0, 1.0]
            ]
        },
        {
            "name": "Knee_R",
            "time": [0.0, 0.05, 0.1, 0.2, 0.5, 0.8],
            "transform": [
                [1.0, 4e-06, -1e-06, 0.0, -4e-06, 0.723645, -0.690172, 0.37472, -2e-06, 0.690172, 0.723645, 0.0, 0.0, 0.0, 0.0, 1.0],
                [1.0, 5e-06, -2e-06, 0.0, -4e-06, 0.679782, -0.733414, 0.37472, -2e-06, 0.733414, 0.679782, -0.0, 0.0, 0.0, 0.0, 1.0],
                [1.0, 4e-06, -2e-06, 0.0, -4e-06, 0.595851, -0.803095, 0.37472, -2e-06, 0.803095, 0.595851, -0.0, 0.0, 0.0, 0.0, 1.0],
                [1.0, 4e-06, -1e-06, 0.0, -4e-06, 0.773697, -0.633556, 0.37472, -2e-06, 0.633555, 0.773697, -0.0, 0.0, 0.0, 0.0, 1.0],
                [1.0, 4e-06, -1e-06, -0.0, -4e-06, 0.791213, -0.611542, 0.37472, -2e-06, 0.611542, 0.791212, 0.0, 0.0, 0.0, 0.0, 1.0],
                [1.0, 1e-06, -4e-06, 0.0, -4e-06, 0.002609, -0.999997, 0.37472, -1e-06, 0.999997, 0.00261, -0.0, 0.0, 0.0, 0.0, 1.0]
            ]
        },
        {
            "name": "Thigh_L",
            "time": [0.0, 0.05, 0.1, 0.2, 0.5, 0.6, 0.8],
            "transform": [
                [0.861092, 0.224255, -0.456323, -0.125006, 0.480558, -0.065793, 0.874491, -0.00283, 0.166086, -0.972307, -0.164421, -1.2e-05, 0.0, 0.0, 0.0, 1.0],
                [0.672547, 0.486661, -0.557532, -0.125006, 0.711099, -0.216291, 0.668997, -0.002831, 0.204985, -0.846392, -0.49153, -1.2e-05, 0.0, 0.0, 0.0, 1.0],
                [0.980717, -0.151467, 0.123497, -0.125006, -0.189906, -0.58938, 0.785218, -0.002831, -0.046148, -0.79353, -0.606779, -1.2e-05, 0.0, 0.0, 0.0, 1.0],
                [0.733599, -0.548434, 0.401313, -0.125006, -0.667318, -0.469661, 0.578018, -0.002831, -0.128524, -0.691837, -0.710523, -1.2e-05, 0.0, 0.0, 0.0, 1.0],
                [0.694963, -0.705021, 0.14132, -0.125006, -0.718807, -0.686242, 0.111303, -0.002831, 0.018509, -0.178933, -0.983687, -1.2e-05, 0.0, 0.0, 0.0, 1.0],
                [0.881249, -0.389789, -0.267328, -0.125006, -0.215465, -0.834706, 0.506795, -0.002831, -0.420683, -0.389013, -0.81957, -1.2e-05, 0.0, 0.0, 0.0, 1.0],
                [0.989188, -0.144691, 0.023912, -0.125006, -0.146541, -0.981588, 0.122514, -0.00283, 0.005745, -0.124694, -0.992178, -1.2e-05, 0.0, 0.0, 0.0, 1.0]
            ]
        },
        {
            "name": "Leg_L",
            "time": [0.0, 0.05, 0.1, 0.2, 0.5, 0.8],
            "transform": [
                [1.0, -0.0, 2e-06, -0.0, -1e-06, 0.441155, 0.897431, 0.37472, -1e-06, -0.897431, 0.441155, 0.0, 0.0, 0.0, 0.0, 1.0],
                [1.0, -0.0, 2e-06, 0.0, -1e-06, 0.605338, 0.795969, 0.37472, -1e-06, -0.795968, 0.605338, 0.0, 0.0, 0.0, 0.0, 1.0],
                [1.0, 0.0, 2e-06, -0.0, -1e-06, 0.678621, 0.734488, 0.37472, -1e-06, -0.734489, 0.678621, 0.0, 0.0, 0.0, 0.0, 1.0],
                [1.0, -1e-06, 1e-06, 0.0, -1e-06, 0.314255, 0.949339, 0.37472, -1e-06, -0.949339, 0.314255, -0.0, 0.0, 0.0, 0.0, 1.0],
                [1.0, -1e-06, 1e-06, -0.0, -1e-06, 0.353302, 0.935509, 0.37472, -1e-06, -0.935509, 0.353302, -0.0, 0.0, 0.0, 0.0, 1.0],
                [1.0, 1e-06, 1e-06, -0.0, -1e-06, 0.977124, 0.212671, 0.37472, -1e-06, -0.212671, 0.977124, -0.0, 0.0, 0.0, 0.0, 1.0]
            ]
        },
        {
            "name": "Knee_L",
            "time": [0.0, 0.05, 0.1, 0.2, 0.5, 0.8],
            "transform": [
                [1.0, 1e-06, -1e-06, 0.0, -1e-06, 0.699671, -0.714465, 0.37472, -0.0, 0.714465, 0.699671, -0.0, 0.0, 0.0, 0.0, 1.0],
                [1.0, 1e-06, -1e-06, -0.0, -1e-06, 0.627458, -0.77865, 0.37472, -0.0, 0.77865, 0.627458, 0.0, 0.0, 0.0, 0.0, 1.0],
                [1.0, 1e-06, -1e-06, -0.0, -1e-06, 0.585132, -0.810938, 0.37472, -0.0, 0.810938, 0.585132, 0.0, 0.0, 0.0, 0.0, 1.0],
                [1.0, 1e-06, -0.0, -0.0, -1e-06, 0.743406, -0.66884, 0.37472, -1e-06, 0.66884, 0.743406, -0.0, 0.0, 0.0, 0.0, 1.0],
                [1.0, 1e-06, -1e-06, 0.0, -1e-06, 0.729394, -0.684094, 0.37472, -0.0, 0.684094, 0.729394, 0.0, 0.0, 0.0, 0.0, 1.0],
                [1.0, 0.0, -1e-06, 0.0, -1e-06, 0.10695, -0.994264, 0.37472, -0.0, 0.994264, 0.10695, -0.0, 0.0, 0.0, 0.0, 1.0]
            ]
        },
        {
            "name": "Torso",
            "time": [0.0, 0.05, 0.1, 0.2, 0.5, 0.8],
            "transform": [
                [0.993565, 0.087322, -0.072139, 0.0, -0.075264, 0.984943, 0.155637, 0.05, 0.084644, -0.149206, 0.985177, -0.0, 0.0, 0.0, 0.0, 1.0],
                [0.993565, 0.087322, -0.072139, -0.0, -0.075264, 0.984943, 0.155637, 0.05, 0.084644, -0.149206, 0.985177, 0.0, 0.0, 0.0, 0.0, 1.0],
                [0.985739, 0.052084, -0.160018, 0.0, -0.080166, 0.981406, -0.174403, 0.05, 0.147959, 0.184743, 0.971585, -0.0, 0.0, 0.0, 0.0, 1.0],
                [0.985739, 0.052084, -0.160018, 0.0, -0.080166, 0.981406, -0.174403, 0.05, 0.147959, 0.184743, 0.971585, -0.0, 0.0, 0.0, 0.0, 1.0],
                [0.988811, -0.028694, -0.146385, 0.0, 0.005281, 0.987444, -0.157882, 0.05, 0.149078, 0.155343, 0.976547, 0.0, 0.0, 0.0, 0.0, 1.0],
                [0.999996, 0.00286, -9e-05, -0.0, -0.002861, 0.999328, -0.036549, 0.05, -1.5e-05, 0.036549, 0.999332, 0.0, 0.0, 0.0, 0.0, 1.0]
            ]
        },
        {
            "name": "Chest",
            "time": [0.0, 0.05, 0.1, 0.2, 0.5, 0.8],
            "transform": [
                [0.996694, 0.018679, -0.079067, -0.0, -0.001204, 0.9765, 0.215513, 0.35, 0.081235, -0.214706, 0.973294, 0.0, 0.0, 0.0, 0.0, 1.0],
                [0.936727, 0.018679, 0.349562, 0.0, -0.092171, 0.9765, 0.194812, 0.35, -0.337708, -0.214706, 0.916436, 0.0, 0.0, 0.0, 0.0, 1.0],
                [0.982018, 0.032374, -0.185993, -0.0, 1e-06, 0.985186, 0.171487, 0.35, 0.188789, -0.168404, 0.96747, -0.0, 0.0, 0.0, 0.0, 1.0],
                [0.982018, 0.032374, -0.185993, 0.0, 1e-06, 0.985186, 0.171487, 0.35, 0.188789, -0.168404, 0.96747, 0.0, 0.0, 0.0, 0.0, 1.0],
                [0.982018, 0.032374, -0.185993, 0.0, 1e-06, 0.985186, 0.171487, 0.35, 0.188789, -0.168404, 0.96747, 0.0, 0.0, 0.0, 0.0, 1.0],
                [0.999991, -0.004292, 7.8e-05, -0.0, 0.00429, 0.999863, 0.016015, 0.35, -0.000146, -0.016015, 0.999872, 0.0, 0.0, 0.0, 0.0, 1.0]
            ]
        },
        {
            "name": "Head",
            "time": [0.0, 0.05, 0.1, 0.2, 0.5, 0.8],
            "transform": [
                [0.695948, -0.071579, -0.714516, 0.0, -0.350325, 0.834734, -0.424843, 0.35, 0.626841, 0.545981, 0.555855, 0.0, 0.0, 0.0, 0.0, 1.0],
                [-0.049112, -0.360832, -0.931337, -0.0, -0.454994, 0.838173, -0.300744, 0.35, 0.889139, 0.408983, -0.205341, 0.0, 0.0, 0.0, 0.0, 1.0],
                [0.937803, -0.111649, 0.328724, -0.0, 0.110172, 0.993642, 0.023178, 0.35, -0.329222, 0.01448, 0.944142, -0.0, 0.0, 0.0, 0.0, 1.0],
                [0.303211, -0.111649, 0.94636, -0.0, 0.047938, 0.993642, 0.101868, 0.35, -0.951717, 0.014479, 0.306636, 0.0, 0.0, 0.0, 0.0, 1.0],
                [-0.330758, -0.02462, 0.943394, -0.0, 0.006586, 0.999575, 0.028395, 0.35, -0.943693, 0.015605, -0.330456, -0.0, 0.0, 0.0, 0.0, 1.0],
                [0.965926, -0.044367, 0.254988, 0.0, -0.006698, 0.980582, 0.195993, 0.35, -0.258732, -0.191023, 0.946873, -0.0, 0.0, 0.0, 0.0, 1.0]
            ]
        },
        {
            "name": "Shoulder_R",
            "time": [0.0, 0.05, 0.1, 0.2, 0.5, 0.8],
            "transform": [
                [0.515439, 0.856368, 0.030928, 0.0, 0.012374, -0.043527, 0.998976, 0.35, 0.856837, -0.514528, -0.033032, 0.0, 0.0, 0.0, 0.0, 1.0],
                [0.515439, 0.856368, 0.030928, -0.0, 0.012374, -0.043526, 0.998976, 0.35, 0.856837, -0.514528, -0.033032, 0.0, 0.0, 0.0, 0.0, 1.0],
                [-0.280716, 0.944711, -0.169469, -0.0, 0.011573, 0.179887, 0.983619, 0.35, 0.959721, 0.274156, -0.06143, -0.0, 0.0, 0.0, 0.0, 1.0],
                [-0.280716, 0.944711, -0.169469, -0.0, 0.011573, 0.179887, 0.983619, 0.35, 0.959722, 0.274157, -0.06143, 0.0, 0.0, 0.0, 0.0, 1.0],
                [-0.280716, 0.944711, -0.169469, -0.0, 0.011573, 0.179887, 0.983619, 0.35, 0.959721, 0.274156, -0.06143, -0.0, 0.0, 0.0, 0.0, 1.0],
                [-0.056738, 0.959153, 0.277142, 0.0, 0.008625, -0.277108, 0.9608, 0.35, 0.998352, 0.056904, 0.00745, -0.0, 0.0, 0.0, 0.0, 1.0]
            ]
        },
        {
            "name": "Arm_R",
            "time": [0.0, 0.05, 0.1, 0.2, 0.5, 0.6, 0.8],
            "transform": [
                [-0.056305, -0.963199, 0.262825, -0.0, -0.223203, -0.244436, -0.943627, 0.388213, 0.973144, -0.111794, -0.201226, -0.0, 0.0, 0.0, 0.0, 1.0],
                [-0.056305, -0.963199, 0.262825, -0.0, -0.223203, -0.244437, -0.943627, 0.388213, 0.973144, -0.111794, -0.201226, -0.0, 0.0, 0.0, 0.0, 1.0],
                [0.151913, 0.426744, -0.891522, -0.0, -0.296285, 0.880173, 0.370825, 0.388213, 0.942941, 0.207811, 0.260147, 0.0, 0.0, 0.0, 0.0, 1.0],
                [0.44767, 0.857398, -0.253891, 0.0, -0.405246, 0.447631, 0.797121, 0.388213, 0.797099, -0.253959, 0.547848, 0.0, 0.0, 0.0, 0.0, 1.0],
                [0.574155, 0.590563, -0.567081, 0.0, 0.230948, 0.547678, 0.804185, 0.388213, 0.785499, -0.592693, 0.178063, -0.0, 0.0, 0.0, 0.0, 1.0],
                [0.231329, 0.705982, -0.669385, -0.0, -0.498171, 0.676956, 0.541807, 0.388213, 0.835651, 0.208132, 0.508299, 0.0, 0.0, 0.0, 0.0, 1.0],
                [0.338608, 0.229179, -0.912591, -0.0, 0.748021, 0.522798, 0.408836, 0.388213, 0.570797, -0.821072, 0.005593, -0.0, 0.0, 0.0, 0.0, 1.0]
            ]
        },
        {
            "name": "Hand_R",
            "time": [0.0, 0.05, 0.1, 0.2, 0.5, 0.8],
            "transform": [
                [1.0, 0.0, 0.0, 0.0, -0.0, 0.999052, -0.043522, 0.329779, -0.0, 0.043522, 0.999052, 0.0, 0.0, 0.0, 0.0, 1.0],
                [1.0, 0.0, 0.0, 0.0, -0.0, 0.999052, -0.043522, 0.329779, -0.0, 0.043522, 0.999052, 0.0, 0.0, 0.0, 0.0, 1.0],
                [1.0, 0.0, 0.0, 0.0, -0.0, 0.997099, -0.076113, 0.329779, -0.0, 0.076113, 0.997099, 0.0, 0.0, 0.0, 0.0, 1.0],
                [1.0, 0.0, 0.0, 0.0, -0.0, 0.997099, -0.076113, 0.329779, -0.0, 0.076113, 0.997099, -0.0, 0.0, 0.0, 0.0, 1.0],
                [1.0, 0.0, 0.0, -0.0, -0.0, 0.997099, -0.076113, 0.329779, -0.0, 0.076113, 0.997099, -0.0, 0.0, 0.0, 0.0, 1.0],
                [0.999313, -0.036312, -0.00734, -0.0, 0.033996, 0.977586, -0.207773, 0.329779, 0.01472, 0.207381, 0.978149, -0.0, 0.0, 0.0, 0.0, 1.0]
            ]
        },
        {
            "name": "Tool_R",
            "time": [0.0, 0.05, 0.1, 0.2, 0.5, 0.6, 0.8],
            "transform": [
                [1.0, 0.0, 0.0, -0.02, 0.0, -1.0, 0.0, 0.291425, 0.0, 0.0, -1.0, 0.0, 0.0, 0.0, 0.0, 1.0],
                [1.0, 0.0, 0.0, -0.02, 0.0, -1.0, -0.0, 0.291425, 0.0, -0.0, -1.0, 0.0, 0.0, 0.0, 0.0, 1.0],
                [1.0, -0.0, 0.0, -0.02, 0.0, -0.5, -0.866026, 0.291425, 0.0, 0.866026, -0.5, 0.0, 0.0, 0.0, 0.0, 1.0],
                [1.0, -0.0, 0.0, -0.02, -0.0, -0.948051, -0.318118, 0.291425, 0.0, 0.318118, -0.948051, -0.0, 0.0, 0.0, 0.0, 1.0],
                [1.0, -0.0, 0.0, -0.02, 0.0, -0.996195, -0.087156, 0.291425, 0.0, 0.087156, -0.996195, 0.0, 0.0, 0.0, 0.0, 1.0],
                [1.0, -0.0, 0.0, -0.02, 0.0, -0.970407, -0.241475, 0.291425, 0.0, 0.241476, -0.970407, 0.0, 0.0, 0.0, 0.0, 1.0],
                [1.0, -0.0, 0.0, -0.02, 0.0, -0.766044, -0.642788, 0.291425, -0.0, 0.642788, -0.766044, -0.0, 0.0, 0.0, 0.0, 1.0]
            ]
        },
        {
            "name": "Elbow_R",
            "time": [0.0, 0.05, 0.1, 0.2, 0.5, 0.8],
            "transform": [
                [-1.0, 0.0, -0.0, -0.0, 0.0, 0.021766, -0.999763, 0.329779, -0.0, -0.999762, -0.021766, -0.0, 0.0, 0.0, 0.0, 1.0],
                [-1.0, 0.0, -0.0, 0.0, 0.0, 0.021766, -0.999763, 0.329779, -0.0, -0.999762, -0.021766, 0.0, 0.0, 0.0, 0.0, 1.0],
                [-1.0, -0.0, -0.0, 0.0, 0.0, 0.038084, -0.999275, 0.329779, -0.0, -0.999274, -0.038084, -0.0, 0.0, 0.0, 0.0, 1.0],
                [-1.0, -0.0, -1e-06, 0.0, 1e-06, 0.038084, -0.999274, 0.329779, -0.0, -0.999274, -0.038084, -0.0, 0.0, 0.0, 0.0, 1.0],
                [-1.000001, -0.0, -1e-06, 0.0, 1e-06, 0.038084, -0.999275, 0.329779, -0.0, -0.999274, -0.038084, -0.0, 0.0, 0.0, 0.0, 1.0],
                [-1.0, 0.0, -0.0, -0.0, 0.0, 0.10427, -0.994549, 0.329779, -0.0, -0.994549, -0.10427, -0.0, 0.0, 0.0, 0.0, 1.0]
            ]
        },
        {
            "name": "Shoulder_L",
            "time": [0.0, 0.05, 0.1, 0.2, 0.5, 0.8],
            "transform": [
                [-0.311282, -0.889718, -0.333924, 0.0, -0.097034, -0.319788, 0.942508, 0.35, -0.945351, 0.325788, 0.013211, 0.0, 0.0, 0.0, 0.0, 1.0],
                [-0.311282, -0.889718, -0.333924, -0.0, -0.097034, -0.319788, 0.942508, 0.35, -0.945351, 0.325788, 0.013211, 0.0, 0.0, 0.0, 0.0, 1.0],
                [-0.326227, -0.878249, -0.349649, -0.0, -0.104838, -0.333989, 0.936729, 0.35, -0.93946, 0.342242, 0.016883, -0.0, 0.0, 0.0, 0.0, 1.0],
                [-0.326227, -0.878249, -0.349649, -0.0, -0.104838, -0.333989, 0.936729, 0.35, -0.93946, 0.342242, 0.016883, 0.0, 0.0, 0.0, 0.0, 1.0],
                [-0.326227, -0.878249, -0.349649, -0.0, -0.104838, -0.333989, 0.936729, 0.35, -0.93946, 0.342242, 0.016883, -0.0, 0.0, 0.0, 0.0, 1.0],
                [-0.059882, -0.959121, -0.276588, 0.0, -0.008664, -0.276576, 0.960953, 0.35, -0.998168, 0.05994, 0.008253, -0.0, 0.0, 0.0, 0.0, 1.0]
            ]
        },
        {
            "name": "Arm_L",
            "time": [0.0, 0.05, 0.1, 0.2, 0.5, 0.8],
            "transform": [
                [0.172375, -0.024877, 0.984717, 0.0, -0.485387, 0.86774, 0.106889, 0.388212, -0.857138, -0.496394, 0.137502, 0.0, 0.0, 0.0, 0.0, 1.0],
                [0.172375, -0.024877, 0.984717, 0.0, -0.485387, 0.867741, 0.106889, 0.388212, -0.857138, -0.496394, 0.137502, -0.0, 0.0, 0.0, 0.0, 1.0],
                [0.092664, -0.297001, 0.950371, 0.0, -0.061453, 0.950952, 0.303174, 0.388212, -0.993799, -0.086497, 0.069867, -0.0, 0.0, 0.0, 0.0, 1.0],
                [0.092664, -0.297001, 0.950371, -0.0, -0.061453, 0.950952, 0.303174, 0.388212, -0.993799, -0.086497, 0.069867, -0.0, 0.0, 0.0, 0.0, 1.0],
                [0.092664, -0.297001, 0.950371, -0.0, -0.061453, 0.950952, 0.303174, 0.388212, -0.993799, -0.086497, 0.069867, -0.0, 0.0, 0.0, 0.0, 1.0],
                [0.128978, 0.019483, 0.991456, 0.0, -0.832791, 0.54491, 0.097629, 0.388212, -0.538353, -0.838268, 0.086507, -0.0, 0.0, 0.0, 0.0, 1.0]
            ]
        },
        {
            "name": "Hand_L",
            "time": [0.0, 0.05, 0.1, 0.2, 0.5, 0.8],
            "transform": [
                [1.0, 0.0, 0.0, 0.0, -0.0, 0.882075, -0.471109, 0.329779, -1e-06, 0.471109, 0.882075, 0.0, 0.0, 0.0, 0.0, 1.0],
                [1.0, 1e-06, 0.0, -0.0, -0.0, 0.882075, -0.471109, 0.329779, -1e-06, 0.471109, 0.882075, 0.0, 0.0, 0.0, 0.0, 1.0],
                [1.0, 0.0, 0.0, 0.0, -0.0, 0.982204, -0.187817, 0.329779, -0.0, 0.187817, 0.982204, 0.0, 0.0, 0.0, 0.0, 1.0],
                [1.0, 0.0, 0.0, 0.0, -0.0, 0.982204, -0.187817, 0.329779, -0.0, 0.187817, 0.982204, -0.0, 0.0, 0.0, 0.0, 1.0],
                [1.0, 0.0, 0.0, 0.0, -0.0, 0.982204, -0.187817, 0.329779, -1e-06, 0.187817, 0.982204, 0.0, 0.0, 0.0, 0.0, 1.0],
                [0.998906, 0.040374, 0.023572, 0.0, -0.035722, 0.984401, -0.172278, 0.329779, -0.03016, 0.171248, 0.984766, 0.0, 0.0, 0.0, 0.0, 1.0]
            ]
        },
        {
            "name": "Tool_L",
            "time": [0.0, 0.05, 0.1, 0.2, 0.5, 0.6, 0.8],
            "transform": [
                [0.999948, 0.000434, 0.010224, 0.02, 0.010146, -0.172054, -0.985035, 0.291426, 0.001331, 0.985088, -0.172049, -0.0, 0.0, 0.0, 0.0, 1.0],
                [0.999948, 0.000434, 0.010224, 0.02, 0.010146, -0.172054, -0.985035, 0.291426, 0.001331, 0.985087, -0.172049, -0.0, 0.0, 0.0, 0.0, 1.0],
                [1.0, -5e-06, -0.00041, 0.02, -0.000401, -0.210579, -0.977577, 0.291426, -8.2e-05, 0.977577, -0.210579, -0.0, 0.0, 0.0, 0.0, 1.0],
                [1.0, -5e-06, -0.000409, 0.02, -0.000401, -0.210579, -0.977577, 0.291426, -8.2e-05, 0.977577, -0.210579, -0.0, 0.0, 0.0, 0.0, 1.0],
                [1.0, -5e-06, -0.00041, 0.02, -0.000401, -0.210579, -0.977577, 0.291426, -8.2e-05, 0.977577, -0.210579, -0.0, 0.0, 0.0, 0.0, 1.0],
                [1.0, -6.3e-05, -0.000249, 0.02, -0.000232, -0.630636, -0.776079, 0.291426, -0.000108, 0.776079, -0.630636, -0.0, 0.0, 0.0, 0.0, 1.0],
                [1.0, -0.0, 0.0, 0.02, -0.0, -0.984808, -0.173648, 0.291426, 0.0, 0.173648, -0.984808, -0.0, 0.0, 0.0, 0.0, 1.0]
            ]
        },
        {
            "name": "Elbow_L",
            "time": [0.0, 0.05, 0.1, 0.2, 0.5, 0.8],
            "transform": [
                [-1.0, -0.0, -0.0, 0.0, 0.0, 0.335623, -0.941996, 0.329779, 0.0, -0.941996, -0.335623, 0.0, 0.0, 0.0, 0.0, 1.0],
                [-1.0, -0.0, -0.0, 0.0, 0.0, 0.335623, -0.941996, 0.329779, 0.0, -0.941996, -0.335623, 0.0, 0.0, 0.0, 0.0, 1.0],
                [-1.0, -0.0, -0.0, 0.0, 1e-06, 0.094329, -0.995541, 0.329779, 0.0, -0.995541, -0.094329, -0.0, 0.0, 0.0, 0.0, 1.0],
                [-1.0, -0.0, -0.0, -0.0, 0.0, 0.094329, -0.995541, 0.329779, 0.0, -0.995541, -0.094329, -0.0, 0.0, 0.0, 0.0, 1.0],
                [-1.0, -0.0, -0.0, -0.0, 0.0, 0.094329, -0.995541, 0.329779, 0.0, -0.995541, -0.094329, 0.0, 0.0, 0.0, 0.0, 1.0],
                [-1.0, -0.0, -1e-06, 0.0, 0.0, 0.085981, -0.996296, 0.329779, 0.0, -0.996296, -0.085981, 0.0, 0.0, 0.0, 0.0, 1.0]
            ]
        }
    ]
}