{
    "animation": [
        {
            "name": "Root",
            "time": [0.0, 0.1, 0.1667, 0.2667, 0.3, 0.5, 0.7, 0.8, 1.0],
            "transform": [
                [-0.763353, -0.046504, 0.644306, -0.021984, 0.645981, -0.053469, 0.761479, 0.000946, -0.000961, 0.997486, 0.070856, 0.400596, 0.0, 0.0, 0.0, 1.0],
                [-0.08819, 0.11584, 0.989345, -0.021984, 0.979668, -0.169591, 0.107185, 0.476712, 0.180201, 0.978683, -0.098529, 0.760596, 0.0, 0.0, 0.0, 1.0],
                [0.418669, 0.153604, 0.895054, -0.021984, 0.884378, -0.292939, -0.363403, 0.793888, 0.206376, 0.943712, -0.258489, 1.000596, 0.0, 0.0, 0.0, 1.0],
                [0.692531, -0.12108, -0.711155, -0.021984, -0.6615, 0.286684, -0.692986, 1.493888, 0.287783, 0.950343, 0.118443, 0.713572, 0.0, 0.0, 0.0, 1.0],
                [-0.384547, 0.220067, -0.89649, -0.008247, -0.899747, 0.127736, 0.4173, 2.068945, 0.206348, 0.967085, 0.148884, 0.590631, 0.0, 0.0, 0.0, 1.0],
                [-0.55231, 0.134943, -0.822645, -0.008247, -0.813614, 0.127736, 0.5672, 2.068945, 0.181621, 0.982585, 0.039241, 0.460631, 0.0, 0.0, 0.0, 1.0],
                [-0.022015, 0.080168, -0.996538, -0.00495, -0.992721, 0.1163, 0.031286, 2.068946, 0.118405, 0.989973, 0.077024, 0.580012, 0.0, 0.0, 0.0, 1.0],
                [0.282202, 0.055721, -0.957735, -0.003301, -0.956167, 0.097655, -0.276058, 2.068946, 0.078145, 0.993659, 0.080837, 0.639703, 0.0, 0.0, 0.0, 1.0],
                [0.965926, -0.0, -0.258819, -5e-06, -0.258819, 0.0, -0.965926, 2.068947, 0.0, 1.0, -0.0, 0.739084, 0.0, 0.0, 0.0, 1.0]
            ]
        },
        {
            "name": "Thigh_R",
            "time": [0.0, 0.1, 0.1667, 0.2667, 0.3, 0.5, 0.7, 0.8, 1.0],
            "transform": [
                [0.907791, 0.176572, 0.380445, 0.124994, -0.374677, -0.066268, 0.924784, -0.00283, 0.188502, -0.982054, 0.006, -1.2e-05, 0.0, 0.0, 0.0, 1.0],
                [0.91988, 0.278793, 0.275851, 0.124994, -0.27795, -0.032806, 0.960035, -0.00283, 0.276701, -0.959791, 0.047312, -1.2e-05, 0.0, 0.0, 0.0, 1.0],
                [0.858882, 0.488803, -0.152951, 0.124994, 0.286801, -0.211581, 0.934333, -0.00283, 0.424343, -0.846348, -0.321912, -1.2e-05, 0.0, 0.0, 0.0, 1.0],
                [0.859918, -0.459146, 0.222993, 0.124994, -0.498879, -0.66359, 0.557466, -0.002831, -0.107983, -0.590622, -0.799691, -1.2e-05, 0.0, 0.0, 0.0, 1.0],
                [0.999432, 0.002358, -0.033618, 0.124994, 0.028514, -0.59087, 0.806262, -0.002831, -0.017962, -0.806763, -0.590602, -1.2e-05, 0.0, 0.0, 0.0, 1.0],
                [0.999043, -0.043672, 0.002342, 0.124994, -0.013602, -0.259384, 0.965679, -0.00283, -0.041565, -0.964786, -0.25973, -1.2e-05, 0.0, 0.0, 0.0, 1.0],
                [0.965428, 0.233063, -0.116752, 0.124994, 0.240559, -0.624061, 0.743424, -0.002831, 0.100404, -0.745808, -0.658551, -1.2e-05, 0.0, 0.0, 0.0, 1.0],
                [0.990867, 0.133422, 0.019543, 0.124994, 0.083095, -0.718294, 0.690759, -0.002831, 0.1062, -0.682826, -0.722821, -1.2e-05, 0.0, 0.0, 0.0, 1.0],
                [0.971025, 0.161565, 0.176087, 0.124994, 0.1784, -0.980341, -0.08429, -0.002831, 0.159007, 0.113262, -0.980759, -1.2e-05, 0.0, 0.0, 0.0, 1.0]
            ]
        },
        {
            "name": "Leg_R",
            "time": [0.0, 0.1, 0.1667, 0.2667, 0.3, 0.5, 0.7, 0.8, 1.0],
            "transform": [
                [1.0, -2e-06, 4e-06, 0.0, -4e-06, 0.016642, 0.999862, 0.37472, -2e-06, -0.999861, 0.016641, 0.0, 0.0, 0.0, 0.0, 1.0],
                [1.0, -4e-06, 2e-06, 0.0, -4e-06, -0.493674, 0.869647, 0.37472, -3e-06, -0.869647, -0.493674, 0.0, 0.0, 0.0, 0.0, 1.0],
                [1.0, -1e-06, 5e-06, 0.0, -4e-06, 0.317411, 0.948288, 0.37472, -2e-06, -0.948288, 0.317411, -0.0, 0.0, 0.0, 0.0, 1.0],
                [1.0, 4e-06, 2e-06, -0.0, -4e-06, 0.999986, 0.005393, 0.374721, -2e-06, -0.005393, 0.999985, 0.0, 0.0, 0.0, 0.0, 1.0],
                [1.0, 2e-06, 4e-06, -0.0, -4e-06, 0.855195, 0.518306, 0.37472, -3e-06, -0.518306, 0.855195, 0.0, 0.0, 0.0, 0.0, 1.0],
                [1.0, -1e-06, 5e-06, 0.0, -4e-06, 0.399288, 0.916825, 0.37472, -3e-06, -0.916825, 0.399288, 0.0, 0.0, 0.0, 0.0, 1.0],
                [1.0, 1e-06, 5e-06, -0.0, -4e-06, 0.654437, 0.756117, 0.37472, -2e-06, -0.756117, 0.654437, 0.0, 0.0, 0.0, 0.0, 1.0],
                [1.0, 1e-06, 5e-06, -0.0, -4e-06, 0.629052, 0.777364, 0.37472, -2e-06, -0.777363, 0.629052, -0.0, 0.0, 0.0, 0.0, 1.0],
                [1.0, 4e-06, 3e-06, -0.0, -4e-06, 0.999986, 0.005273, 0.37472, -2e-06, -0.005273, 0.999986, -0.0, 0.0, 0.0, 0.0, 1.0]
            ]
        },
        {
            "name": "Knee_R",
            "time": [0.0, 0.1, 0.1667, 0.2667, 0.3, 0.5, 0.7, 0.8, 1.0],
            "transform": [
                [1.0, 4e-06, -1e-06, 0.0, -4e-06, 0.7012, -0.712965, 0.37472, -2e-06, 0.712965, 0.701199, 0.0, 0.0, 0.0, 0.0, 1.0],
                [1.0, 5e-06, -1e-06, 0.0, -4e-06, 0.864198, -0.503151, 0.37472, -2e-06, 0.503152, 0.864198, 0.0, 0.0, 0.0, 0.0, 1.0],
                [1.0, 4e-06, -2e-06, 0.0, -4e-06, 0.584206, -0.811606, 0.37472, -2e-06, 0.811606, 0.584206, -0.0, 0.0, 0.0, 0.0, 1.0],
                [0.999999, 1e-06, -5e-06, -0.0, -4e-06, 0.002699, -0.999996, 0.37472, -1e-06, 0.999995, 0.002699, 0.0, 0.0, 0.0, 0.0, 1.0],
                [1.0, 4e-06, -3e-06, -0.0, -4e-06, 0.503811, -0.863814, 0.37472, -2e-06, 0.863814, 0.503811, 0.0, 0.0, 0.0, 0.0, 1.0],
                [1.0, 4e-06, -1e-06, -0.0, -4e-06, 0.741697, -0.670734, 0.37472, -2e-06, 0.670734, 0.741698, -0.0, 0.0, 0.0, 0.0, 1.0],
                [1.0, 4e-06, -3e-06, -0.0, -5e-06, 0.548815, -0.835944, 0.37472, -2e-06, 0.835944, 0.548815, 0.0, 0.0, 0.0, 0.0, 1.0],
                [1.0, 4e-06, -3e-06, 0.0, -4e-06, 0.519376, -0.854546, 0.37472, -2e-06, 0.854546, 0.519376, -0.0, 0.0, 0.0, 0.0, 1.0],
                [0.999999, 1e-06, -4e-06, 0.0, -4e-06, 0.002638, -0.999996, 0.37472, -1e-06, 0.999996, 0.002638, -0.0, 0.0, 0.0, 0.0, 1.0]
            ]
        },
        {
            "name": "Thigh_L",
            "time": [0.0, 0.1, 0.1667, 0.2667, 0.3, 0.5, 0.7, 0.8, 1.0],
            "transform": [
                [0.96176, 0.270352, -0.043894, -0.125006, 0.273645, -0.955276, 0.112095, -0.00283, -0.011626, -0.11982, -0.992727, -1.2e-05, 0.0, 0.0, 0.0, 1.0],
                [0.939507, -0.342453, 0.007278, -0.125006, -0.318317, -0.880743, -0.350666, -0.00283, 0.126497, 0.327136, -0.936472, -1.2e-05, 0.0, 0.0, 0.0, 1.0],
                [0.834375, -0.531019, -0.147774, -0.125006, -0.503798, -0.62594, -0.595304, -0.00283, 0.22362, 0.571155, -0.789795, -1.2e-05, 0.0, 0.0, 0.0, 1.0],
                [0.948576, -0.082374, -0.305643, -0.125006, -0.113495, -0.989856, -0.085461, -0.002831, -0.295503, 0.115755, -0.948303, -1.2e-05, 0.0, 0.0, 0.0, 1.0],
                [0.925864, -0.375681, 0.040496, -0.125006, -0.376212, -0.906529, 0.191493, -0.002831, -0.03523, -0.192531, -0.980658, -1.2e-05, 0.0, 0.0, 0.0, 1.0],
                [0.952148, -0.305637, 0.000516, -0.125006, -0.303154, -0.944193, 0.128837, -0.00283, -0.038891, -0.122829, -0.991666, -1.2e-05, 0.0, 0.0, 0.0, 1.0],
                [0.901115, -0.404736, 0.155502, -0.125006, -0.433251, -0.854495, 0.286585, -0.002831, 0.016885, -0.325618, -0.945351, -1.2e-05, 0.0, 0.0, 0.0, 1.0],
                [0.901688, -0.399973, 0.164256, -0.125006, -0.432365, -0.837849, 0.33327, -0.002831, 0.004323, -0.371524, -0.928413, -1.2e-05, 0.0, 0.0, 0.0, 1.0],
                [0.99035, -0.136615, 0.023291, -0.125006, -0.138389, -0.983846, 0.113561, -0.002831, 0.007401, -0.115688, -0.993258, -1.2e-05, 0.0, 0.0, 0.0, 1.0]
            ]
        },
        {
            "name": "Leg_L",
            "time": [0.0, 0.1, 0.1667, 0.2667, 0.3, 0.5, 0.7, 0.8, 1.0],
            "transform": [
                [1.0, -1e-06, 1e-06, -0.0, -1e-06, 0.060964, 0.99814, 0.37472, -1e-06, -0.99814, 0.060964, -0.0, 0.0, 0.0, 0.0, 1.0],
                [1.0, 1e-06, 1e-06, 0.0, -1e-06, 0.999985, 0.005493, 0.37472, -1e-06, -0.005493, 0.999985, -0.0, 0.0, 0.0, 0.0, 1.0],
                [1.0, 1e-06, 1e-06, -0.0, -1e-06, 0.999986, 0.005252, 0.37472, -1e-06, -0.005252, 0.999986, 0.0, 0.0, 0.0, 0.0, 1.0],
                [1.0, -1e-06, 1e-06, -0.0, -1e-06, 0.102449, 0.994738, 0.37472, -1e-06, -0.994738, 0.102449, -0.0, 0.0, 0.0, 0.0, 1.0],
                [1.0, -0.0, 2e-06, -0.0, -1e-06, 0.483444, 0.875375, 0.37472, -1e-06, -0.875375, 0.483444, -0.0, 0.0, 0.0, 0.0, 1.0],
                [1.0, -1e-06, 1e-06, 0.0, -1e-06, 0.086637, 0.99624, 0.37472, -1e-06, -0.99624, 0.086637, 0.0, 0.0, 0.0, 0.0, 1.0],
                [1.0, -0.0, 2e-06, -0.0, -1e-06, 0.404609, 0.91449, 0.37472, -1e-06, -0.91449, 0.404609, -0.0, 0.0, 0.0, 0.0, 1.0],
                [1.0, -0.0, 1e-06, 0.0, -1e-06, 0.640696, 0.767795, 0.37472, -1e-06, -0.767795, 0.640696, -0.0, 0.0, 0.0, 0.0, 1.0],
                [1.0, 1e-06, 1e-06, -0.0, -1e-06, 0.966853, 0.255333, 0.37472, -1e-06, -0.255333, 0.966853, 0.0, 0.0, 0.0, 0.0, 1.0]
            ]
        },
        {
            "name": "Knee_L",
            "time": [0.0, 0.1, 0.1667, 0.2667, 0.3, 0.5, 0.7, 0.8, 1.0],
            "transform": [
                [1.0, 1e-06, -1e-06, 0.0, -1e-06, 0.685215, -0.728341, 0.37472, -0.0, 0.728341, 0.685215, -0.0, 0.0, 0.0, 0.0, 1.0],
                [0.999998, 2e-06, -2e-06, 0.0, -1e-06, 0.002748, -0.999996, 0.37472, -2e-06, 0.999994, 0.002747, 0.0, 0.0, 0.0, 0.0, 1.0],
                [0.999999, 2e-06, -2e-06, -0.0, -1e-06, 0.002626, -0.999996, 0.37472, -2e-06, 0.999995, 0.002626, 0.0, 0.0, 0.0, 0.0, 1.0],
                [1.0, 1e-06, -0.0, -0.0, -1e-06, 0.936143, -0.351621, 0.37472, -0.0, 0.351621, 0.936142, -0.0, 0.0, 0.0, 0.0, 1.0],
                [1.0, 1e-06, -1e-06, -0.0, -1e-06, 0.823202, -0.567748, 0.37472, -0.0, 0.567749, 0.823202, -0.0, 0.0, 0.0, 0.0, 1.0],
                [1.0, 1e-06, -0.0, 0.0, -1e-06, 0.923055, -0.384668, 0.37472, -0.0, 0.384668, 0.923055, 0.0, 0.0, 0.0, 0.0, 1.0],
                [1.0, 1e-06, -1e-06, 0.0, -1e-06, 0.743362, -0.66889, 0.37472, -0.0, 0.66889, 0.743362, 0.0, 0.0, 0.0, 0.0, 1.0],
                [1.0, 1e-06, -1e-06, -0.0, -1e-06, 0.573311, -0.819338, 0.37472, -0.0, 0.819338, 0.57331, -0.0, 0.0, 0.0, 0.0, 1.0],
                [1.0, 1e-06, -1e-06, -0.0, -1e-06, 0.128739, -0.991678, 0.37472, -0.0, 0.991679, 0.128739, -0.0, 0.0, 0.0, 0.0, 1.0]
            ]
        },
        {
            "name": "Torso",
            "time": [0.0, 0.1, 0.1667, 0.2667, 0.3, 0.5, 0.7, 0.8, 1.0],
            "transform": [
                [0.90159, 0.031358, -0.431453, 0.0, 0.042215, 0.986231, 0.159894, 0.05, 0.430526, -0.162372, 0.887853, 0.0, 0.0, 0.0, 0.0, 1.0],
                [0.984049, 0.00611, -0.177794, -0.0, 0.010586, 0.995628, 0.092808, 0.05, 0.177583, -0.09321, 0.979682, -0.0, 0.0, 0.0, 0.0, 1.0],
                [1.0, 0.0, -0.0, 0.0, -0.0, 0.999022, 0.044223, 0.05, 1e-06, -0.044223, 0.999022, 0.0, 0.0, 0.0, 0.0, 1.0],
                [0.997529, 0.070124, 0.004268, 0.0, -0.070124, 0.990156, 0.121138, 0.05, 0.004269, -0.121138, 0.992626, 0.0, 0.0, 0.0, 0.0, 1.0],
                [1.0, 0.0, -0.0, 0.0, -0.0, 0.996335, 0.085535, 0.05, 1e-06, -0.085535, 0.996335, -0.0, 0.0, 0.0, 0.0, 1.0],
                [1.0, 0.0, -0.0, 0.0, -0.0, 0.996335, 0.085535, 0.05, 1e-06, -0.085535, 0.996335, -0.0, 0.0, 0.0, 0.0, 1.0],
                [1.0, 0.0, -0.0, -0.0, -0.0, 0.999158, 0.041019, 0.05, 0.0, -0.041019, 0.999158, -0.0, 0.0, 0.0, 0.0, 1.0],
                [1.0, 0.0, -0.0, -0.0, -0.0, 0.999825, 0.01872, 0.05, 0.0, -0.01872, 0.999825, -0.0, 0.0, 0.0, 0.0, 1.0],
                [1.0, 0.0, -0.0, 0.0, -0.0, 0.999665, -0.025877, 0.05, 0.0, 0.025877, 0.999665, 0.0, 0.0, 0.0, 0.0, 1.0]
            ]
        },
        {
            "name": "Chest",
            "time": [0.0, 0.1, 0.1667, 0.2667, 0.3, 0.5, 0.7, 0.8, 1.0],
            "transform": [
                [0.933348, 0.046885, -0.355897, 0.0, 0.012433, 0.986617, 0.162582, 0.35, 0.358757, -0.15617, 0.920274, -0.0, 0.0, 0.0, 0.0, 1.0],
                [0.999074, 0.042997, -0.001521, 0.0, -0.042167, 0.971528, -0.233141, 0.35, -0.008547, 0.232989, 0.972442, -0.0, 0.0, 0.0, 0.0, 1.0],
                [0.964294, 0.045987, 0.260812, 0.0, -0.066529, 0.995292, 0.070485, 0.35, -0.256342, -0.08532, 0.962813, -0.0, 0.0, 0.0, 0.0, 1.0],
                [0.965926, -1e-06, 0.25882, -0.0, 0.002721, 0.999945, -0.010151, 0.35, -0.258806, 0.010509, 0.965872, -0.0, 0.0, 0.0, 0.0, 1.0],
                [1.0, -1e-06, 1e-06, -0.0, 1e-06, 1.0, 1e-06, 0.35, -1e-06, -1e-06, 1.0, 0.0, 0.0, 0.0, 0.0, 1.0],
                [1.0, -1e-06, 1e-06, 0.0, 1e-06, 1.0, 1e-06, 0.35, -1e-06, -1e-06, 1.0, -0.0, 0.0, 0.0, 0.0, 1.0],
                [1.0, -1e-06, 1e-06, 0.0, 1e-06, 1.0, 1e-06, 0.35, -1e-06, -1e-06, 1.0, 0.0, 0.0, 0.0, 0.0, 1.0],
                [1.0, -1e-06, 1e-06, -0.0, 1e-06, 1.0, 1e-06, 0.35, -1e-06, -1e-06, 1.0, 0.0, 0.0, 0.0, 0.0, 1.0],
                [1.0, -1e-06, 1e-06, 0.0, 1e-06, 1.0, 1e-06, 0.35, -1e-06, -1e-06, 1.0, -0.0, 0.0, 0.0, 0.0, 1.0]
            ]
        },
        {
            "name": "Head",
            "time": [0.0, 0.1, 0.1667, 0.2667, 0.3, 0.5, 0.7, 0.8, 1.0],
            "transform": [
                [0.992323, 0.051374, 0.112498, 0.0, -0.054693, 0.998149, 0.026615, 0.35, -0.110922, -0.032563, 0.993296, 0.0, 0.0, 0.0, 0.0, 1.0],
                [0.961935, 0.081619, -0.260804, -0.0, 0.073654, 0.841609, 0.535042, 0.350001, 0.263165, -0.533885, 0.803561, 0.0, 0.0, 0.0, 0.0, 1.0],
                [0.847365, 0.176453, -0.500836, 0.0, 0.007638, 0.939027, 0.343758, 0.35, 0.530955, -0.295114, 0.794351, 0.0, 0.0, 0.0, 0.0, 1.0],
                [0.858314, 0.155444, 0.489013, 0.0, 0.00728, 0.949226, -0.314511, 0.35, -0.513073, 0.273509, 0.813603, 0.0, 0.0, 0.0, 0.0, 1.0],
                [-0.156029, 0.108329, 0.981794, 0.0, 0.178291, 0.98073, -0.079877, 0.35, -0.971528, 0.162582, -0.172337, 0.0, 0.0, 0.0, 0.0, 1.0],
                [-0.337512, 0.071251, 0.938621, 0.0, 0.091745, 0.994874, -0.042532, 0.35, -0.93684, 0.071759, -0.342319, -0.0, 0.0, 0.0, 0.0, 1.0],
                [0.061241, 0.025198, 0.997805, -0.0, 0.082274, 0.996152, -0.030206, 0.35, -0.994726, 0.083943, 0.058932, 0.0, 0.0, 0.0, 0.0, 1.0],
                [0.282202, -0.02094, 0.959126, -0.0, 0.07364, 0.997285, 0.000106, 0.35, -0.956524, 0.0706, 0.282978, -0.0, 0.0, 0.0, 0.0, 1.0],
                [0.965926, -0.044367, 0.254988, -0.0, -0.006698, 0.980582, 0.195993, 0.35, -0.258732, -0.191023, 0.946873, 0.0, 0.0, 0.0, 0.0, 1.0]
            ]
        },
        {
            "name": "Shoulder_R",
            "time": [0.0, 0.1, 0.1667, 0.2667, 0.3, 0.5, 0.7, 0.8, 1.0],
            "transform": [
                [0.009314, 0.940653, 0.339244, 0.0, -0.002924, -0.339232, 0.940698, 0.35, 0.999953, -0.009754, -0.000409, 0.0, 0.0, 0.0, 0.0, 1.0],
                [0.286764, 0.93058, 0.227568, -0.0, -0.071776, -0.216007, 0.97375, 0.350001, 0.955309, -0.295571, 0.004851, 0.0, 0.0, 0.0, 0.0, 1.0],
                [0.463097, 0.87277, 0.154319, 0.0, -0.096269, -0.123552, 0.987658, 0.35, 0.881064, -0.472237, 0.026804, 0.0, 0.0, 0.0, 0.0, 1.0],
                [-0.482728, 0.855723, 0.186316, 0.0, 0.108933, -0.152423, 0.982294, 0.35, 0.86897, 0.494476, -0.019638, 0.0, 0.0, 0.0, 0.0, 1.0],
                [-0.090148, 0.967385, 0.236727, 0.0, 0.023044, -0.235605, 0.971576, 0.35, 0.995662, 0.093041, -0.001053, 0.0, 0.0, 0.0, 0.0, 1.0],
                [-0.090148, 0.967385, 0.236727, 0.0, 0.023044, -0.235605, 0.971576, 0.35, 0.995662, 0.093041, -0.001053, -0.0, 0.0, 0.0, 0.0, 1.0],
                [-0.078506, 0.966285, 0.245215, -0.0, 0.012613, -0.244992, 0.969443, 0.35, 0.996834, 0.0792, 0.007045, 0.0, 0.0, 0.0, 0.0, 1.0],
                [-0.072762, 0.96565, 0.249451, -0.0, 0.007398, -0.249585, 0.968324, 0.35, 0.997322, 0.072303, 0.011016, -0.0, 0.0, 0.0, 0.0, 1.0],
                [-0.061428, 0.964215, 0.257906, -0.0, -0.003025, -0.258573, 0.965987, 0.35, 0.998107, 0.058559, 0.018801, 0.0, 0.0, 0.0, 0.0, 1.0]
            ]
        },
        {
            "name": "Arm_R",
            "time": [0.0, 0.1, 0.1667, 0.2, 0.2667, 0.3, 0.5, 0.7, 0.8, 1.0],
            "transform": [
                [0.211644, -0.725643, 0.654713, 0.0, -0.345336, -0.6822, -0.644473, 0.388213, 0.914303, -0.089697, -0.394974, 0.0, 0.0, 0.0, 0.0, 1.0],
                [0.183725, -0.902785, 0.388876, -0.0, -0.28813, -0.427693, -0.856773, 0.388213, 0.939801, 0.045364, -0.338697, 0.0, 0.0, 0.0, 0.0, 1.0],
                [0.176754, -0.966713, 0.184998, 0.0, -0.245005, -0.225255, -0.942991, 0.388213, 0.953274, 0.121352, -0.276664, -0.0, 0.0, 0.0, 0.0, 1.0],
                [0.218604, -0.927557, -0.303067, -0.0, -0.231043, 0.252548, -0.939594, 0.388213, 0.948067, 0.275421, -0.159097, -0.0, 0.0, 0.0, 0.0, 1.0],
                [0.425366, 0.358738, -0.830885, -0.0, 0.16678, 0.871288, 0.461564, 0.388213, 0.889522, -0.334909, 0.310786, 0.0, 0.0, 0.0, 0.0, 1.0],
                [0.381203, 0.252002, -0.889482, -0.0, -0.219135, 0.959343, 0.177881, 0.388213, 0.898145, 0.127108, 0.420927, -0.0, 0.0, 0.0, 0.0, 1.0],
                [0.381203, 0.541026, -0.74965, -0.0, -0.219135, 0.840648, 0.495268, 0.388213, 0.898145, -0.024523, 0.439015, 0.0, 0.0, 0.0, 0.0, 1.0],
                [0.213929, 0.512388, -0.831681, -0.0, -0.20372, 0.856073, 0.475013, 0.388213, 0.95537, 0.067811, 0.287522, -0.0, 0.0, 0.0, 0.0, 1.0],
                [0.1232, 0.490623, -0.862618, 0.0, -0.19751, 0.863973, 0.463185, 0.388213, 0.972528, 0.113311, 0.203344, 0.0, 0.0, 0.0, 0.0, 1.0],
                [0.342525, 0.238234, -0.908802, 0.0, 0.760879, 0.497097, 0.417083, 0.388213, 0.551126, -0.834349, -0.010999, 0.0, 0.0, 0.0, 0.0, 1.0]
            ]
        },
        {
            "name": "Hand_R",
            "time": [0.0, 0.1, 0.1667, 0.2667, 0.3, 0.5, 0.7, 0.8, 1.0],
            "transform": [
                [1.0, 0.0, 0.0, -0.0, -0.0, 0.895667, -0.444725, 0.329779, -0.0, 0.444725, 0.895667, 0.0, 0.0, 0.0, 0.0, 1.0],
                [1.0, 0.0, 0.0, -0.0, -0.0, 0.895372, -0.44532, 0.329779, -0.0, 0.44532, 0.895371, 0.0, 0.0, 0.0, 0.0, 1.0],
                [1.0, 0.0, -0.0, -0.0, -0.0, 0.895174, -0.445716, 0.329779, -0.0, 0.445716, 0.895174, 0.0, 0.0, 0.0, 0.0, 1.0],
                [1.0, 0.0, 0.0, -0.0, -0.0, 0.99942, -0.034032, 0.329779, -0.0, 0.034032, 0.999421, -0.0, 0.0, 0.0, 0.0, 1.0],
                [1.0, 0.0, 0.0, -0.0, -0.0, 0.943504, -0.331361, 0.329779, -0.0, 0.331361, 0.943504, -0.0, 0.0, 0.0, 0.0, 1.0],
                [1.0, 0.0, -0.0, 0.0, -0.0, 0.773272, -0.634075, 0.329779, -0.0, 0.634075, 0.773272, -0.0, 0.0, 0.0, 0.0, 1.0],
                [1.0, 0.0, 0.0, -0.0, -0.0, 0.974178, -0.225779, 0.329779, -0.0, 0.225779, 0.974178, -0.0, 0.0, 0.0, 0.0, 1.0],
                [1.0, 0.0, 0.0, -0.0, -0.0, 1.0, -0.0, 0.329779, -0.0, 0.0, 1.0, 0.0, 0.0, 0.0, 0.0, 1.0],
                [0.999313, -0.036095, -0.008341, -0.0, 0.033996, 0.982953, -0.180685, 0.329779, 0.01472, 0.180277, 0.983506, -0.0, 0.0, 0.0, 0.0, 1.0]
            ]
        },
        {
            "name": "Tool_R",
            "time": [0.0, 0.1, 0.1667, 0.2, 0.2667, 0.3, 0.5, 0.7, 0.8, 1.0],
            "transform": [
                [1.0, -0.0, 0.0, -0.02, -0.0, -0.686673, -0.726966, 0.291425, 0.0, 0.726966, -0.686673, -0.0, 0.0, 0.0, 0.0, 1.0],
                [1.0, -0.0, 0.0, -0.02, -0.0, -0.750288, -0.661111, 0.291425, 0.0, 0.661111, -0.750288, 0.0, 0.0, 0.0, 0.0, 1.0],
                [1.0, -0.0, 0.0, -0.02, 0.0, -0.789227, -0.614101, 0.291425, 0.0, 0.614102, -0.789227, -0.0, 0.0, 0.0, 0.0, 1.0],
                [1.0, -0.0, 0.0, -0.02, -0.0, -0.766044, -0.642788, 0.291425, 0.0, 0.642787, -0.766044, 0.0, 0.0, 0.0, 0.0, 1.0],
                [1.0, -0.0, 0.0, -0.02, -0.0, -0.707107, -0.707107, 0.291425, 0.0, 0.707107, -0.707107, -0.0, 0.0, 0.0, 0.0, 1.0],
                [1.0, -0.0, 0.0, -0.02, -0.0, -0.866025, -0.5, 0.291425, 0.0, 0.5, -0.866025, 0.0, 0.0, 0.0, 0.0, 1.0],
                [1.0, -0.0, 0.0, -0.02, 0.0, -0.965926, -0.258819, 0.291425, 0.0, 0.258819, -0.965926, 0.0, 0.0, 0.0, 0.0, 1.0],
                [1.0, -0.0, 0.0, -0.02, -0.0, -0.924993, -0.379985, 0.291425, 0.0, 0.379985, -0.924993, 0.0, 0.0, 0.0, 0.0, 1.0],
                [1.0, -0.0, 0.0, -0.02, 0.0, -0.898789, -0.438381, 0.291426, 0.0, 0.438381, -0.89879, -0.0, 0.0, 0.0, 0.0, 1.0],
                [1.0, -0.0, 0.0, -0.02, 0.0, -0.766044, -0.642788, 0.291425, 0.0, 0.642788, -0.766044, -0.0, 0.0, 0.0, 0.0, 1.0]
            ]
        },
        {
            "name": "Elbow_R",
            "time": [0.0, 0.1, 0.1667, 0.2667, 0.3, 0.5, 0.7, 0.8, 1.0],
            "transform": [
                [-1.0, 0.0, -0.0, -0.0, 1e-06, 0.2284, -0.973568, 0.329779, -0.0, -0.973567, -0.2284, 0.0, 0.0, 0.0, 0.0, 1.0],
                [-1.0, 0.0, -1e-06, -0.0, 0.0, 0.228723, -0.973492, 0.329779, -0.0, -0.973491, -0.228723, 0.0, 0.0, 0.0, 0.0, 1.0],
                [-1.0, 0.0, -0.0, -0.0, 0.0, 0.228938, -0.97344, 0.329779, 0.0, -0.973441, -0.228939, 0.0, 0.0, 0.0, 0.0, 1.0],
                [-1.0, 0.0, -1e-06, -0.0, 1e-06, 0.017019, -0.999855, 0.329779, -0.0, -0.999855, -0.017019, 0.0, 0.0, 0.0, 0.0, 1.0],
                [-1.0, 0.0, -1e-06, -0.0, 1e-06, 0.248272, -0.968691, 0.329779, -0.0, -0.96869, -0.248272, -0.0, 0.0, 0.0, 0.0, 1.0],
                [-1.0, 0.0, -1e-06, 0.0, 1e-06, 0.412711, -0.910862, 0.329779, -0.0, -0.910862, -0.412711, 0.0, 0.0, 0.0, 0.0, 1.0],
                [-1.0, 0.0, -0.0, -0.0, 0.0, 0.162328, -0.986737, 0.32978, -0.0, -0.986737, -0.162328, 0.0, 0.0, 0.0, 0.0, 1.0],
                [-1.0, 0.0, -0.0, -0.0, 0.0, 0.03276, -0.999463, 0.329779, -0.0, -0.999463, -0.032759, 0.0, 0.0, 0.0, 0.0, 1.0],
                [-1.0, -0.0, -1e-06, -0.0, 1e-06, 0.09052, -0.995895, 0.329779, -0.0, -0.995895, -0.09052, -0.0, 0.0, 0.0, 0.0, 1.0]
            ]
        },
        {
            "name": "Shoulder_L",
            "time": [0.0, 0.1, 0.1667, 0.2, 0.2667, 0.3, 0.5, 0.7, 0.8, 1.0],
            "transform": [
                [-0.106052, -0.986154, 0.127488, 0.0, -0.007047, 0.128953, 0.991626, 0.35, -0.994336, 0.104265, -0.020626, 0.0, 0.0, 0.0, 0.0, 1.0],
                [-0.104598, -0.960703, -0.257117, -0.0, -0.007199, -0.257797, 0.966172, 0.350001, -0.994489, 0.102911, 0.020049, 0.0, 0.0, 0.0, 0.0, 1.0],
                [-0.103648, -0.901767, -0.41961, 0.0, -0.006983, -0.421212, 0.906935, 0.35, -0.99459, 0.096932, 0.03736, 0.0, 0.0, 0.0, 0.0, 1.0],
                [-0.206684, -0.966462, 0.152423, 0.0, 0.177722, 0.116111, 0.977207, 0.35, -0.962131, 0.229062, 0.147764, 0.0, 0.0, 0.0, 0.0, 1.0],
                [0.473962, -0.871585, -0.125298, 0.0, 0.090755, -0.093185, 0.991504, 0.35, -0.875856, -0.481306, 0.034935, 0.0, 0.0, 0.0, 0.0, 1.0],
                [0.277014, -0.952931, -0.123228, 0.0, 0.078151, -0.105477, 0.991346, 0.35, -0.957683, -0.284247, 0.045254, 0.0, 0.0, 0.0, 0.0, 1.0],
                [0.277014, -0.952932, -0.123228, 0.0, 0.078151, -0.105477, 0.991346, 0.35, -0.957683, -0.284247, 0.045254, -0.0, 0.0, 0.0, 0.0, 1.0],
                [0.305518, -0.93556, -0.177161, -0.0, 0.085925, -0.15821, 0.98366, 0.35, -0.948301, -0.315749, 0.032052, 0.0, 0.0, 0.0, 0.0, 1.0],
                [0.319473, -0.925428, -0.203764, -0.0, 0.090403, -0.184286, 0.978706, 0.35, -0.943273, -0.331091, 0.024787, -0.0, 0.0, 0.0, 0.0, 1.0],
                [-0.068479, -0.963784, -0.257743, -0.0, 0.00337, -0.258572, 0.965986, 0.35, -0.997647, 0.065281, 0.020955, 0.0, 0.0, 0.0, 0.0, 1.0]
            ]
        },
        {
            "name": "Arm_L",
            "time": [0.0, 0.1, 0.1667, 0.2, 0.2333, 0.2667, 0.3, 0.5, 0.7, 0.8, 1.0],
            "transform": [
                [-0.075381, 0.749675, -0.6575, 0.0, 0.046781, 0.661308, 0.748654, 0.388212, 0.996057, 0.025676, -0.08492, -0.0, 0.0, 0.0, 0.0, 1.0],
                [0.049679, 0.515038, -0.855727, 0.0, 0.067822, 0.853067, 0.517375, 0.388212, 0.99646, -0.08374, 0.007449, 0.0, 0.0, 0.0, 0.0, 1.0],
                [0.126403, 0.32445, -0.937419, 0.0, 0.101977, 0.935742, 0.337621, 0.388212, 0.986723, -0.138271, 0.085194, -0.0, 0.0, 0.0, 0.0, 1.0],
                [-0.191373, -0.003776, -0.98151, 0.0, 0.007075, 0.999961, -0.005226, 0.388212, 0.981492, -0.007944, -0.191339, -0.0, 0.0, 0.0, 0.0, 1.0],
                [0.144415, -0.052621, -0.988117, 0.0, 0.029309, 0.998374, -0.048884, 0.388212, 0.989083, -0.021901, 0.145722, 0.0, 0.0, 0.0, 0.0, 1.0],
                [0.354479, 0.889323, 0.288875, -0.0, -0.221078, -0.220467, 0.95001, 0.388212, 0.908553, -0.400623, 0.118459, 0.0, 0.0, 0.0, 0.0, 1.0],
                [0.287455, 0.895836, -0.338892, 0.0, -0.125147, 0.385922, 0.914003, 0.388212, 0.949584, -0.220324, 0.223046, 0.0, 0.0, 0.0, 0.0, 1.0],
                [0.278039, 0.953023, -0.120175, 0.0, -0.039018, 0.13621, 0.989911, 0.388212, 0.959778, -0.270545, 0.075057, -0.0, 0.0, 0.0, 0.0, 1.0],
                [0.498154, 0.867076, -0.004774, 0.0, -0.005433, 0.008628, 0.999948, 0.388212, 0.867072, -0.498102, 0.009009, 0.0, 0.0, 0.0, 0.0, 1.0],
                [0.614495, 0.787075, 0.053934, -0.0, -0.000334, -0.068105, 0.997678, 0.388212, 0.788921, -0.613086, -0.041588, 0.0, 0.0, 0.0, 0.0, 1.0],
                [0.128836, 0.017927, 0.991504, -0.0, -0.848937, 0.518767, 0.100931, 0.388212, -0.51255, -0.854728, 0.082055, 0.0, 0.0, 0.0, 0.0, 1.0]
            ]
        },
        {
            "name": "Hand_L",
            "time": [0.0, 0.1, 0.1667, 0.2, 0.2667, 0.3, 0.5, 0.7, 0.8, 1.0],
            "transform": [
                [1.0, 0.0, 0.0, -0.0, -0.0, 0.999784, -0.020797, 0.329779, -0.0, 0.020797, 0.999783, 0.0, 0.0, 0.0, 0.0, 1.0],
                [1.0, 0.0, 0.0, -0.0, -0.0, 0.999965, -0.008319, 0.329779, -0.0, 0.008319, 0.999965, -0.0, 0.0, 0.0, 0.0, 1.0],
                [1.0, 0.0, 0.0, 0.0, -0.0, 1.0, 1e-06, 0.329779, -1e-06, -1e-06, 1.0, 0.0, 0.0, 0.0, 0.0, 1.0],
                [1.0, 0.0, 1e-06, -0.0, -0.0, 0.999991, -0.004307, 0.329779, -1e-06, 0.004307, 0.999991, -0.0, 0.0, 0.0, 0.0, 1.0],
                [1.0, 0.0, 1e-06, 0.0, -0.0, 1.0, 0.0, 0.329779, -0.0, -0.0, 1.0, 0.0, 0.0, 0.0, 0.0, 1.0],
                [1.0, 0.0, 0.0, -0.0, -0.0, 1.0, 1e-06, 0.329779, -1e-06, -1e-06, 1.0, 0.0, 0.0, 0.0, 0.0, 1.0],
                [0.999999, 0.0, 1e-06, 0.0, -0.0, 1.0, 1e-06, 0.329779, -0.0, -0.0, 1.0, 0.0, 0.0, 0.0, 0.0, 1.0],
                [0.999825, 0.015453, 0.010563, 0.0, -0.014814, 0.998203, -0.058063, 0.329779, -0.011442, 0.057896, 0.998257, 0.0, 0.0, 0.0, 0.0, 1.0],
                [0.999606, 0.023405, 0.015506, -0.0, -0.021969, 0.995957, -0.087106, 0.329779, -0.017482, 0.086731, 0.996078, 0.0, 0.0, 0.0, 0.0, 1.0],
                [0.998907, 0.039707, 0.024679, 0.0, -0.035722, 0.988785, -0.145015, 0.329779, -0.03016, 0.143974, 0.989122, 0.0, 0.0, 0.0, 0.0, 1.0]
            ]
        },
        {
            "name": "Tool_L",
            "time": [0.0, 0.1, 0.1667, 0.2, 0.2667, 0.3, 0.5, 0.7, 0.8, 1.0],
            "transform": [
                [1.0, -0.0, 0.0, 0.02, -0.0, -1.0, 0.0, 0.291426, 0.0, 0.0, -1.0, -0.0, 0.0, 0.0, 0.0, 1.0],
                [1.0, -0.0, 0.0, 0.02, -0.0, -0.933416, -0.358797, 0.291426, 0.0, 0.358797, -0.933416, -0.0, 0.0, 0.0, 0.0, 1.0],
                [1.0, -0.0, 0.0, 0.02, 0.0, -0.819152, -0.573577, 0.291426, 0.0, 0.573576, -0.819152, -0.0, 0.0, 0.0, 0.0, 1.0],
                [1.0, 0.0, 0.0, 0.02, -0.0, -1.0, 0.0, 0.291426, 0.0, 0.0, -1.0, -0.0, 0.0, 0.0, 0.0, 1.0],
                [1.0, -0.0, 0.0, 0.02, 0.0, -1.0, -0.0, 0.291426, 0.0, 0.0, -1.0, 0.0, 0.0, 0.0, 0.0, 1.0],
                [1.0, -0.0, 0.0, 0.02, 0.0, -0.866047, -0.499962, 0.291426, 1e-06, 0.499962, -0.866047, -0.0, 0.0, 0.0, 0.0, 1.0],
                [1.0, -0.0, 0.0, 0.02, 0.0, -0.965937, -0.258777, 0.291426, 0.0, 0.258777, -0.965937, -0.0, 0.0, 0.0, 0.0, 1.0],
                [1.0, -0.0, 0.0, 0.02, 0.0, -0.863208, -0.504848, 0.291426, 0.0, 0.504848, -0.863208, 0.0, 0.0, 0.0, 0.0, 1.0],
                [1.0, -0.0, 0.0, 0.02, -0.0, -0.788074, -0.61558, 0.291426, 0.0, 0.615581, -0.788074, -0.0, 0.0, 0.0, 0.0, 1.0],
                [1.0, -0.0, 0.0, 0.02, -0.0, -0.984808, -0.173648, 0.291426, 0.0, 0.173648, -0.984808, 0.0, 0.0, 0.0, 0.0, 1.0]
            ]
        },
        {
            "name": "Elbow_L",
            "time": [0.0, 0.1, 0.1667, 0.2667, 0.3, 0.5, 0.7, 0.8, 1.0],
            "transform": [
                [-0.999981, -2e-06, 2.5e-05, -0.0, -1.6e-05, 0.010378, -0.999926, 0.329779, 2e-05, -0.999937, -0.010395, 0.0, 0.0, 0.0, 0.0, 1.0],
                [-0.999995, -2e-06, 3e-06, -0.0, -2e-06, 0.004156, -0.999988, 0.329779, 4e-06, -0.999989, -0.004161, -0.0, 0.0, 0.0, 0.0, 1.0],
                [-1.0, 0.0, -1e-06, 0.0, 0.0, -0.0, -1.0, 0.329779, 0.0, -0.999999, 0.0, 0.0, 0.0, 0.0, 0.0, 1.0],
                [-1.0, -0.0, -0.0, 0.0, 0.0, -0.0, -1.0, 0.329779, 0.0, -0.999999, 1e-06, 0.0, 0.0, 0.0, 0.0, 1.0],
                [-1.0, -0.0, -0.0, -0.0, 0.0, 0.08193, -0.996638, 0.329779, 0.0, -0.996637, -0.081931, 0.0, 0.0, 0.0, 0.0, 1.0],
                [-1.0, -0.0, -0.0, 0.0, 1e-06, 0.081931, -0.996638, 0.329779, 0.0, -0.996638, -0.081931, 0.0, 0.0, 0.0, 0.0, 1.0],
                [-0.999999, -0.0, -0.0, 0.0, 1e-06, 0.078065, -0.996948, 0.329779, 0.0, -0.996947, -0.078065, 0.0, 0.0, 0.0, 0.0, 1.0],
                [-0.999955, 6e-06, 2.1e-05, -0.0, 2.3e-05, 0.076108, -0.997086, 0.329779, 3e-06, -0.997044, -0.076125, -0.0, 0.0, 0.0, 0.0, 1.0],
                [-1.0, -0.0, -0.0, 0.0, 0.0, 0.072208, -0.997389, 0.329779, 0.0, -0.997389, -0.072208, 0.0, 0.0, 0.0, 0.0, 1.0]
            ]
        }
    ]
}