{
    "animation": [
        {
            "name": "Root",
            "time": [0.0, 0.15, 0.25, 0.4, 0.5, 0.6, 0.8],
            "transform": [
                [1.0, -0.0, 0.0, -5e-06, 0.0, 0.087156, -0.996195, 0.000947, 0.0, 0.996195, 0.087156, 0.522465, 0.0, 0.0, 0.0, 1.0],
                [0.866025, 0.0, -0.5, -5e-06, -0.483065, -0.258054, -0.836694, -0.433289, -0.129027, 0.966131, -0.223481, 1.048213, 0.0, 0.0, 0.0, 1.0],
                [0.917987, 0.00058, -0.39661, -5e-06, -0.383327, -0.255342, -0.887616, -0.433289, -0.101786, 0.966851, -0.234178, 0.939603, 0.0, 0.0, 0.0, 1.0],
                [1.0, -0.0, 0.0, -5e-06, 0.0, -0.245648, -0.969359, -0.433289, 0.0, 0.969359, -0.245648, 0.559466, 0.0, 0.0, 0.0, 1.0],
                [1.0, -0.0, 0.0, -5e-06, 0.0, -0.073589, -0.997289, -0.433289, 0.0, 0.997289, -0.073589, 0.459466, 0.0, 0.0, 0.0, 1.0],
                [0.996198, -0.002145, -0.087087, -5e-06, -0.086137, 0.125053, -0.988404, -0.433289, 0.01301, 0.992148, 0.124393, 0.549339, 0.0, 0.0, 0.0, 1.0],
                [0.965926, -0.0, -0.258819, -5e-06, -0.258819, 0.0, -0.965926, -0.433289, 0.0, 1.0, -0.0, 0.729084, 0.0, 0.0, 0.0, 1.0]
            ]
        },
        {
            "name": "Thigh_R",
            "time": [0.0, 0.15, 0.25, 0.4, 0.5, 0.8],
            "transform": [
                [0.926912, 0.345957, -0.145423, 0.124994, 0.375237, -0.860164, 0.34542, -0.00283, -0.005588, -0.374742, -0.927113, -1.2e-05, 0.0, 0.0, 0.0, 1.0],
                [0.919568, 0.349377, -0.179806, 0.124994, 0.389721, -0.869337, 0.303927, -0.002831, -0.050127, -0.349555, -0.935574, -1.2e-05, 0.0, 0.0, 0.0, 1.0],
                [0.911476, 0.379482, -0.158758, 0.124994, 0.410159, -0.867797, 0.280532, -0.002831, -0.031312, -0.320814, -0.946624, -1.2e-05, 0.0, 0.0, 0.0, 1.0],
                [0.988956, 0.130415, -0.070414, 0.124994, 0.14252, -0.706441, 0.693274, -0.002831, 0.04067, -0.695653, -0.717226, -1.2e-05, 0.0, 0.0, 0.0, 1.0],
                [0.984396, 0.094159, -0.148659, 0.124994, 0.172544, -0.350609, 0.92049, -0.002831, 0.034551, -0.931776, -0.361385, -1.2e-05, 0.0, 0.0, 0.0, 1.0],
                [0.971485, 0.185944, 0.14711, 0.124994, 0.174291, -0.9807, 0.088604, -0.002831, 0.160746, -0.060438, -0.985143, -1.2e-05, 0.0, 0.0, 0.0, 1.0]
            ]
        },
        {
            "name": "Leg_R",
            "time": [0.0, 0.15, 0.25, 0.4, 0.5, 0.8],
            "transform": [
                [1.0, -1e-06, 5e-06, -0.0, -4e-06, 0.273836, 0.961776, 0.37472, -2e-06, -0.961776, 0.273836, -0.0, 0.0, 0.0, 0.0, 1.0],
                [1.0, 4e-06, 2e-06, 0.0, -4e-06, 0.999988, 0.00499, 0.37472, -2e-06, -0.00499, 0.999988, 0.0, 0.0, 0.0, 0.0, 1.0],
                [1.0, 4e-06, 2e-06, 0.0, -4e-06, 0.999989, 0.004753, 0.37472, -2e-06, -0.004752, 0.999989, -0.0, 0.0, 0.0, 0.0, 1.0],
                [1.0, -1e-06, 5e-06, 0.0, -4e-06, 0.333643, 0.9427, 0.37472, -2e-06, -0.9427, 0.333643, -0.0, 0.0, 0.0, 0.0, 1.0],
                [1.0, -3e-06, 4e-06, -0.0, -4e-06, -0.026402, 0.999652, 0.37472, -3e-06, -0.999652, -0.026402, -0.0, 0.0, 0.0, 0.0, 1.0],
                [1.0, 3e-06, 4e-06, 0.0, -4e-06, 0.946337, 0.323181, 0.37472, -3e-06, -0.323181, 0.946337, 0.0, 0.0, 0.0, 0.0, 1.0]
            ]
        },
        {
            "name": "Knee_R",
            "time": [0.0, 0.15, 0.25, 0.4, 0.5, 0.8],
            "transform": [
                [1.0, 4e-06, -1e-06, -0.0, -4e-06, 0.884671, -0.466217, 0.37472, -2e-06, 0.466217, 0.884671, 0.0, 0.0, 0.0, 0.0, 1.0],
                [1.0, 3e-06, -4e-06, 0.0, -4e-06, 0.181409, -0.983408, 0.37472, -2e-06, 0.983407, 0.181409, 0.0, 0.0, 0.0, 0.0, 1.0],
                [1.0, 2e-06, -4e-06, 0.0, -4e-06, 0.181292, -0.983429, 0.37472, -2e-06, 0.983429, 0.181292, -0.0, 0.0, 0.0, 0.0, 1.0],
                [1.0, 4e-06, -2e-06, 0.0, -4e-06, 0.714032, -0.700113, 0.37472, -2e-06, 0.700113, 0.714032, -0.0, 0.0, 0.0, 0.0, 1.0],
                [1.0, 4e-06, -1e-06, -0.0, -4e-06, 0.829675, -0.558247, 0.37472, -2e-06, 0.558247, 0.829675, -0.0, 0.0, 0.0, 0.0, 1.0],
                [1.0, 3e-06, -4e-06, 0.0, -4e-06, 0.163805, -0.986493, 0.37472, -2e-06, 0.986493, 0.163805, -0.0, 0.0, 0.0, 0.0, 1.0]
            ]
        },
        {
            "name": "Thigh_L",
            "time": [0.0, 0.15, 0.25, 0.4, 0.5, 0.8],
            "transform": [
                [0.962365, -0.228637, 0.1469, -0.125006, -0.219534, -0.335437, 0.916126, -0.00283, -0.160184, -0.913897, -0.373007, -1.2e-05, 0.0, 0.0, 0.0, 1.0],
                [0.887601, -0.460481, 0.011026, -0.125006, -0.432894, -0.842126, -0.3216, -0.002831, 0.157376, 0.28068, -0.946811, -1.2e-05, 0.0, 0.0, 0.0, 1.0],
                [0.906367, -0.416691, -0.069764, -0.125006, -0.4051, -0.810244, -0.423554, -0.002831, 0.119966, 0.412157, -0.90318, -1.2e-05, 0.0, 0.0, 0.0, 1.0],
                [0.972124, -0.215577, -0.092203, -0.125006, -0.206701, -0.973584, 0.097001, -0.002831, -0.110679, -0.075239, -0.991004, -1.2e-05, 0.0, 0.0, 0.0, 1.0],
                [0.972288, -0.232302, -0.026324, -0.125006, -0.205938, -0.904315, 0.373904, -0.002831, -0.110663, -0.358121, -0.927094, -1.2e-05, 0.0, 0.0, 0.0, 1.0],
                [0.988425, -0.146592, 0.039078, -0.125006, -0.151626, -0.963188, 0.221988, -0.002831, 0.005097, -0.225344, -0.974266, -1.2e-05, 0.0, 0.0, 0.0, 1.0]
            ]
        },
        {
            "name": "Leg_L",
            "time": [0.0, 0.15, 0.25, 0.4, 0.5, 0.8],
            "transform": [
                [1.0, -1e-06, 2e-06, -0.0, -1e-06, 0.410558, 0.911834, 0.37472, -1e-06, -0.911834, 0.410558, -0.0, 0.0, 0.0, 0.0, 1.0],
                [1.0, 1e-06, 1e-06, 0.0, -1e-06, 0.999988, 0.004892, 0.37472, -1e-06, -0.004892, 0.999988, -0.0, 0.0, 0.0, 0.0, 1.0],
                [1.0, 1e-06, 1e-06, 0.0, -1e-06, 0.999988, 0.004875, 0.37472, -1e-06, -0.004875, 0.999989, -0.0, 0.0, 0.0, 0.0, 1.0],
                [1.0, -1e-06, 1e-06, -0.0, -1e-06, 0.252331, 0.967641, 0.37472, -1e-06, -0.967641, 0.252331, -0.0, 0.0, 0.0, 0.0, 1.0],
                [1.0, -1e-06, 1e-06, 0.0, -1e-06, -0.109209, 0.994019, 0.37472, -1e-06, -0.994019, -0.109209, 0.0, 0.0, 0.0, 0.0, 1.0],
                [1.0, 1e-06, 1e-06, 0.0, -1e-06, 0.922452, 0.386112, 0.37472, -1e-06, -0.386112, 0.922452, -0.0, 0.0, 0.0, 0.0, 1.0]
            ]
        },
        {
            "name": "Knee_L",
            "time": [0.0, 0.15, 0.25, 0.4, 0.5, 0.8],
            "transform": [
                [1.0, 1e-06, -1e-06, -0.0, -1e-06, 0.542883, -0.839808, 0.37472, -0.0, 0.839808, 0.542883, -0.0, 0.0, 0.0, 0.0, 1.0],
                [1.0, 1e-06, -1e-06, 0.0, -1e-06, 0.129416, -0.99159, 0.37472, -0.0, 0.99159, 0.129416, 0.0, 0.0, 0.0, 0.0, 1.0],
                [1.0, 1e-06, -1e-06, -0.0, -1e-06, 0.129408, -0.991591, 0.37472, -0.0, 0.991591, 0.129408, -0.0, 0.0, 0.0, 0.0, 1.0],
                [1.0, 1e-06, -1e-06, -0.0, -1e-06, 0.706958, -0.707255, 0.37472, -0.0, 0.707256, 0.706958, -0.0, 0.0, 0.0, 0.0, 1.0],
                [1.0, 1e-06, -1e-06, 0.0, -1e-06, 0.823439, -0.567405, 0.37472, -0.0, 0.567405, 0.823439, 0.0, 0.0, 0.0, 0.0, 1.0],
                [1.0, 1e-06, -1e-06, -0.0, -1e-06, 0.196913, -0.980421, 0.37472, -0.0, 0.980421, 0.196913, 0.0, 0.0, 0.0, 0.0, 1.0]
            ]
        },
        {
            "name": "Torso",
            "time": [0.0, 0.1, 0.15, 0.25, 0.4, 0.5, 0.8],
            "transform": [
                [1.0, 0.0, -0.0, 0.0, -0.0, 0.866026, 0.5, 0.05, 0.0, -0.5, 0.866026, -0.0, 0.0, 0.0, 0.0, 1.0],
                [0.998975, 0.045269, 0.000194, -0.0, -0.044595, 0.984816, -0.167778, 0.05, -0.007786, 0.167597, 0.985825, 0.0, 0.0, 0.0, 0.0, 1.0],
                [1.0, 0.0, -0.0, 0.0, -0.0, 0.999063, -0.043271, 0.05, 0.0, 0.043271, 0.999063, -0.0, 0.0, 0.0, 0.0, 1.0],
                [1.0, 0.0, -0.0, -0.0, -0.0, 1.0, 0.00033, 0.05, 0.0, -0.00033, 1.0, 0.0, 0.0, 0.0, 0.0, 1.0],
                [1.0, 0.0, -0.0, 0.0, -0.0, 0.988301, 0.152517, 0.05, 0.0, -0.152517, 0.988301, -0.0, 0.0, 0.0, 0.0, 1.0],
                [1.0, 0.0, -0.0, 0.0, -0.0, 0.946802, 0.321817, 0.05, 1e-06, -0.321817, 0.946802, -0.0, 0.0, 0.0, 0.0, 1.0],
                [1.0, 0.0, -0.0, -0.0, -0.0, 0.999665, -0.025877, 0.05, 0.0, 0.025877, 0.999665, 0.0, 0.0, 0.0, 0.0, 1.0]
            ]
        },
        {
            "name": "Chest",
            "time": [0.0, 0.1, 0.15, 0.25, 0.4, 0.5, 0.8],
            "transform": [
                [1.0, -1e-06, 1e-06, 0.0, 1e-06, 0.965926, 0.25882, 0.35, -1e-06, -0.25882, 0.965926, -0.0, 0.0, 0.0, 0.0, 1.0],
                [0.993678, -0.102174, -0.046535, 0.0, 0.111433, 0.846968, 0.519835, 0.35, -0.0137, -0.521734, 0.852999, -0.0, 0.0, 0.0, 0.0, 1.0],
                [1.0, -1e-06, 1e-06, 0.0, 1e-06, 0.999982, -0.005992, 0.35, -1e-06, 0.005992, 0.999982, -0.0, 0.0, 0.0, 0.0, 1.0],
                [1.0, -1e-06, 1e-06, 0.0, 1e-06, 0.999151, 0.04121, 0.35, -1e-06, -0.04121, 0.999151, -0.0, 0.0, 0.0, 0.0, 1.0],
                [1.0, -1e-06, 0.0, 0.0, 1e-06, 0.978725, 0.205178, 0.35, -0.0, -0.205178, 0.978725, -0.0, 0.0, 0.0, 0.0, 1.0],
                [1.0, -1e-06, 0.0, 0.0, 1e-06, 0.978725, 0.205178, 0.35, -0.0, -0.205178, 0.978725, 0.0, 0.0, 0.0, 0.0, 1.0],
                [1.0, -1e-06, 1e-06, -0.0, 1e-06, 1.0, 1e-06, 0.35, -1e-06, -1e-06, 1.0, -0.0, 0.0, 0.0, 0.0, 1.0]
            ]
        },
        {
            "name": "Head",
            "time": [0.0, 0.15, 0.25, 0.4, 0.5, 0.8],
            "transform": [
                [1.0, 1e-06, -1e-06, -0.0, -1e-06, 0.794416, -0.607374, 0.35, 0.0, 0.607374, 0.794416, -0.0, 0.0, 0.0, 0.0, 1.0],
                [0.866026, -0.187948, 0.463331, 0.0, -0.024629, 0.909501, 0.41497, 0.35, -0.499392, -0.370786, 0.783023, -0.0, 0.0, 0.0, 0.0, 1.0],
                [0.917987, -0.147868, 0.368014, 0.0, 0.017054, 0.941758, 0.335859, 0.35, -0.396243, -0.302038, 0.867043, -0.0, 0.0, 0.0, 0.0, 1.0],
                [1.0, 1e-06, 0.0, 0.0, -1e-06, 0.99999, 0.004495, 0.35, -0.0, -0.004495, 0.99999, -0.0, 0.0, 0.0, 0.0, 1.0],
                [1.0, 1e-06, -0.0, 0.0, -1e-06, 0.94122, -0.337793, 0.35, -0.0, 0.337793, 0.94122, 0.0, 0.0, 0.0, 0.0, 1.0],
                [0.965926, -0.044367, 0.254988, 0.0, -0.006698, 0.980582, 0.195993, 0.35, -0.258732, -0.191023, 0.946873, 0.0, 0.0, 0.0, 0.0, 1.0]
            ]
        },
        {
            "name": "Shoulder_R",
            "time": [0.0, 0.15, 0.25, 0.4, 0.5, 0.8],
            "transform": [
                [0.371387, 0.88775, 0.271978, -0.0, -0.102318, -0.252013, 0.9623, 0.35, 0.922824, -0.385214, -0.002762, -0.0, 0.0, 0.0, 0.0, 1.0],
                [-0.228067, 0.94806, 0.22174, 0.0, 0.056379, -0.214501, 0.975095, 0.35, 0.972012, 0.234888, -0.00453, -0.0, 0.0, 0.0, 0.0, 1.0],
                [-0.20975, 0.952494, 0.220818, 0.0, 0.051754, -0.21471, 0.975306, 0.35, 0.976385, 0.215999, -0.004259, -0.0, 0.0, 0.0, 0.0, 1.0],
                [-0.145024, 0.965197, 0.217631, 0.0, 0.035548, -0.214731, 0.976026, 0.35, 0.98879, 0.149283, -0.00317, -0.0, 0.0, 0.0, 0.0, 1.0],
                [-0.145024, 0.965197, 0.217631, 0.0, 0.035548, -0.214731, 0.976026, 0.35, 0.98879, 0.149283, -0.00317, 0.0, 0.0, 0.0, 0.0, 1.0],
                [-0.061428, 0.964215, 0.257906, 0.0, -0.003025, -0.258573, 0.965987, 0.35, 0.998107, 0.058558, 0.018801, 0.0, 0.0, 0.0, 0.0, 1.0]
            ]
        },
        {
            "name": "Arm_R",
            "time": [0.0, 0.1, 0.15, 0.25, 0.4, 0.5, 0.8],
            "transform": [
                [0.183274, -0.876832, 0.444494, -0.0, -0.891284, -0.338972, -0.301183, 0.388213, 0.414758, -0.34097, -0.843632, -0.0, 0.0, 0.0, 0.0, 1.0],
                [0.156426, -0.947412, -0.279179, 0.0, -0.808297, 0.039647, -0.587439, 0.388213, 0.567615, 0.31755, -0.759588, 0.0, 0.0, 0.0, 0.0, 1.0],
                [0.296346, 0.167119, -0.940346, 0.0, -0.719966, 0.686025, -0.104973, 0.388213, 0.627559, 0.708125, 0.32362, 0.0, 0.0, 0.0, 0.0, 1.0],
                [0.305006, 0.422698, -0.853403, 0.0, -0.662466, 0.737945, 0.128746, 0.388213, 0.684186, 0.526082, 0.505101, 0.0, 0.0, 0.0, 0.0, 1.0],
                [0.490273, 0.870569, -0.041747, 0.0, -0.455348, 0.296689, 0.839425, 0.388213, 0.743163, -0.392538, 0.54187, -0.0, 0.0, 0.0, 0.0, 1.0],
                [0.829509, 0.45682, -0.321295, 0.0, 0.176045, 0.332088, 0.926674, 0.388213, 0.530021, -0.825247, 0.195049, 0.0, 0.0, 0.0, 0.0, 1.0],
                [0.342525, 0.238234, -0.908802, 0.0, 0.760879, 0.497097, 0.417083, 0.388213, 0.551126, -0.834349, -0.010999, 0.0, 0.0, 0.0, 0.0, 1.0]
            ]
        },
        {
            "name": "Hand_R",
            "time": [0.0, 0.15, 0.25, 0.4, 0.5, 0.8],
            "transform": [
                [0.999999, 0.0, 0.0, 0.0, -0.0, 0.972744, -0.231883, 0.329779, -0.0, 0.231883, 0.972743, 0.0, 0.0, 0.0, 0.0, 1.0],
                [0.999999, 0.0, 0.0, 0.0, -0.0, 0.971437, -0.237297, 0.329779, -0.0, 0.237297, 0.971437, 0.0, 0.0, 0.0, 0.0, 1.0],
                [0.999999, 0.0, 0.0, 0.0, -0.0, 0.982679, -0.185319, 0.329779, -0.0, 0.185319, 0.982678, -0.0, 0.0, 0.0, 0.0, 1.0],
                [1.0, 0.0, 0.0, -0.0, -0.0, 1.0, -0.0, 0.329779, -0.0, 0.0, 1.0, -0.0, 0.0, 0.0, 0.0, 1.0],
                [0.999999, 0.0, 0.0, 0.0, -0.0, 1.0, -0.0, 0.329779, -0.0, 0.0, 1.0, -0.0, 0.0, 0.0, 0.0, 1.0],
                [0.999313, -0.036095, -0.008341, 0.0, 0.033996, 0.982953, -0.180685, 0.329779, 0.01472, 0.180277, 0.983505, 0.0, 0.0, 0.0, 0.0, 1.0]
            ]
        },
        {
            "name": "Tool_R",
            "time": [0.0, 0.05, 0.15, 0.25, 0.4, 0.5, 0.8],
            "transform": [
                [1.0, -0.0, 0.0, -0.02, -0.0, -0.716646, -0.697437, 0.291425, 0.0, 0.697437, -0.716646, 0.0, 0.0, 0.0, 0.0, 1.0],
                [1.0, -0.0, 0.0, -0.02, -0.0, -0.984432, -0.17577, 0.291425, 0.0, 0.17577, -0.984431, -0.0, 0.0, 0.0, 0.0, 1.0],
                [1.0, -0.0, 0.0, -0.02, -0.0, -0.819152, -0.573576, 0.291425, 0.0, 0.573576, -0.819152, -0.0, 0.0, 0.0, 0.0, 1.0],
                [1.0, -0.0, 0.0, -0.02, 0.0, -0.88882, -0.458258, 0.291425, 0.0, 0.458258, -0.888819, 0.0, 0.0, 0.0, 0.0, 1.0],
                [1.0, -0.0, 0.0, -0.02, -0.0, -1.0, 0.0, 0.291425, 0.0, -0.0, -1.0, -0.0, 0.0, 0.0, 0.0, 1.0],
                [1.0, 0.0, 0.0, -0.02, -0.0, -1.0, 0.0, 0.291425, 0.0, 0.0, -1.0, 0.0, 0.0, 0.0, 0.0, 1.0],
                [1.0, -0.0, 0.0, -0.02, 0.0, -0.766044, -0.642788, 0.291425, 0.0, 0.642788, -0.766044, -0.0, 0.0, 0.0, 0.0, 1.0]
            ]
        },
        {
            "name": "Elbow_R",
            "time": [0.0, 0.15, 0.25, 0.4, 0.5, 0.8],
            "transform": [
                [-1.0, 0.0, -1e-06, 0.0, 0.0, 0.11674, -0.993163, 0.329779, -0.0, -0.993162, -0.11674, 0.0, 0.0, 0.0, 0.0, 1.0],
                [-0.999999, 0.0, -0.0, 0.0, 1e-06, 0.119505, -0.992834, 0.329779, 0.0, -0.992833, -0.119505, 0.0, 0.0, 0.0, 0.0, 1.0],
                [-0.999999, 0.0, -0.0, 0.0, 0.0, 0.093064, -0.99566, 0.329779, -0.0, -0.995659, -0.093064, -0.0, 0.0, 0.0, 0.0, 1.0],
                [-1.0, 0.0, -0.0, -0.0, 1e-06, 0.0, -1.0, 0.329779, -0.0, -1.0, -0.0, -0.0, 0.0, 0.0, 0.0, 1.0],
                [-1.0, -0.0, -1e-06, 0.0, 0.0, 0.0, -1.0, 0.329779, -0.0, -1.0, -0.0, -0.0, 0.0, 0.0, 0.0, 1.0],
                [-1.0, 0.0, -0.0, -0.0, 0.0, 0.09052, -0.995895, 0.329779, -0.0, -0.995894, -0.09052, -0.0, 0.0, 0.0, 0.0, 1.0]
            ]
        },
        {
            "name": "Shoulder_L",
            "time": [0.0, 0.15, 0.25, 0.4, 0.5, 0.8],
            "transform": [
                [0.229376, -0.88628, -0.40236, -0.0, 0.080898, -0.394593, 0.915288, 0.35, -0.96997, -0.242495, -0.018812, -0.0, 0.0, 0.0, 0.0, 1.0],
                [-0.204336, -0.960054, -0.191163, 0.0, -0.047114, -0.185412, 0.981531, 0.35, -0.977766, 0.209569, -0.007346, -0.0, 0.0, 0.0, 0.0, 1.0],
                [-0.199197, -0.961745, -0.188065, 0.0, -0.045599, -0.182606, 0.982128, 0.35, -0.978898, 0.204213, -0.00748, -0.0, 0.0, 0.0, 0.0, 1.0],
                [-0.181128, -0.967364, -0.1772, 0.0, -0.040415, -0.172707, 0.984144, 0.35, -0.982629, 0.185417, -0.007814, -0.0, 0.0, 0.0, 0.0, 1.0],
                [-0.181128, -0.967364, -0.1772, 0.0, -0.040415, -0.172707, 0.984144, 0.35, -0.982629, 0.185417, -0.007814, 0.0, 0.0, 0.0, 0.0, 1.0],
                [-0.068479, -0.963784, -0.257743, 0.0, 0.00337, -0.258572, 0.965986, 0.35, -0.997647, 0.065281, 0.020955, 0.0, 0.0, 0.0, 0.0, 1.0]
            ]
        },
        {
            "name": "Arm_L",
            "time": [0.0, 0.15, 0.25, 0.4, 0.5, 0.8],
            "transform": [
                [0.40905, 0.784536, -0.466028, 0.0, 0.821063, -0.539279, -0.187172, 0.388212, -0.398162, -0.306075, -0.864746, 0.0, 0.0, 0.0, 0.0, 1.0],
                [-0.14623, -0.297179, 0.943558, -0.0, 0.682825, 0.659833, 0.31364, 0.388212, -0.715797, 0.69015, 0.106434, -0.0, 0.0, 0.0, 0.0, 1.0],
                [-0.035744, -0.542551, 0.839263, -0.0, 0.604883, 0.656752, 0.450326, 0.388212, -0.795512, 0.523753, 0.304704, -0.0, 0.0, 0.0, 0.0, 1.0],
                [0.490276, -0.870567, 0.041746, -0.0, 0.455348, 0.29669, 0.839424, 0.388212, -0.743161, -0.392541, 0.541871, -0.0, 0.0, 0.0, 0.0, 1.0],
                [0.827979, -0.536331, 0.16371, 0.0, 0.010179, 0.30627, 0.95189, 0.388212, -0.560668, -0.786478, 0.259044, -0.0, 0.0, 0.0, 0.0, 1.0],
                [0.128836, 0.017927, 0.991504, 0.0, -0.848937, 0.518767, 0.100931, 0.388212, -0.51255, -0.854728, 0.082055, 0.0, 0.0, 0.0, 0.0, 1.0]
            ]
        },
        {
            "name": "Hand_L",
            "time": [0.0, 0.15, 0.25, 0.4, 0.5, 0.8],
            "transform": [
                [1.0, 1e-06, 0.0, 0.0, -0.0, 0.970157, -0.242477, 0.329779, -1e-06, 0.242477, 0.970157, -0.0, 0.0, 0.0, 0.0, 1.0],
                [1.0, 0.0, 0.0, 0.0, -0.0, 0.971906, -0.235366, 0.329779, -1e-06, 0.235366, 0.971906, -0.0, 0.0, 0.0, 0.0, 1.0],
                [1.0, 0.0, 0.0, 0.0, -0.0, 0.982963, -0.183799, 0.329779, -1e-06, 0.183799, 0.982963, -0.0, 0.0, 0.0, 0.0, 1.0],
                [1.0, 0.0, 0.0, -0.0, -0.0, 1.0, 1e-06, 0.329779, -0.0, -1e-06, 1.0, -0.0, 0.0, 0.0, 0.0, 1.0],
                [0.999999, 0.0, 1e-06, -0.0, -0.0, 1.0, 1e-06, 0.329779, -1e-06, -1e-06, 1.0, 0.0, 0.0, 0.0, 0.0, 1.0],
                [0.998906, 0.039707, 0.024679, 0.0, -0.035722, 0.988784, -0.145015, 0.329779, -0.03016, 0.143974, 0.989122, -0.0, 0.0, 0.0, 0.0, 1.0]
            ]
        },
        {
            "name": "Tool_L",
            "time": [0.0, 0.05, 0.15, 0.25, 0.4, 0.5, 0.8],
            "transform": [
                [0.980418, 0.005803, -0.196842, 0.02, -0.165721, -0.515655, -0.840617, 0.291426, -0.10638, 0.856776, -0.504596, 0.0, 0.0, 0.0, 0.0, 1.0],
                [0.9939, -0.074565, -0.081253, 0.02, -0.088158, -0.979863, -0.179157, 0.291426, -0.066258, 0.185227, -0.98046, -0.0, 0.0, 0.0, 0.0, 1.0],
                [1.0, -0.0, 0.0, 0.02, 0.0, -0.766044, -0.642788, 0.291426, 0.0, 0.642788, -0.766045, -0.0, 0.0, 0.0, 0.0, 1.0],
                [0.999998, -8.6e-05, 0.001841, 0.02, 0.001068, -0.78703, -0.616914, 0.291426, 0.001502, 0.616915, -0.787029, -0.0, 0.0, 0.0, 0.0, 1.0],
                [0.999966, 9.8e-05, 0.008289, 0.02, 0.004403, -0.853489, -0.521092, 0.291426, 0.007024, 0.521111, -0.85346, -0.0, 0.0, 0.0, 0.0, 1.0],
                [0.999966, 9.8e-05, 0.008289, 0.02, 0.004403, -0.853489, -0.521092, 0.291426, 0.007024, 0.521111, -0.85346, -0.0, 0.0, 0.0, 0.0, 1.0],
                [1.0, -0.0, 0.0, 0.02, -0.0, -0.984808, -0.173648, 0.291426, 0.0, 0.173648, -0.984808, -0.0, 0.0, 0.0, 0.0, 1.0]
            ]
        },
        {
            "name": "Elbow_L",
            "time": [0.0, 0.15, 0.25, 0.4, 0.5, 0.8],
            "transform": [
                [-1.0, -0.0, -0.0, 0.0, 0.0, 0.122153, -0.992512, 0.329779, 0.0, -0.992511, -0.122153, -0.0, 0.0, 0.0, 0.0, 1.0],
                [-1.0, -0.0, -1e-06, -0.0, 0.0, 0.118518, -0.992951, 0.329779, 0.0, -0.992951, -0.118518, -0.0, 0.0, 0.0, 0.0, 1.0],
                [-1.0, -0.0, -1e-06, 0.0, 0.0, 0.092293, -0.995732, 0.329779, 0.0, -0.995732, -0.092293, -0.0, 0.0, 0.0, 0.0, 1.0],
                [-1.0, -0.0, -0.0, -0.0, 0.0, -0.0, -1.0, 0.329779, 0.0, -1.0, 1e-06, -0.0, 0.0, 0.0, 0.0, 1.0],
                [-1.0, -0.0, -0.0, 0.0, 0.0, -0.0, -1.0, 0.329779, 0.0, -1.0, 0.0, 0.0, 0.0, 0.0, 0.0, 1.0],
                [-1.0, -0.0, -0.0, 0.0, 0.0, 0.072208, -0.99739, 0.329779, 0.0, -0.997389, -0.072208, -0.0, 0.0, 0.0, 0.0, 1.0]
            ]
        }
    ]
}